data,tags
 eppmanifest.dll acppage.dll msi.dll sfc.dll,normal
 ntdll.dll kernel32.dll kernelbase.dll advapi32.dll msvcrt.dll,normal
 kernel32.dll KernelBase.dll gdi32.dll user32.dll lpk.dll msvcrt.dll msctf.dll ole32.dll rpcrt4.dll clbcatq.dll advapi32.dll ntdll.dll wow64cpu.dll kernel32.dll kernel32.dll kernel32.dll user32.dll KernelBase.dll msvcrt.dll winbrand.dll gdi32.dll lpk.dll rpcrt4.dll imm32.dll msctf.dll apphelp.dll,normal
 ntdll.dll kernelbase.dll oleaut32.dll ucrtbase.dll combase.dll advapi32.dll sechost.dll tquery.dll cryptdll.dll imm32.dll win32u.dll gdi32.dll gdi32full.dll clbcatq.dll,normal
 ntdll.dll wow64win.dll kernel32.dll kernel32.dll user32.dll KernelBase.dll msvcrt.dll winbrand.dll user32.dll lpk.dll advapi32.dll sechost.dll rpcrt4.dll imm32.dll apphelp.dll,normal
 mscoree.dll mscoreei.dll msvcr120_clr0400.dll msvcr120_clr0400.dll mscoree.dll version.dll clr.dll clbcatq.dll ntdll.dll kernel32.dll kernel32.dll KernelBase.dll msvcrt.dll advapi32.dll advapi32.dll sechost.dll sechost.dll rpcrt4.dll shlwapi.dll gdi32.dll gdi32.dll user32.dll lpk.dll usp10.dll ole32.dll oleaut32.dll imm32.dll sspicli.dll cryptbase.dll fusion.dll fusion.dll ntdll.dll KernelBase.dll msvcr120_clr0400.dll mscoree.dll ole32.dll gdi32.dll user32.dll lpk.dll usp10.dll imm32.dll msctf.dll cryptbase.dll RpcRtRemote.dll clbcatq.dll clr.dll mscorlib.ni.dll version.dll mscorlib.dll mscorlib.dll System.Configuration.Install.ni.dll System.Core.ni.dll bcryptprimitives.dll Microsoft.PowerShell.ConsoleHost.ni.dll,normal
 ntdll.dll advapi32.dll msvcrt.dll sechost.dll gdi32.dll user32.dll ole32.dll msimg32.dll wmsgapi.dll winmm.dll winsta.dll crypt32.dll imm32.dll msutb.dll comctl32.dll sspicli.dll uxtheme.dll shlwapi.dll dwmapi.dll wintrust.dll rsaenh.dll imagehlp.dll bcrypt.dll bcryptprimitives.dll oleaut32.dll credui.dll urlmon.dll authui.dll cryptui.dll GdiPlus.dll api-ms-win-downlevel-ole32-l1-1-0.dll duser.dll xmllite.dll api-ms-win-downlevel-shlwapi-l1-1-0.dll api-ms-win-downlevel-advapi32-l1-1-0.dll api-ms-win-downlevel-user32-l1-1-0.dll api-ms-win-downlevel-normaliz-l1-1-0.dllnormaliz.dll iertutil.dll propsys.dll msswch.dll,normal
 ntdll.dll kernelbase.dll gdi32.dll usp10.dll imm32.dll ole32.dll rpcrt4.dll cryptbase.dll clbcatq.dll advapi32.dll ntdll.dll wow64.dll wow64cpu.dll kernel32.dll kernel32.dll kernel32.dll user32.dll kernelbase.dll sechost.dll sspicli.dll dnsapi.dll ws2_32.dll nsi.dll dhcpcsvc.dll shell32.dll shlwapi.dll user32.dll ole32.dll imm32.dll msctf.dll clbcatq.dll oleaut32.dll rsaenh.dll ntdll.dll wow64.dll kernel32.dll kernel32.dll kernel32.dll kernel32.dll oleaut32.dll ole32.dll gdi32.dll user32.dll advapi32.dll sechost.dll sspicli.dll usp10.dll imm32.dll msctf.dll clbcatq.dll advapi32.dll wintrust.dll crypt32.dll msasn1.dll rsaenh.dll msisip.dll comctl32.dll scrobj.dll msi.dll scrrun.dll ntdll.dll ntdll.dll wow64.dll kernel32.dll user32.dll kernelbase.dll msvcrt.dll dnsapi.dll ws2_32.dll nsi.dll dhcpcsvc6.dll shell32.dll shlwapi.dll gdi32.dll user32.dll lpk.dll usp10.dll msctf.dll clbcatq.dll rsaenh.dll rpcrtremote.dll wevtapi.dll user32.dll lpk.dll usp10.dll msvcrt.dll imm32.dll oleaut32.dll cryptbase.dll advapi32.dll sechost.dll ntdll.dll kernel32.dll kernelbase.dll gdi32.dll usp10.dll msctf.dll rpcrt4.dll ntdll.dll kernel32.dll msvcrt.dll rpcrt4.dll gdi32.dll user32.dll lpk.dll usp10.dll msswch.dll winmm.dll dwmapi.dll ole32.dll wmsgapi.dll msctf.dll dui70.dll clbcatq.dll tabskb.dll cryptsp.dll rsaenh.dll cfgmgr32.dll windowscodecs.dll mmdevapi.dll propsys.dll shell32.dll version.dll ntdll.dll ntdll.dll wow64.dll wow64win.dll wow64cpu.dll kernel32.dll advapi32.dll sechost.dll sspicli.dll dnsapi.dll ws2_32.dll nsi.dll dhcpcsvc.dll dhcpcsvc6.dll shell32.dll shlwapi.dll gdi32.dll user32.dll lpk.dll usp10.dll ole32.dll msctf.dll cryptsp.dll rsaenh.dll wevtapi.dll ntdll.dll kernel32.dll lpk.dll msctf.dll ole32.dll oleaut32.dll advapi32.dll sechost.dll kernelbase.dll advapi32.dll rpcrt4.dll ole32.dll gdi32.dll user32.dll lpk.dll usp10.dll wdscore.dll oleaut32.dll shell32.dll shlwapi.dll cryptbase.dll cbscore.dll msasn1.dll userenv.dll profapi.dll ktmw32.dll dpx.dll dpx.dll wcp.dll drupdate.dll cfgmgr32.dll mpr.dll wrpint.dll sqmapi.dll winhttp.dll cryptsp.dll rsaenh.dll clbcatq.dll cbsapi.dll smiengine.dll,normal
 ntdll.dll wow64.dll wow64win.dll wow64cpu.dll kernel32.dll KernelBase.dll advapi32.dll sechost.dll rpcrt4.dll sspicli.dll cryptbase.dll msvcr120_clr0400.dll lpk.dll usp10.dll oleaut32.dll imm32.dll msctf.dll cryptsp.dll rsaenh.dll RpcRtRemote.dll mscorwks.dll msvcr80.dll shlwapi.dll shell32.dll profapi.dll version.dll mscorlib.dll Microsoft.VisualStudio.Tools.Office.Excel.AddInProxy.v9.0.dll mscorsec.dll crypt32.dll msasn1.dll comctl32.dll imagehlp.dll bcryptprimitives.dll userenv.dll Wldap32.dll System.AddIn.ni.dll Microsoft.VisualStudio.Tools.Office.AddInAdapter.v9.0.ni.dll Microsoft.VisualStudio.Tools.Office.AddInAdapter.v9.0.dll Microsoft.VisualStudio.Tools.Office.AddInAdapter.v9.0.dll System.AddIn.dll System.AddIn.dll System.AddIn.dll System.dll System.dll Microsoft.VisualStudio.Tools.Office.Contract.v9.0.ni.dll Microsoft.VisualStudio.Tools.Office.Contract.v9.0.dll Microsoft.VisualStudio.Tools.Office.Contract.v9.0.dll Microsoft.Office.Interop.Excel.dll Microsoft.Office.Interop.Excel.dll Microsoft.Office.Tools.v9.0.dll Microsoft.Office.Tools.v9.0.dll System.Core.ni.dll Microsoft.VisualStudio.Tools.Applications.Adapter.v9.0.dll Microsoft.VisualStudio.Tools.Applications.Adapter.v9.0.dll Microsoft.VisualStudio.Tools.Applications.Adapter.v9.0.dll System.AddIn.Contract.ni.dll System.AddIn.Contract.dll System.AddIn.Contract.dll System.AddIn.Contract.dll Microsoft.VisualStudio.Tools.Applications.Runtime.v9.0.ni.dll Microsoft.VisualStudio.Tools.Applications.AddInAdapter.v9.0.dll Microsoft.VisualStudio.Tools.Applications.AddInAdapter.v9.0.dll Microsoft.VisualStudio.Tools.Applications.Contract.v9.0.ni.dll Microsoft.VisualStudio.Tools.Applications.Contract.v9.0.dll Microsoft.VisualStudio.Tools.Applications.Contract.v9.0.dll System.Runtime.Remoting.dll System.Configuration.ni.dll System.configuration.dll System.configuration.dll System.Xml.ni.dll System.XML.dll System.XML.dll System.Security.dll System.Security.dll ntdll.dll ntdll.dll wow64.dll wow64win.dll wow64cpu.dll kernel32.dll KernelBase.dll advapi32.dll sechost.dll rpcrt4.dll sspicli.dll mscoree.dll gdi32.dll msctf.dll cryptsp.dll rsaenh.dll RpcRtRemote.dll sxs.dll clr.dll shlwapi.dll mscorlib.ni.dll clrjit.dll System.Core.ni.dll version.dll System.ServiceModel.Activation.dll System.ServiceModel.Activation.dll mscorlib.dll mscorlib.dll System.dll System.Core.dll System.Core.dll System.ServiceModel.ni.dll System.ServiceModel.Internals.ni.dll System.ServiceModel.Internals.dll System.Web.dll System.ServiceModel.Activities.ni.dll System.ServiceModel.Activities.dll System.ServiceModel.Activities.dll System.Activities.ni.dll System.Activities.dll System.Activities.dll System.Xaml.dll System.Xaml.dll System.Xml.Linq.ni.dll System.Xml.Linq.dll System.Xml.Linq.dll System.Xml.dll System.Xml.dll System.Configuration.ni.dll System.Configuration.dll System.Transactions.ni.dll System.Transactions.dll System.Transactions.dll System.Transactions.dll System.Net.Http.dll SMDiagnostics.ni.dll SMDiagnostics.dll System.Web.RegularExpressions.ni.dll System.Runtime.DurableInstancing.ni.dll System.Runtime.DurableInstancing.dll System.Numerics.ni.dll System.Numerics.dll System.Security.dll,normal
 kernel32.dll KernelBase.dll lpk.dll usp10.dll imm32.dll ole32.dll rpcrt4.dll oleaut32.dll cryptbase.dll ntdll.dll ntdll.dll wow64.dll wow64win.dll kernel32.dll kernel32.dll KernelBase.dll winbrand.dll user32.dll gdi32.dll lpk.dll usp10.dll sechost.dll rpcrt4.dll cryptbase.dll imm32.dll msctf.dll,normal
 kernel32.dll KernelBase.dll gdi32.dll user32.dll lpk.dll usp10.dll msvcrt.dll imm32.dll ole32.dll ntdll.dll wow64.dll wow64cpu.dll kernel32.dll kernel32.dll user32.dll advapi32.dll msvcrt.dll sechost.dll rpcrt4.dll sspicli.dll dnsapi.dll ws2_32.dll nsi.dll winnsi.dll shell32.dll user32.dll usp10.dll ole32.dll msctf.dll cryptsp.dll RpcRtRemote.dll ntdll.dll kernel32.dll KernelBase.dll user32.dll lpk.dll usp10.dll msvcrt.dll imm32.dll ole32.dll oleaut32.dll ntdll.dll wow64.dll wow64cpu.dll user32.dll kernel32.dll msvcrt.dll dnsapi.dll dhcpcsvc.dll dhcpcsvc6.dll shell32.dll gdi32.dll user32.dll lpk.dll usp10.dll ole32.dll imm32.dll clbcatq.dll oleaut32.dll cryptsp.dll rsaenh.dll RpcRtRemote.dll wevtapi.dll wow64win.dll wow64cpu.dll kernel32.dll kernel32.dll KernelBase.dll advapi32.dll sechost.dll rpcrt4.dll sspicli.dll dnsapi.dll ws2_32.dll nsi.dll winnsi.dll dhcpcsvc6.dll shlwapi.dll gdi32.dll user32.dll lpk.dll usp10.dll ole32.dll clbcatq.dll oleaut32.dll rsaenh.dll RpcRtRemote.dll wow64cpu.dll kernel32.dll kernel32.dll msvcrt.dll winbrand.dll lpk.dll advapi32.dll rpcrt4.dll sspicli.dll imm32.dll msctf.dll apphelp.dll,normal
 ntdll.dll ntdll.dll,normal
 ntdll.dll kernel32.dll advapi32.dll msvcrt.dll lpk.dll msimg32.dll winmm.dll userenv.dll profapi.dll winsta.dll msasn1.dll MsCtfMonitor.dll msutb.dll comctl32.dll shell32.dll cryptbase.dll uxtheme.dll wintrust.dll cryptsp.dll rsaenh.dll imagehlp.dll bcrypt.dll bcryptprimitives.dll ncrypt.dll Wldap32.dll version.dll oleaut32.dll urlmon.dll api-ms-win-downlevel-ole32-l1-1-0.dll api-ms-win-downlevel-shlwapi-l1-1-0.dll api-ms-win-downlevel-user32-l1-1-0.dll api-ms-win-downlevel-normaliz-l1-1-0.dllnormaliz.dll wininet.dll,normal
 ntdll.dll ntdll.dll wow64.dll wow64win.dll wow64cpu.dll kernel32.dll kernel32.dll kernel32.dll user32.dll winbrand.dll gdi32.dll sechost.dll rpcrt4.dll msctf.dll apphelp.dll,normal
 ntdll.dll kernel32.dll kernelbase.dll gdi32.dll user32.dll usp10.dll msvcrt.dll ole32.dll rpcrt4.dll cryptbase.dll advapi32.dll sechost.dll advapi32.dll msvcrt.dll sechost.dll rpcrt4.dll gdi32.dll ole32.dll msimg32.dll wmsgapi.dll userenv.dll profapi.dll winsta.dll crypt32.dll msasn1.dll imm32.dll msutb.dll shlwapi.dll shell32.dll cryptbase.dll rsaenh.dll imagehlp.dll bcryptprimitives.dll ncrypt.dll cryptnet.dll sensapi.dll version.dll oleaut32.dll urlmon.dll api-ms-win-downlevel-advapi32-l1-1-0.dll api-ms-win-downlevel-user32-l1-1-0.dll api-ms-win-downlevel-normaliz-l1-1-0.dll normaliz.dll iertutil.dll,normal
 ntdll.dll KernelBase.dll gdi32.dll user32.dll lpk.dll usp10.dll ole32.dll clbcatq.dll wow64win.dll kernel32.dll user32.dll advapi32.dll msvcrt.dll sechost.dll sspicli.dll cryptbase.dll ws2_32.dll nsi.dll dhcpcsvc.dll dhcpcsvc6.dll shell32.dll shlwapi.dll gdi32.dll lpk.dll ole32.dll msctf.dll clbcatq.dll cryptsp.dll rsaenh.dll KernelBase.dll user32.dll imm32.dll msctf.dll ole32.dll rpcrt4.dll oleaut32.dll clbcatq.dll advapi32.dll sechost.dll ntdll.dll kernel32.dll KernelBase.dll user32.dll lpk.dll imm32.dll msctf.dll ole32.dll rpcrt4.dll oleaut32.dll KernelBase.dll lpk.dll usp10.dll imm32.dll msctf.dll ole32.dll rpcrt4.dll ntdll.dll ntdll.dll wow64.dll wow64cpu.dll kernel32.dll kernel32.dll KernelBase.dll winbrand.dll user32.dll gdi32.dll lpk.dll usp10.dll advapi32.dll sechost.dll rpcrt4.dll cryptbase.dll msctf.dll apphelp.dll,normal
 ntdll.dll kernel32.dll kernelbase.dll msvcrt.dll user32.dll gdi32.dll ole32.dll comctl32.dll advapi32.dll sechost.dll version.dll setupapi.dll cfgmgr32.dll imm32.dll msctf.dll userenv.dll dwmapi.dll cryptbase.dll winsta.dll msftedit.dll netapi32.dll netutils.dll netid.dll ws2_32.dll nsi.dll netjoin.dll crypt32.dll msasn1.dll wldap32.dll winbrand.dll srrstr.dll spp.dll vsstrace.dll srclient.dll slc.dll powrprof.dll imageres.dll samcli.dll,normal
 ntdll.dll wow64win.dll kernel32.dll kernel32.dll user32.dll advapi32.dll sechost.dll rpcrt4.dll sspicli.dll dnsapi.dll ws2_32.dll nsi.dll winnsi.dll dhcpcsvc.dll dhcpcsvc6.dll shell32.dll user32.dll lpk.dll usp10.dll msctf.dll oleaut32.dll rsaenh.dll wevtapi.dll ntdll.dll wow64cpu.dll kernel32.dll kernel32.dll kernel32.dll user32.dll KernelBase.dll user32.dll lpk.dll usp10.dll advapi32.dll sechost.dll sspicli.dll cryptbase.dll msctf.dll,normal
 ntdll.dll kernel32.dll kernelbase.dll advapi32.dll rpcrt4.dll lpk.dll msctf.dll oleaut32.dll shell32.dll wdscore.dll shlwapi.dll cbscore.dll version.dll crypt32.dll msasn1.dll wintrust.dll profapi.dll dpx.dll dpx.dll dpx.dll wcp.dll ktmw32.dll mpr.dll srclient.dll atl.dll wrpint.dll sxsstore.dll spp.dll webio.dll sensapi.dll cryptsp.dll rsaenh.dll vsstrace.dll sqmapi.dll smipi.dll smiengine.dll kernel32.dll kernelbase.dll lpk.dll usp10.dll imm32.dll msctf.dll rpcrt4.dll cryptbase.dll clbcatq.dll advapi32.dll sechost.dll ntdll.dll kernel32.dll kernelbase.dll advapi32.dll sechost.dll gdi32.dll user32.dll lpk.dll usp10.dll imm32.dll msctf.dll cryptbase.dll cryptsp.dll rsaenh.dll mscoreei.dll clr.dll shlwapi.dll mscorlib.ni.dll mscorlib.dll mscorlib.dll system.xml.ni.dll system.core.ni.dll kernel32.dll sechost.dll rpcrt4.dll msvcr120_clr0400.dll ole32.dll gdi32.dll lpk.dll usp10.dll oleaut32.dll imm32.dll msctf.dll cryptbase.dll cryptsp.dll rsaenh.dll rpcrtremote.dll sxs.dll mscoreei.dll mscorlib.ni.dll clrjit.dll mscorlib.dll system.xml.ni.dll system.web.ni.dll system.web.dll system.web.dll system.configuration.ni.dll system.design.ni.dll system.directoryservices.ni.dll system.data.dll system.data.dll ntdll.dll wow64win.dll wow64cpu.dll kernel32.dll user32.dll kernel32.dll kernelbase.dll advapi32.dll sechost.dll rpcrt4.dll mscoree.dll ole32.dll gdi32.dll oleaut32.dll rsaenh.dll sxs.dll mscoreei.dll mscorwks.dll shlwapi.dll mscorlib.ni.dll mscorjit.dll mscorlib.dll mscorlib.dll version.dll mscorlib.dll microsoft.visualstudio.tools.office.appinfodocument.v9.0.dll microsoft.visualstudio.tools.office.appinfodocument.v9.0.dll mscorsec.dll wintrust.dll crypt32.dll msasn1.dll userenv.dll gpapi.dll cryptnet.dll wldap32.dll sensapi.dll microsoft.visualstudio.tools.office.appinfodocument.v9.0.dll system.addin.ni.dll microsoft.visualstudio.tools.applications.runtime.v9.0.ni.dll microsoft.visualstudio.tools.applications.runtime.v9.0.dll microsoft.visualstudio.tools.applications.runtime.v9.0.dll microsoft.visualstudio.tools.applications.runtime.v9.0.dll system.ni.dll system.dll system.dll system.dll windowsbase.ni.dll windowsbase.dll windowsbase.dll windowsbase.dll system.xml.ni.dll system.xml.dll system.xml.dll system.xml.dll system.addin.ni.dll system.addin.dll system.addin.dll system.addin.dll system.addin.dll microsoft.visualstudio.tools.office.appinfodocument.v9.0.dll microsoft.visualstudio.tools.office.appinfodocument.v9.0.ni.dll microsoft.visualstudio.tools.office.appinfodocument.v9.0.ni.dll ntdll.dll ntdll.dll wow64win.dll wow64cpu.dll kernel32.dll user32.dll kernelbase.dll advapi32.dll msvcrt.dll sechost.dll rpcrt4.dll mscoree.dll gdi32.dll user32.dll imm32.dll msctf.dll rsaenh.dll clbcatq.dll mscorwks.dll shlwapi.dll profapi.dll mscorlib.ni.dll mscorjit.dll mscorlib.dll version.dll mscorlib.dll microsoft.windows.diagnosis.commands.updatediagreport.ni.dll microsoft.windows.diagnosis.commands.updatediagreport.dll system.dll system.dll system.management.automation.ni.dll system.management.automation.dll microsoft.windows.diagnosis.sdhost.dll system.xml.dll system.xml.dll system.xml.dll system.xml.dll system.configuration.install.ni.dll system.transactions.ni.dll system.transactions.dll system.transactions.dll system.transactions.dll system.transactions.dll system.management.dll system.directoryservices.dll system.directoryservices.dll system.directoryservices.dll crypt32.dll msasn1.dll system.configuration.ni.dll system.configuration.dll system.configuration.dll system.configuration.dll system.security.dll system.security.dll system.data.sqlxml.ni.dll system.data.sqlxml.dll system.data.sqlxml.dll system.runtime.serialization.formatters.soap.ni.dll system.drawing.ni.dll system.windows.forms.dll system.windows.forms.dll system.windows.forms.dll system.drawing.dll system.drawing.dll system.drawing.dll accessibility.ni.dll accessibility.dll accessibility.dll system.deployment.dll system.deployment.dll system.enterpriseservices.dll system.runtime.remoting.ni.dll system.runtime.remoting.dll system.web.ni.dll system.web.dll system.web.dll system.web.services.ni.dll system.web.services.dll system.web.services.dll system.web.services.dll system.directoryservices.protocols.ni.dll system.directoryservices.protocols.dll system.directoryservices.protocols.dll system.directoryservices.protocols.dll system.design.ni.dll system.design.dll system.design.dll system.serviceprocess.ni.dll system.serviceprocess.dll system.serviceprocess.dll system.web.regularexpressions.ni.dll system.web.regularexpressions.dll system.web.regularexpressions.dll system.drawing.design.dll system.data.oracleclient.ni.dll system.data.oracleclient.dll system.data.oracleclient.dll system.data.oracleclient.dll microsoft.jscript.dll microsoft.jscript.dll microsoft.jscript.dll microsoft.jscript.dll microsoft.vsa.dll microsoft.vsa.dll microsoft.vsa.dll microsoft.windows.diagnosis.commands.updatediagrootcause.dll microsoft.windows.diagnosis.commands.getdiaginput.dll microsoft.windows.diagnosis.commands.writediagprogress.ni.dll ntdll.dll ntdll.dll wow64.dll wow64win.dll kernel32.dll kernel32.dll user32.dll kernel32.dll advapi32.dll msvcrt.dll rpcrt4.dll sspicli.dll cryptbase.dll mscoree.dll ole32.dll lpk.dll usp10.dll oleaut32.dll msctf.dll clbcatq.dll sxs.dll shell32.dll profapi.dll mscorlib.ni.dll mscorlib.dll mscorlib.dll version.dll mscorlib.dll system.ni.dll system.web.abstractions.ni.dll system.web.abstractions.dll system.dll system.dll system.web.dll system.web.dll system.web.dll system.configuration.dll system.configuration.dll system.xml.ni.dll system.xml.dll system.xml.dll system.security.dll system.security.dll system.data.sqlxml.ni.dll system.data.sqlxml.dll system.data.sqlxml.dll system.drawing.ni.dll system.drawing.dll system.drawing.dll system.drawing.dll system.data.ni.dll system.data.dll system.data.dll system.data.dll ws2_32.dll msasn1.dll system.web.services.ni.dll system.web.services.dll system.web.services.dll system.web.services.dll system.web.services.dll system.directoryservices.dll system.directoryservices.dll system.directoryservices.dll system.directoryservices.protocols.dll system.directoryservices.protocols.dll system.enterpriseservices.ni.dll system.serviceprocess.ni.dll system.serviceprocess.dll system.serviceprocess.dll system.windows.forms.ni.dll system.windows.forms.dll system.windows.forms.dll system.windows.forms.dll system.windows.forms.dll system.web.regularexpressions.ni.dll system.web.regularexpressions.dll microsoft.visualc.ni.dll system.transactions.dll system.transactions.dll system.transactions.dll system.runtime.remoting.ni.dll system.runtime.remoting.dll system.runtime.serialization.formatters.soap.ni.dll system.runtime.serialization.formatters.soap.dll system.drawing.design.ni.dll system.drawing.design.dll system.data.oracleclient.ni.dll system.data.oracleclient.dll system.data.oracleclient.dll accessibility.ni.dll accessibility.dll system.deployment.ni.dll system.deployment.dll system.deployment.dll system.deployment.dll system.configuration.install.ni.dll,normal
 certcli.dll wscisvif.dll,normal
 wcmapi.dll rmclient.dll twinui.dll wlidres.dll authbroker.dll execmodelproxy.dll windows.security.authentication.onlineid.dll windows.networking.connectivity.dll wwapi.dll wcmapi.dll tokenbroker.dll msasn1.dll idstore.dll,normal
 ntdll.dll kernel32.dll kernelbase.dll advapi32.dll sechost.dll rpcrt4.dll shlwapi.dll gdi32.dll lpk.dll usp10.dll imm32.dll msctf.dll version.dll clr.dll clr.dll clr.dll clr.dll clr.dll mscorlib.ni.dll ole32.dll api-ms-win-core-xstate-l2-1-0.dll clrjit.dll cryptsp.dll system.ni.dll psapi.dll ntmarta.dll wldap32.dll rpcrtremote.dll system.core.ni.dll system.configuration.ni.dll system.xml.ni.dll nlaapi.dll napinsp.dll dnsapi.dll winrnr.dll netutils.dll srvcli.dll winnsi.dll shell32.dll comctl32.dll gdiplus.dll system.runtime.serialization.ni.dll smdiagnostics.ni.dll urlmon.dll api-ms-win-downlevel-ole32-l1-1-0.dll api-ms-win-downlevel-advapi32-l1-1-0.dll api-ms-win-downlevel-user32-l1-1-0.dll api-ms-win-downlevel-normaliz-l1-1-0.dll wininet.dll userenv.dll profapi.dll secur32.dll api-ms-win-downlevel-advapi32-l2-1-0.dll system.servicemodel.internals.ni.dll system.workflowservices.ni.dll system.identitymodel.ni.dll system.transactions.ni.dll system.enterpriseservices.wrapper.dll system.enterpriseservices.wrapper.dll cryptdll.dll system.data.ni.dll clbcatq.dll oleacc.dll winmm.dll system.drawing.ni.dll system.xaml.ni.dll,normal
 ntdll.dll ntdll.dll wow64.dll wow64win.dll kernel32.dll kernel32.dll kernel32.dll user32.dll kernel32.dll kernelbase.dll sechost.dll rpcrt4.dll cryptbase.dll winnsi.dll dhcpcsvc6.dll shlwapi.dll gdi32.dll usp10.dll ole32.dll imm32.dll msctf.dll rsaenh.dll wevtapi.dll cryptsp.dll,normal
 KernelBase.dll rpcrt4.dll gdi32.dll usp10.dll comctl32.dll shell32.dll dui70.dll msctf.dll cryptbase.dll propsys.dll clbcatq.dll profapi.dll crypt32.dll msasn1.dll ntmarta.dll Wldap32.dll version.dll sspicli.dll devobj.dll mpr.dll urlmon.dll iertutil.dll,normal
 ntdll.dll kernel32.dll KernelBase.dll lpk.dll usp10.dll msvcrt.dll imm32.dll msctf.dll ole32.dll rpcrt4.dll uxtheme.dll dwmapi.dll shlwapi.dll msswch.dll,normal
 ntdll.dll kernel32.dll user32.dll msvcrt.dll imm32.dll oleaut32.dll combase.dll msctf.dll kernel.appcore.dll bcryptprimitives.dll clbcatq.dll,normal
 ntdll.dll wow64win.dll wow64cpu.dll kernel32.dll kernel32.dll user32.dll kernel32.dll KernelBase.dll msvcrt.dll sechost.dll rpcrt4.dll sspicli.dll cryptbase.dll dnsapi.dll nsi.dll winnsi.dll dhcpcsvc.dll dhcpcsvc6.dll shell32.dll gdi32.dll user32.dll lpk.dll usp10.dll imm32.dll msctf.dll clbcatq.dll RpcRtRemote.dll kernel32.dll KernelBase.dll gdi32.dll usp10.dll imm32.dll msctf.dll ole32.dll sechost.dll ntdll.dll wow64.dll wow64cpu.dll kernel32.dll kernel32.dll user32.dll kernel32.dll KernelBase.dll msvcrt.dll cryptbase.dll nsi.dll winnsi.dll dhcpcsvc6.dll shlwapi.dll gdi32.dll lpk.dll usp10.dll ole32.dll imm32.dll rsaenh.dll RpcRtRemote.dll ntdll.dll wow64.dll wow64cpu.dll kernel32.dll kernel32.dll user32.dll kernel32.dll winbrand.dll gdi32.dll sechost.dll rpcrt4.dll sspicli.dll imm32.dll msctf.dll apphelp.dll,normal
 kernel32.dll KernelBase.dll msvcrt.dll sechost.dll rpcrt4.dll shlwapi.dll gdi32.dll usp10.dll imm32.dll ole32.dll uxtheme.dll propsys.dll oleaut32.dll clbcatq.dll api-ms-win-downlevel-shlwapi-l1-1-0.dll api-ms-win-downlevel-advapi32-l1-1-0.dll secur32.dll sspicli.dll setupapi.dll api-ms-win-downlevel-ole32-l1-1-0.dll api-ms-win-downlevel-version-l1-1-0.dll version.dll api-ms-win-downlevel-normaliz-l1-1-0.dllnormaliz.dll wininet.dll userenv.dll ntdll.dll ntdll.dll wow64.dll wow64win.dll wow64cpu.dll kernel32.dll user32.dll kernel32.dll KernelBase.dll advapi32.dll sechost.dll cryptbase.dll dnsapi.dll ws2_32.dll nsi.dll winnsi.dll dhcpcsvc6.dll user32.dll ole32.dll imm32.dll msctf.dll clbcatq.dll RpcRtRemote.dll wevtapi.dll ntdll.dll advapi32.dll user32.dll shlwapi.dll msshooks.dll mscoreei.dll cryptsp.dll rsaenh.dll gdi32.dll usp10.dll cryptbase.dll clbcatq.dll vcruntime140.dll api-ms-win-crt-runtime-l1-1-0.dll ucrtbase.dll api-ms-win-core-file-l2-1-0.dll api-ms-win-core-localization-l1-2-0.dll offfiltx.dll api-ms-win-core-synch-l1-2-0.dll api-ms-win-core-processthreads-l1-1-1.dll api-ms-win-core-file-l1-2-0.dll api-ms-win-crt-string-l1-1-0.dll api-ms-win-crt-stdio-l1-1-0.dll api-ms-win-crt-convert-l1-1-0.dll api-ms-win-crt-math-l1-1-0.dll shell32.dll api-ms-win-crt-locale-l1-1-0.dll api-ms-win-crt-multibyte-l1-1-0.dll api-ms-win-crt-filesystem-l1-1-0.dll api-ms-win-crt-environment-l1-1-0.dll api-ms-win-crt-utility-l1-1-0.dll msoshext.dll Query.dll GdiPlus.dll msxml3.dll bcrypt.dll ntdll.dll kernel32.dll advapi32.dll msvcrt.dll sechost.dll rpcrt4.dll msvcr120_clr0400.dll mscoree.dll ole32.dll user32.dll lpk.dll usp10.dll imm32.dll cryptsp.dll rsaenh.dll RpcRtRemote.dll clbcatq.dll mscoreei.dll clr.dll shlwapi.dll mscorlib.ni.dll version.dll mscorlib.dll mscorlib.dll System.Configuration.ni.dll ntdll.dll ntdll.dll wow64win.dll kernel32.dll kernel32.dll kernel32.dll user32.dll kernel32.dll KernelBase.dll msvcrt.dll sechost.dll rpcrt4.dll sspicli.dll msvcr120_clr0400.dll mscoree.dll gdi32.dll lpk.dll cryptsp.dll rsaenh.dll RpcRtRemote.dll clbcatq.dll sxs.dll shlwapi.dll shell32.dll profapi.dll mscorjit.dll mscorlib.dll version.dll mscorlib.dll System.ni.dll System.dll System.dll System.Management.Automation.dll System.Management.Automation.dll Microsoft.Windows.Diagnosis.SDHost.dll System.Configuration.Install.ni.dll System.Transactions.ni.dll System.Transactions.dll System.Transactions.dll System.Transactions.dll System.Transactions.dll System.Transactions.dll System.XML.dll System.XML.dll System.XML.dll System.Management.ni.dll System.Management.dll System.DirectoryServices.ni.dll System.DirectoryServices.dll System.DirectoryServices.dll System.Data.ni.dll System.Data.dll nsi.dll crypt32.dll msasn1.dll System.Configuration.ni.dll System.configuration.dll System.configuration.dll System.Security.ni.dll System.Security.dll System.Security.dll System.Security.dll System.Data.SqlXml.ni.dll System.Runtime.Serialization.Formatters.Soap.ni.dll System.Runtime.Serialization.Formatters.Soap.dll System.Windows.Forms.ni.dll System.Drawing.dll System.Drawing.dll Accessibility.dll Accessibility.dll Accessibility.dll Accessibility.dll System.Deployment.dll System.Deployment.dll System.EnterpriseServices.ni.dll System.Runtime.Remoting.ni.dll System.Runtime.Remoting.dll Microsoft.VisualC.ni.dll System.Web.dll System.Web.dll System.Web.dll System.Web.Services.ni.dll System.Web.Services.dll System.Web.Services.dll System.DirectoryServices.Protocols.ni.dll System.DirectoryServices.Protocols.dll System.DirectoryServices.Protocols.dll System.Design.ni.dll System.Design.dll System.Design.dll System.ServiceProcess.ni.dll System.ServiceProcess.dll System.Web.RegularExpressions.ni.dll System.Web.RegularExpressions.dll System.Web.RegularExpressions.dll System.Web.RegularExpressions.dll System.Drawing.Design.ni.dll System.Drawing.Design.dll System.Drawing.Design.dll System.Data.OracleClient.ni.dll System.Data.OracleClient.dll System.Data.OracleClient.dll System.Data.OracleClient.dll Microsoft.JScript.ni.dll Microsoft.JScript.dll Microsoft.JScript.dll Microsoft.Vsa.ni.dll Microsoft.Vsa.dll Microsoft.Vsa.dll Microsoft.Windows.Diagnosis.Commands.UpdateDiagRootcause.ni.dll Microsoft.Windows.Diagnosis.Commands.UpdateDiagRootcause.dll Microsoft.Windows.Diagnosis.Commands.UpdateDiagRootcause.dll Microsoft.Windows.Diagnosis.Commands.GetDiagInput.dll Microsoft.Windows.Diagnosis.Commands.GetDiagInput.dll Microsoft.Windows.Diagnosis.Commands.UpdateDiagReport.ni.dll Microsoft.Windows.Diagnosis.Commands.UpdateDiagReport.dll Microsoft.Windows.Diagnosis.Commands.UpdateDiagReport.dll wow64win.dll wow64cpu.dll kernel32.dll kernel32.dll user32.dll kernel32.dll advapi32.dll msvcrt.dll rpcrt4.dll sspicli.dll cryptbase.dll mscoree.dll ole32.dll gdi32.dll oleaut32.dll msctf.dll cryptsp.dll mscoreei.dll mscorwks.dll msvcr80.dll mscorjit.dll mscorlib.dll mscorlib.dll System.Data.ni.dll System.Data.dll System.Data.dll System.dll System.dll System.dll System.Data.dll nsi.dll System.XML.dll System.XML.dll System.XML.dll System.Transactions.ni.dll System.Transactions.dll System.Transactions.dll System.Transactions.dll System.Transactions.dll System.Configuration.ni.dll System.configuration.dll System.configuration.dll System.EnterpriseServices.ni.dll System.EnterpriseServices.dll ntdll.dll wow64.dll wow64cpu.dll user32.dll KernelBase.dll advapi32.dll msvcrt.dll rpcrt4.dll sspicli.dll cryptbase.dll msvcr120_clr0400.dll mscoree.dll ole32.dll lpk.dll imm32.dll msctf.dll cryptsp.dll rsaenh.dll clbcatq.dll sxs.dll clr.dll shlwapi.dll mscorlib.ni.dll clrjit.dll version.dll System.ComponentModel.Composition.Registration.ni.dll mscorlib.dll System.dll System.dll System.Core.dll System.ComponentModel.Composition.ni.dll System.Configuration.ni.dll System.Reflection.Context.ni.dll System.Configuration.dll System.Xml.ni.dll System.Xml.dll System.Xml.dll System.Numerics.dll System.Security.ni.dll System.Security.dll,normal
 ntdll.dll wow64cpu.dll user32.dll msvcrt.dll sechost.dll rpcrt4.dll cryptbase.dll dnsapi.dll nsi.dll winnsi.dll shlwapi.dll gdi32.dll user32.dll imm32.dll msctf.dll clbcatq.dll cryptsp.dll rsaenh.dll RpcRtRemote.dll wevtapi.dll ntdll.dll kernel32.dll KernelBase.dll user32.dll lpk.dll usp10.dll msvcrt.dll rpcrt4.dll oleaut32.dll cryptbase.dll clbcatq.dll advapi32.dll ntdll.dll wow64.dll wow64win.dll kernel32.dll kernel32.dll kernel32.dll KernelBase.dll advapi32.dll sechost.dll rpcrt4.dll sspicli.dll cryptbase.dll ws2_32.dll winnsi.dll dhcpcsvc.dll dhcpcsvc6.dll shell32.dll shlwapi.dll gdi32.dll user32.dll lpk.dll usp10.dll msctf.dll clbcatq.dll cryptsp.dll RpcRtRemote.dll ntdll.dll wow64win.dll kernel32.dll kernel32.dll user32.dll kernel32.dll KernelBase.dll advapi32.dll sechost.dll rpcrt4.dll dnsapi.dll nsi.dll dhcpcsvc.dll gdi32.dll clbcatq.dll cryptsp.dll rsaenh.dll RpcRtRemote.dll wevtapi.dll ntdll.dll wow64win.dll wow64cpu.dll kernel32.dll kernel32.dll kernel32.dll user32.dll KernelBase.dll msvcrt.dll winbrand.dll user32.dll lpk.dll usp10.dll advapi32.dll sechost.dll cryptbase.dll apphelp.dll,normal
 ntdll.dll kernel32.dll kernelbase.dll ws2_32.dll ws2_32.dll rpcrt4.dll rpcrt4.dll nsi.dll vcruntime140.dll vcruntime140.dll api-ms-win-crt-runtime-l1-1-0.dll api-ms-win-core-localization-l1-2-0.dll api-ms-win-core-synch-l1-2-0.dll api-ms-win-crt-heap-l1-1-0.dll api-ms-win-crt-convert-l1-1-0.dll api-ms-win-crt-math-l1-1-0.dll api-ms-win-crt-locale-l1-1-0.dll mswsock.dll mswsock.dll gdi32.dll lpk.dll usp10.dll imm32.dll wshtcpip.dll nlaapi.dll nlaapi.dll sechost.dll napinsp.dll pnrpnsp.dll rasadhlp.dll winrnr.dll wshbth.dll,HTran
 wow64.dll kernel32.dll kernel32.dll user32.dll sechost.dll rpcrt4.dll sspicli.dll dnsapi.dll winnsi.dll dhcpcsvc6.dll shell32.dll gdi32.dll lpk.dll usp10.dll ole32.dll imm32.dll msctf.dll clbcatq.dll oleaut32.dll cryptsp.dll rsaenh.dll wevtapi.dll gdi32.dll lpk.dll usp10.dll rpcrt4.dll oleaut32.dll wow64cpu.dll kernel32.dll kernel32.dll user32.dll kernel32.dll msvcrt.dll sechost.dll nsi.dll winnsi.dll dhcpcsvc.dll dhcpcsvc6.dll shell32.dll user32.dll usp10.dll ole32.dll msctf.dll clbcatq.dll oleaut32.dll rpcrtremote.dll wevtapi.dll ntdll.dll ntdll.dll wow64.dll kernel32.dll kernel32.dll user32.dll kernelbase.dll advapi32.dll sechost.dll sspicli.dll cryptbase.dll dnsapi.dll ws2_32.dll winnsi.dll dhcpcsvc.dll dhcpcsvc6.dll shell32.dll shlwapi.dll gdi32.dll lpk.dll usp10.dll ole32.dll imm32.dll clbcatq.dll cryptsp.dll rsaenh.dll wevtapi.dll ntdll.dll wow64win.dll wow64cpu.dll user32.dll kernel32.dll kernelbase.dll msvcrt.dll oleaut32.dll gdi32.dll advapi32.dll cryptbase.dll usp10.dll version.dll imm32.dll sxs.dll clbcatq.dll vbscript.dll wintrust.dll cryptsp.dll rsaenh.dll msisip.dll wshext.dll comctl32.dll shlwapi.dll scrobj.dll scrrun.dll ntdll.dll ntdll.dll wow64.dll wow64cpu.dll kernel32.dll kernel32.dll user32.dll kernel32.dll kernelbase.dll msvcrt.dll winbrand.dll lpk.dll usp10.dll sechost.dll rpcrt4.dll sspicli.dll imm32.dll,normal
 msftedit.dll PlayToDevice.dll MMDevAPI.dll EhStorAPI.dll wtsapi32.dll,normal
 ntdll.dll ntdll.dll wow64cpu.dll kernel32.dll kernel32.dll kernel32.dll msvcrt.dll user32.dll gdi32.dll advapi32.dll rpcrt4.dll sspicli.dll cryptbase.dll imm32.dll apphelp.dll,normal
 ntdll.dll kernel32.dll kernelbase.dll gdi32.dll user32.dll usp10.dll msvcrt.dll clbcatq.dll advapi32.dll sechost.dll kernel32.dll kernelbase.dll user32.dll lpk.dll usp10.dll msvcrt.dll imm32.dll ole32.dll oleaut32.dll cryptbase.dll clbcatq.dll,normal
 EppManifest.dll mydocs.dll acppage.dll msi.dll wpdshext.dll,normal
 ntdll.dll kernel32.dll kernelbase.dll kernelbase.dll msvcrt.dll msvcrt.dll imm32.dll rpcrt4.dll rpcrt4.dll,normal
 ntdll.dll ntdll.dll wow64.dll wow64win.dll kernel32.dll msvcrt.dll user32.dll gdi32.dll lpk.dll advapi32.dll sechost.dll sspicli.dll msctf.dll winbrand.dll apphelp.dll,normal
 ntdll.dll kernel32.dll KernelBase.dll ole32.dll gdi32.dll lpk.dll usp10.dll rpcrt4.dll msctf.dll clbcatq.dll advapi32.dll sechost.dll oleaut32.dll shacct.dll comctl32.dll IDStore.dll,normal
 msvcrt.dll user32.dll gdi32.dll usp10.dll rpcrt4.dll oleaut32.dll shlwapi.dll ktmw32.dll msctf.dll sechost.dll cryptbase.dll advapi32.dll clbcatq.dll taskschd.dll,normal
 ntdll.dll ntdll.dll wow64.dll wow64win.dll wow64cpu.dll kernel32.dll kernel32.dll user32.dll kernel32.dll kernelbase.dll msvcrt.dll advapi32.dll rpcrt4.dll sspicli.dll cryptbase.dll iertutil.dll api-ms-win-downlevel-version-l1-1-0.dll version.dll api-ms-win-downlevel-user32-l1-1-0.dll gdi32.dll lpk.dll api-ms-win-downlevel-normaliz-l1-1-0.dll imm32.dll api-ms-win-downlevel-shell32-l1-1-0.dll shell32.dll ole32.dll oleaut32.dll comctl32.dll comdlg32.dll api-ms-win-downlevel-ole32-l1-1-0.dll urlmon.dll wininet.dll userenv.dll profapi.dll winhttp.dll cryptsp.dll rpcrtremote.dll mswsock.dll wship6.dll clbcatq.dll ieproxy.dll winnsi.dll dwmapi.dll bcryptprimitives.dll ieui.dll d2d1.dll dwrite.dll cfgmgr32.dll devobj.dll apphelp.dll mlang.dll lspwaoie.dll imagehlp.dll wintrust.dll msasn1.dll d3d11.dll vm3dum_10.dll vm3dum.dll d3d10level9.dll dnsapi.dll lspweb.dll lspweb.dll lspweb.dll lspweb.dll msimg32.dll wshqos.dll ole32.dll msctf.dll msctf.dll mshtml.dll ieapfltr.dll msimtf.dll sxs.dll jscript9.dll setupapi.dll cfgmgr32.dll devobj.dll vm3dum_10.dll winmm.dll dbghelp.dll vm3dum.dll setupapi.dll devobj.dll d3d10warp.dll setupapi.dll uiautomationcore.dll psapi.dll p2pcollab.dll p2pcollab.dll ncrypt.dll gpapi.dll wldap32.dll wuwebv.dll wuwebv.dll wuwebv.dll wuwebv.dll wuwebv.dll wuwebv.dll windowscodecs.dll cabinet.dll sechost.dll rpcrt4.dll user32.dll lpk.dll ole32.dll imm32.dll msctf.dll shlwapi.dll cryptsp.dll rsaenh.dll mssvp.dll mapi32.dll shell32.dll userenv.dll,normal
 msftedit.dll,normal
 ntdll.dll kernel32.dll kernelbase.dll ucrtbase.dll combase.dll rpcrt4.dll kernel.appcore.dll msvcrt.dll clbcatq.dll gdi32.dll indexeddbserver.dll msvcp_win.dll,normal
 kernelbase.dll kernelbase.dll msvcrt.dll msvcrt.dll fastprox.dll wbemcomn.dll combase.dll ws2_32.dll ws2_32.dll sechost.dll sechost.dll rpcrt4.dll rpcrt4.dll nsi.dll nsi.dll advapi32.dll gdi32.dll kernel.appcore.dll bcryptprimitives.dll clbcatq.dll wbemprox.dll wbemprox.dll oleaut32.dll cryptsp.dll rsaenh.dll bcrypt.dll wbemsvc.dll wbemsvc.dll wmiutils.dll cimwin32.dll framedynos.dll sspicli.dll,normal
 ntdll.dll ntdll.dll wow64cpu.dll user32.dll KernelBase.dll rpcrt4.dll cryptbase.dll dnsapi.dll nsi.dll dhcpcsvc.dll dhcpcsvc6.dll shell32.dll shlwapi.dll user32.dll usp10.dll ole32.dll clbcatq.dll oleaut32.dll cryptsp.dll rsaenh.dll RpcRtRemote.dll wevtapi.dll ntdll.dll ntdll.dll wow64.dll kernel32.dll kernel32.dll kernel32.dll user32.dll kernel32.dll msvcrt.dll winbrand.dll gdi32.dll advapi32.dll sspicli.dll cryptbase.dll imm32.dll apphelp.dll,normal
 ntdll.dll imm32.dll sechost.dll msctf.dll Wldap32.dll lpk.dll clbcatq.dll rpcrt4.dll nsi.dll msvcrt.dll usp10.dll profapi.dll RpcRtRemote.dll sspicli.dll secur32.dll authz.dll bcrypt.dll cryptsp.dll mswsock.dll netlogon.dll netlogon.dll rsaenh.dll credssp.dll gpapi.dll pcwum.dll version.dll ntmarta.dll nlaapi.dll dhcpcsvc6.dll dhcpcsvc.dll lmhsvc.dll lmhsvc.dll lmhsvc.dll dhcpcore.dll dhcpcore.dll dhcpcore.dll dhcpcore.dll dhcpcore.dll wfapigp.dll dps.dll mscms.dll pcasvc.dll pcasvc.dll ServiceModelEvents.dll PeerDistSh.dll PeerDistSh.dll PeerDistSh.dll PeerDistSh.dll PeerDistSh.dll PeerDistSh.dll PeerDistSh.dll PeerDistSh.dll PeerDistSh.dll provsvc.dll provsvc.dll provsvc.dll provsvc.dll wdi.dll npmproxy.dll diagperf.dll pnpts.dll wdiasqmmodule.dll radardt.dll winsta.dll,normal
 kernel32.dll kernelbase.dll msvcrt.dll sechost.dll rpcrt4.dll msvcr120_clr0400.dll mscoree.dll ole32.dll rsaenh.dll rpcrtremote.dll clbcatq.dll sxs.dll mscoreei.dll clr.dll shlwapi.dll mscorlib.ni.dll clrjit.dll version.dll mscorlib.dll mscorlib.dll system.ni.dll system.core.ni.dll system.activities.ni.dll system.runtime.durableinstancing.ni.dll system.transactions.ni.dll system.transactions.dll system.transactions.dll system.transactions.dll system.transactions.dll system.transactions.dll system.servicemodel.internals.ni.dll system.xml.ni.dll system.runtime.serialization.ni.dll system.security.ni.dll microsoft.management.infrastructure.native.ni.dll microsoft.management.infrastructure.native.dll bcryptprimitives.dll microsoft.powershell.workflow.servicecore.ni.dll ntdll.dll kernel32.dll msvcrt.dll rpcrt4.dll gdi32.dll usp10.dll duser.dll dui70.dll imm32.dll msctf.dll uxtheme.dll setupapi.dll devobj.dll dwmapi.dll slc.dll secur32.dll sspicli.dll propsys.dll winsta.dll sechost.dll cryptbase.dll windowscodecs.dll profapi.dll apphelp.dll msi.dll oleaut32.dll explorerframe.dll cfgmgr32.dll vcruntime140.dll ucrtbase.dll api-ms-win-core-timezone-l1-1-0.dll srvcli.dll imageres.dll imageres.dll imageres.dll imageres.dll api-ms-win-core-synch-l1-2-0.dll api-ms-win-core-processthreads-l1-1-1.dll api-ms-win-core-file-l1-2-0.dll api-ms-win-crt-heap-l1-1-0.dll api-ms-win-crt-stdio-l1-1-0.dll api-ms-win-crt-convert-l1-1-0.dll msvcp140.dll api-ms-win-crt-filesystem-l1-1-0.dll api-ms-win-crt-environment-l1-1-0.dll ehstorshell.dll imecfm.dll version.dll msswch.dll winmm.dll atl.dll ntmarta.dll xmllite.dll urlmon.dll api-ms-win-downlevel-ole32-l1-1-0.dll api-ms-win-downlevel-shlwapi-l1-1-0.dll api-ms-win-downlevel-user32-l1-1-0.dll api-ms-win-downlevel-version-l1-1-0.dll api-ms-win-downlevel-normaliz-l1-1-0.dll iertutil.dll wininet.dll api-ms-win-downlevel-advapi32-l2-1-0.dll imageres.dll imageres.dll imageres.dll imageres.dll imageres.dll mpr.dll cscui.dll cscdll.dll iconcodecservice.dll sxs.dll cryptsp.dll rpcrtremote.dll sndvolsso.dll imageres.dll imageres.dll imageres.dll msasn1.dll shdocvw.dll samcli.dll netutils.dll msls31.dll gameux.dll msiltcfg.dll psapi.dll batmeter.dll winhttp.dll webio.dll ws2_32.dll npmproxy.dll dhcpcsvc.dll dxp.dll syncreg.dll alttab.dll portabledeviceapi.dll pnidui.dll wevtapi.dll ncsi.dll mssprxy.dll fxsst.dll wlanapi.dll wwapi.dll ieframe.dll synccenter.dll wkscli.dll imapi2.dll hgcpl.dll structuredquery.dll nlsdata0011.dll nlsmodels0011.dll devicecenter.dll mswsock.dll mapi32.dll bcrypt.dll msxml6.dll wpdshext.dll sfc.dll sfc_os.dll wscinterop.dll wercplsupport.dll hcproviders.dll ieproxy.dll mssvp.dll mapi32.dll sfc.dll sfc_os.dll sfc.dll sfc_os.dll msisip.dll pwrshsip.dll syncui.dll synceng.dll cryptext.dll rshx32.dll dsrole.dll ntdsapi.dll twext.dll lspdnd64.dll syncui.dll synceng.dll acppage.dll msswch.dll imageres.dll devicecenter.dll sppuinotify.dll syncui.dll synceng.dll acppage.dll sfc.dll sfc_os.dll van.dll rasmm.dll rasapi32.dll rasman.dll wlanmm.dll wlanhlp.dll rasmm.dll eappprxy.dll eappcfg.dll wlanhlp.dll eappcfg.dll imageres.dll davclnt.dll davhlpr.dll ehstorapi.dll imageres.dll imageres.dll imageres.dll imageres.dll imageres.dll twext.dll syncui.dll synceng.dll sfc.dll sfc_os.dll sendmail.dll zipfldr.dll imageres.dll imageres.dll imageres.dll sendmail.dll mydocs.dll mlang.dll msxml3.dll wucltux.dll wucltux.dll wucltux.dll wucltux.dll wucltux.dll wucltux.dll wucltux.dll cabinet.dll imageres.dll wups2.dll wups2.dll imageres.dll sppuinotify.dll wups2.dll wups2.dll sppuinotify.dll imageres.dll wups2.dll wups2.dll sppuinotify.dll sppuinotify.dll mssvp.dll tquery.dll mssvp.dll mssvp.dll mapi32.dll mssvp.dll mapi32.dll mssvp.dll mapi32.dll wups2.dll wups2.dll wups2.dll wups2.dll,normal
 ntdll.dll kernel32.dll advapi32.dll msvcrt.dll sechost.dll rpcrt4.dll msvcr120_clr0400.dll ole32.dll oleaut32.dll msctf.dll cryptbase.dll rsaenh.dll rpcrtremote.dll sxs.dll mscoreei.dll clr.dll shlwapi.dll mscorlib.ni.dll clrjit.dll system.core.ni.dll mscorlib.dll system.configuration.ni.dll system.xml.ni.dll system.security.ni.dll,normal
 wow64win.dll kernel32.dll kernel32.dll kernel32.dll kernelbase.dll sechost.dll dnsapi.dll winnsi.dll dhcpcsvc.dll dhcpcsvc6.dll gdi32.dll user32.dll lpk.dll usp10.dll imm32.dll msctf.dll clbcatq.dll oleaut32.dll cryptsp.dll rsaenh.dll kernel32.dll advapi32.dll msvcrt.dll sechost.dll msvcr120_clr0400.dll mscoree.dll gdi32.dll user32.dll oleaut32.dll imm32.dll msctf.dll cryptbase.dll cryptsp.dll clbcatq.dll sxs.dll mscoreei.dll mscorwks.dll shell32.dll profapi.dll mscorlib.ni.dll mscorlib.dll version.dll mscorlib.dll mscorlib.dll system.ni.dll microsoft.ink.ni.dll system.drawing.ni.dll system.configuration.ni.dll system.security.ni.dll system.data.sqlxml.ni.dll accessibility.ni.dll system.runtime.serialization.formatters.soap.ni.dll microsoft.ink.dll wow64.dll wow64win.dll wow64cpu.dll kernel32.dll kernel32.dll kernel32.dll kernel32.dll kernelbase.dll advapi32.dll sechost.dll rpcrt4.dll sspicli.dll cryptbase.dll mscoree.dll gdi32.dll imm32.dll msctf.dll rsaenh.dll sxs.dll mscoreei.dll clr.dll shlwapi.dll clrjit.dll system.ni.dll system.core.ni.dll system.web.extensions.dll system.web.extensions.dll system.web.dll system.dll system.drawing.ni.dll system.drawing.dll system.data.services.design.ni.dll system.data.services.design.dll system.configuration.dll system.configuration.dll system.servicemodel.ni.dll system.servicemodel.dll system.servicemodel.dll system.xml.ni.dll system.xml.dll system.runtime.serialization.ni.dll system.runtime.serialization.dll system.runtime.serialization.dll system.data.linq.dll system.data.linq.dll system.web.applicationservices.ni.dll system.web.applicationservices.dll system.web.applicationservices.dll system.data.ni.dll system.data.dll system.servicemodel.activation.ni.dll system.servicemodel.activation.dll system.data.services.client.dll system.data.services.client.dll system.data.entity.ni.dll system.data.entity.dll system.windows.forms.dll system.windows.forms.dll system.directoryservices.ni.dll system.directoryservices.dll system.enterpriseservices.ni.dll system.web.regularexpressions.ni.dll system.componentmodel.dataannotations.ni.dll system.componentmodel.dataannotations.dll system.directoryservices.protocols.dll system.security.ni.dll system.security.dll system.security.dll system.runtime.caching.ni.dll system.runtime.caching.dll system.runtime.caching.dll microsoft.build.framework.ni.dll system.numerics.ni.dll,normal
 msctf.dll ntdll.dll msvcrt.dll rpcrt4.dll gdi32.dll ole32.dll oleaut32.dll KernelBase.dll advapi32.dll msvcrt.dll sechost.dll rpcrt4.dll msvcr120_clr0400.dll ole32.dll gdi32.dll user32.dll usp10.dll oleaut32.dll imm32.dll msctf.dll cryptbase.dll rsaenh.dll RpcRtRemote.dll clr.dll mscorlib.ni.dll System.ni.dll System.Activities.ni.dll version.dll mscorlib.dll System.Configuration.ni.dll,normal
 kernel32.dll kernelbase.dll user32.dll msvcrt.dll gdi32.dll imm32.dll msctf.dll combase.dll kernel.appcore.dll cryptbase.dll bcryptprimitives.dll uxtheme.dll clbcatq.dll ole32.dll tipskins.dll winsta.dll oleaut32.dll twinapi.dll shell32.dll shlwapi.dll tipres.dll comctl32.dll duser.dll gdiplus.dll tiptsf.dll,normal
 ntdll.dll kernel32.dll kernelbase.dll gdi32.dll usp10.dll msvcrt.dll imm32.dll rpcrt4.dll oleaut32.dll ntdll.dll ntdll.dll wow64.dll wow64win.dll kernel32.dll kernel32.dll user32.dll msvcrt.dll oleaut32.dll ole32.dll gdi32.dll user32.dll advapi32.dll sspicli.dll usp10.dll msctf.dll sxs.dll vbscript.dll advapi32.dll cryptsp.dll rsaenh.dll comctl32.dll shlwapi.dll scrobj.dll msi.dll kernelbase.dll advapi32.dll gdi32.dll lpk.dll usp10.dll ole32.dll msimg32.dll wmsgapi.dll wtsapi32.dll userenv.dll profapi.dll crypt32.dll msasn1.dll msctf.dll msutb.dll shlwapi.dll sspicli.dll shell32.dll cryptbase.dll wintrust.dll cryptsp.dll rsaenh.dll imagehlp.dll bcryptprimitives.dll gpapi.dll cfgmgr32.dll cabinet.dll version.dll clbcatq.dll wininet.dll iertutil.dll ntdll.dll kernel32.dll gdi32.dll user32.dll lpk.dll msvcrt.dll msctf.dll rpcrt4.dll oleaut32.dll kernel32.dll kernelbase.dll lpk.dll usp10.dll msvcrt.dll msctf.dll rpcrt4.dll oleaut32.dll clbcatq.dll advapi32.dll,normal
 kernel32.dll kernelbase.dll msvcrt.dll user32.dll lpk.dll usp10.dll rpcrt4.dll imm32.dll clbcatq.dll sechost.dll oleaut32.dll rsaenh.dll rpcrtremote.dll shacct.dll userenv.dll profapi.dll sechost.dll rpcrt4.dll user32.dll comctl32.dll sppcommdlg.dll shlwapi.dll imm32.dll msctf.dll ole32.dll shell32.dll winbrand.dll slc.dll sppc.dll cryptsp.dll rsaenh.dll sppcomapi.dll winscard.dll winhttp.dll webio.dll rasapi32.dll rasman.dll ws2_32.dll setupapi.dll cfgmgr32.dll msi.dll msasn1.dll cryptui.dll sxs.dll tapi32.dll ntdll.dll wow64.dll wow64cpu.dll kernel32.dll kernel32.dll kernel32.dll kernelbase.dll advapi32.dll rpcrt4.dll ws2_32.dll nsi.dll winnsi.dll dhcpcsvc.dll dhcpcsvc6.dll gdi32.dll user32.dll oleaut32.dll cryptsp.dll wevtapi.dll ntdll.dll kernelbase.dll advapi32.dll msvcrt.dll sechost.dll rpcrt4.dll msvcr120_clr0400.dll mscoree.dll gdi32.dll user32.dll lpk.dll usp10.dll msctf.dll cryptsp.dll sxs.dll mscoreei.dll shlwapi.dll shell32.dll profapi.dll mscorjit.dll mscorlib.dll version.dll system.ni.dll system.xml.ni.dll system.configuration.ni.dll system.data.sqlxml.ni.dll ntdll.dll kernelbase.dll msvcrt.dll sechost.dll rpcrt4.dll mscoree.dll ole32.dll gdi32.dll lpk.dll usp10.dll msctf.dll cryptsp.dll rpcrtremote.dll clbcatq.dll sxs.dll mscoreei.dll mscorwks.dll shlwapi.dll shell32.dll profapi.dll mscorlib.ni.dll mscorjit.dll mscorlib.dll mscorlib.dll version.dll mscorlib.dll system.core.ni.dll system.web.entity.design.ni.dll system.drawing.ni.dll system.web.ni.dll system.web.dll system.web.dll system.web.dll system.web.entity.ni.dll system.data.dll system.data.dll system.data.dll nsi.dll msasn1.dll system.configuration.ni.dll system.security.ni.dll system.data.sqlxml.ni.dll accessibility.ni.dll system.deployment.ni.dll system.data.oracleclient.ni.dll system.data.oracleclient.dll system.data.oracleclient.dll system.data.oracleclient.dll system.web.regularexpressions.ni.dll system.transactions.ni.dll system.transactions.dll system.transactions.dll system.enterpriseservices.ni.dll system.directoryservices.ni.dll system.runtime.remoting.ni.dll system.web.services.ni.dll system.directoryservices.protocols.ni.dll system.serviceprocess.ni.dll system.configuration.install.ni.dll system.web.abstractions.ni.dll system.data.linq.ni.dll smdiagnostics.ni.dll system.messaging.ni.dll microsoft.transactions.bridge.ni.dll system.xml.linq.ni.dll,normal
 ntdll.dll kernel32.dll KernelBase.dll msvcrt.dll rpcrt4.dll msvcr120_clr0400.dll usp10.dll imm32.dll msctf.dll cryptbase.dll cryptsp.dll RpcRtRemote.dll clbcatq.dll mscoreei.dll clr.dll shlwapi.dll System.ni.dll mscorlib.dll System.Core.ni.dll WindowsBase.ni.dll PresentationCore.ni.dll PresentationFramework.ni.dll PresentationCore.dll PresentationCore.dll System.Xaml.ni.dll System.Configuration.ni.dll wow64.dll wow64win.dll kernel32.dll kernel32.dll user32.dll msvcrt.dll sechost.dll rpcrt4.dll sspicli.dll msvcr120_clr0400.dll ole32.dll gdi32.dll lpk.dll usp10.dll oleaut32.dll msctf.dll rsaenh.dll RpcRtRemote.dll clbcatq.dll mscorwks.dll shlwapi.dll shell32.dll profapi.dll mscorlib.dll version.dll mscorlib.dll System.ni.dll System.dll System.dll System.Configuration.ni.dll System.configuration.dll System.configuration.dll SMDiagnostics.ni.dll System.configuration.dll System.Xml.ni.dll System.XML.dll System.XML.dll System.XML.dll System.Security.dll System.Data.SqlXml.ni.dll System.Data.SqlXml.dll System.Data.SqlXml.dll SMdiagnostics.dll SMdiagnostics.dll SMdiagnostics.dll,normal
 ntdll.dll kernel32.dll kernelbase.dll sechost.dll rpcrt4.dll ucrtbase.dll ucrtbase.dll combase.dll bcryptprimitives.dll bcryptprimitives.dll kernel.appcore.dll kernel.appcore.dll msvcrt.dll win32u.dll msvcp_win.dll msvcp_win.dll wldp.dll wldp.dll crypt32.dll msasn1.dll msasn1.dll wintrust.dll advapi32.dll capabilityaccessmanager.dll msvcp110_win.dll oleaut32.dll capabilityaccesshandlers.dll,normal
 ntdll.dll kernel32.dll conhostv2.dll ucrtbase.dll rpcrt4.dll gdi32.dll user32.dll win32u.dll imm32.dll oleaut32.dll msvcp_win.dll propsys.dll sechost.dll shcore.dll advapi32.dll cfgmgr32.dll windows.storage.dll shell32.dll,normal
 kernel32.dll kernelbase.dll sechost.dll rpcrt4.dll win32u.dll gdi32.dll gdi32full.dll ucrtbase.dll msvcp110_win.dll bcryptprimitives.dll shell32.dll cfgmgr32.dll windows.storage.dll powrprof.dll kernel.appcore.dll ole32.dll msctf.dll oleaut32.dll,normal
 kernel32.dll kernelbase.dll msvcrt.dll sechost.dll rpcrt4.dll bcryptprimitives.dll msvcp_win.dll ucrtbase.dll combase.dll ole32.dll user32.dll win32u.dll crypt32.dll userenv.dll cabinet.dll cabinet.dll kernel.appcore.dll,normal
 ntdll.dll wow64.dll wow64win.dll kernel32.dll kernel32.dll kernel32.dll kernel32.dll KernelBase.dll msvcrt.dll winbrand.dll user32.dll usp10.dll advapi32.dll cryptbase.dll imm32.dll,normal
 explorerframe.dll msimg32.dll windows.globalization.dll bcp47langs.dll globinputhost.dll linkinfo.dll cscapi.dll samlib.dll thumbcache.dll networkexplorer.dll drprov.dll ntlanman.dll winsta.dll twinapi.appcore.dll,normal
 kernel32.dll kernelbase.dll advapi32.dll msvcrt.dll msvcrt.dll oleaut32.dll rpcrt4.dll secur32.dll userenv.dll userenv.dll mpclient.dll mpclient.dll sechost.dll sechost.dll gdi32.dll user32.dll version.dll crypt32.dll msasn1.dll ws2_32.dll ws2_32.dll nsi.dll nsi.dll winhttp.dll mpcommu.dll mpcommu.dll kernel.appcore.dll kernel.appcore.dll cryptbase.dll bcryptprimitives.dll bcryptprimitives.dll clbcatq.dll wuapi.dll wuapi.dll cryptsp.dll rsaenh.dll wups.dll wups.dll,normal
 ntdll.dll kernel32.dll kernelbase.dll msvcrt.dll rpcrt4.dll oleaut32.dll gdi32.dll secur32.dll userenv.dll mpclient.dll wintrust.dll msasn1.dll crypt32.dll version.dll cabinet.dll winhttp.dll kernel.appcore.dll clbcatq.dll wuapi.dll wups.dll updatepolicy.dll cryptsp.dll rsaenh.dll cryptbase.dll windows.storage.dll policymanager.dll xmllite.dll,normal
 ntdll.dll gdi32full.dll msvcp_win.dll ucrtbase.dll user32.dll msvcrt.dll combase.dll crypt32.dll msasn1.dll sechost.dll sspicli.dll wmsgapi.dll amsi.dll comctl32.dll msctfmonitor.dll msctf.dll oleaut32.dll imm32.dll msimg32.dll winsta.dll msutb.dll shcore.dll windows.storage.dll advapi32.dll shlwapi.dll kernel.appcore.dll powrprof.dll wintrust.dll cryptsp.dll rsaenh.dll cryptbase.dll clbcatq.dll gpapi.dll urlmon.dll iertutil.dll inputswitch.dll clipc.dll xmllite.dll dwrite.dll d3d11.dll d3d10warp.dll credui.dll windows.ui.creddialogcontroller.dll mmdevapi.dll avrt.dll windows.ui.cred.dll wincorlib.dll windows.ui.dll coreuicomponents.dll coremessaging.dll ntmarta.dll windows.ui.xaml.dll windows.ui.immersive.dll windows.globalization.fontgroups.dll fontgroupsoverride.dll fontglyphanimator.dll windows.internal.ui.logon.proxystub.dll windows.globalization.dll dcomp.dll version.dll ncrypt.dll policymanager.dll msvcp110_win.dll imecfm.dll uiautomationcore.dll,normal
 kernel32.dll advapi32.dll rpcrt4.dll msvcr120_clr0400.dll ole32.dll gdi32.dll user32.dll usp10.dll oleaut32.dll imm32.dll cryptbase.dll cryptsp.dll sxs.dll mscoreei.dll mscorlib.ni.dll clrjit.dll ntdll.dll kernel32.dll KernelBase.dll advapi32.dll rpcrt4.dll msvcr120_clr0400.dll lpk.dll usp10.dll imm32.dll cryptbase.dll cryptsp.dll clbcatq.dll sxs.dll clr.dll mscorlib.ni.dll version.dll mscorlib.dll Microsoft.Office.Tools.ni.dll Microsoft.VisualStudio.Tools.Applications.Hosting.ni.dll System.Configuration.ni.dll System.Xml.ni.dll ntdll.dll ntdll.dll wow64.dll wow64win.dll wow64cpu.dll kernel32.dll kernel32.dll advapi32.dll msvcrt.dll sspicli.dll cryptbase.dll msvcr120_clr0400.dll mscoree.dll ole32.dll usp10.dll oleaut32.dll imm32.dll msctf.dll RpcRtRemote.dll clbcatq.dll sxs.dll mscorlib.ni.dll clrjit.dll Microsoft.Office.Tools.Word.Implementation.dll System.ni.dll Microsoft.Office.Tools.Common.Implementation.ni.dll version.dll mscorlib.dll System.dll System.dll System.Core.dll System.Core.dll Microsoft.Office.Tools.Word.ni.dll Microsoft.Office.Tools.Common.ni.dll System.Drawing.ni.dll System.Windows.Forms.dll System.Windows.Forms.dll System.Drawing.dll System.Drawing.dll System.Xml.ni.dll System.Xml.dll Microsoft.VisualStudio.Tools.Applications.Runtime.dll Microsoft.VisualStudio.Tools.Applications.Runtime.dll System.Configuration.ni.dll System.Configuration.dll System.Numerics.ni.dll System.Numerics.dll System.Security.ni.dll System.Security.dll System.Security.dll,normal
 ntdll.dll gdi32.dll user32.dll imm32.dll msctf.dll sspicli.dll sechost.dll uxtheme.dll dwmapi.dll comctl32.dll kernel.appcore.dll cryptbase.dll clbcatq.dll shell32.dll version.dll oleacc.dll propsys.dll ntmarta.dll imecfm.dll wer.dll,normal
 ntdll.dll kernel32.dll msvcrt.dll ole32.dll oleaut32.dll cryptbase.dll clbcatq.dll advapi32.dll shell32.dll comctl32.dll version.dll uxtheme.dll winmm.dll msswch.dll winmm.dll msswch.dll winmm.dll ntdll.dll wow64win.dll wow64cpu.dll kernel32.dll kernel32.dll KernelBase.dll advapi32.dll rpcrt4.dll dnsapi.dll ws2_32.dll nsi.dll dhcpcsvc.dll shell32.dll shlwapi.dll gdi32.dll user32.dll lpk.dll usp10.dll ole32.dll clbcatq.dll cryptsp.dll rsaenh.dll RpcRtRemote.dll wevtapi.dll,normal
 ntdll.dll ntdll.dll kernel32.dll user32.dll tquery.dll tquery.dll imm32.dll msshooks.dll msshooks.dll shlwapi.dll sechost.dll sechost.dll rpcrt4.dll gdi32.dll kernel.appcore.dll kernel.appcore.dll cryptbase.dll cryptbase.dll bcryptprimitives.dll cryptsp.dll cryptsp.dll bcrypt.dll mssprxy.dll mssprxy.dll shcore.dll,normal
 ntdll.dll wow64.dll wow64cpu.dll kernel32.dll user32.dll msvcrt.dll oleaut32.dll ole32.dll gdi32.dll user32.dll advapi32.dll sechost.dll sspicli.dll cryptbase.dll usp10.dll version.dll imm32.dll clbcatq.dll vbscript.dll advapi32.dll wintrust.dll crypt32.dll msasn1.dll cryptsp.dll rsaenh.dll msisip.dll comctl32.dll shell32.dll shlwapi.dll scrobj.dll msi.dll ntdll.dll wow64win.dll wow64cpu.dll kernel32.dll KernelBase.dll msvcrt.dll oleaut32.dll user32.dll advapi32.dll cryptbase.dll lpk.dll version.dll clbcatq.dll vbscript.dll advapi32.dll wintrust.dll crypt32.dll cryptsp.dll shell32.dll shlwapi.dll scrobj.dll scrrun.dll ntdll.dll wow64cpu.dll kernel32.dll KernelBase.dll advapi32.dll msvcrt.dll sechost.dll rpcrt4.dll cryptbase.dll dnsapi.dll nsi.dll dhcpcsvc6.dll shlwapi.dll gdi32.dll user32.dll lpk.dll ole32.dll imm32.dll msctf.dll clbcatq.dll oleaut32.dll rsaenh.dll RpcRtRemote.dll ntdll.dll wow64win.dll kernel32.dll kernel32.dll user32.dll kernel32.dll KernelBase.dll user32.dll lpk.dll usp10.dll rpcrt4.dll sspicli.dll cryptbase.dll apphelp.dll,normal
 ntdll.dll ntdll.dll wow64.dll wow64cpu.dll kernel32.dll kernel32.dll user32.dll lpk.dll usp10.dll advapi32.dll rpcrt4.dll sspicli.dll cryptbase.dll msctf.dll apphelp.dll,normal
 kernel32.dll msvcrt.dll conhostv2.dll ucrtbase.dll combase.dll rpcrt4.dll gdi32full.dll user32.dll advapi32.dll sechost.dll imm32.dll propsys.dll shell32.dll cfgmgr32.dll windows.storage.dll shlwapi.dll powrprof.dll profapi.dll uxtheme.dll msctf.dll dwmapi.dll textinputframework.dll ntmarta.dll wintypes.dll ole32.dll iertutil.dll oleacc.dll crypt32.dll ncrypt.dll msvcp110_win.dll imecfm.dll wer.dll,normal
 ntdll.dll kernelbase.dll msvcrt.dll gdi32.dll user32.dll lpk.dll usp10.dll imm32.dll cryptbase.dll clbcatq.dll sechost.dll rpcrtremote.dll uxtheme.dll shlwapi.dll comctl32.dll psapi.dll propsys.dll,normal
 ondemandconnroutehelper.dll configurationclient.dll,normal
 ntdll.dll ntdll.dll wow64.dll wow64win.dll kernel32.dll kernel32.dll kernel32.dll msvcrt.dll winbrand.dll user32.dll advapi32.dll sechost.dll rpcrt4.dll cryptbase.dll apphelp.dll,normal
 ntdll.dll kernel32.dll kernelbase.dll advapi32.dll msvcrt.dll rpcrt4.dll ole32.dll imm32.dll wdscore.dll shell32.dll cryptbase.dll dbghelp.dll msasn1.dll wintrust.dll userenv.dll profapi.dll dpx.dll dpx.dll setupapi.dll cfgmgr32.dll devobj.dll mpr.dll drupdate.dll vsstrace.dll srclient.dll atl.dll winhttp.dll webio.dll wrpint.dll clbcatq.dll cbsapi.dll sensapi.dll cryptsp.dll smipi.dll smiengine.dll,normal
 ntdll.dll kernelbase.dll advapi32.dll msvcrt.dll mscoree.dll user32.dll imm32.dll rsaenh.dll rpcrtremote.dll clbcatq.dll sxs.dll mscorwks.dll msvcr80.dll shell32.dll profapi.dll mscorlib.ni.dll mscorjit.dll mscorlib.dll version.dll mscorlib.dll mscorlib.dll ehiupnp.ni.dll kernel32.dll kernelbase.dll advapi32.dll msvcrt.dll rpcrt4.dll msvcr120_clr0400.dll mscoree.dll lpk.dll usp10.dll oleaut32.dll msctf.dll cryptsp.dll clbcatq.dll mscorwks.dll msvcr80.dll shell32.dll profapi.dll mscorjit.dll mscorlib.dll version.dll mscorlib.dll mscorlib.dll mscorsec.dll wintrust.dll crypt32.dll msasn1.dll comctl32.dll riched20.dll imagehlp.dll ncrypt.dll microsoft-windows-homegroupdiagnostic.netlistmgr.interop.dll microsoft-windows-homegroupdiagnostic.netlistmgr.interop.dll bcrypt.dll bcryptprimitives.dll gpapi.dll wldap32.dll sensapi.dll ntdll.dll kernel32.dll kernelbase.dll msvcrt.dll msvcr120_clr0400.dll ole32.dll lpk.dll usp10.dll oleaut32.dll imm32.dll cryptbase.dll cryptsp.dll rsaenh.dll rpcrtremote.dll clbcatq.dll sxs.dll mscoreei.dll shlwapi.dll mscorjit.dll mscorlib.dll mscorlib.dll mscorlib.dll system.ni.dll system.configuration.ni.dll system.xml.ni.dll system.security.ni.dll system.data.sqlxml.ni.dll accessibility.ni.dll system.deployment.ni.dll ntdll.dll kernel32.dll msvcrt.dll msvcr120_clr0400.dll user32.dll usp10.dll imm32.dll msctf.dll cryptbase.dll cryptsp.dll rpcrtremote.dll mscoreei.dll clr.dll shlwapi.dll mscorlib.ni.dll clrjit.dll system.ni.dll microsoft.transactions.bridge.ni.dll mscorlib.dll system.core.ni.dll system.servicemodel.ni.dll system.runtime.serialization.ni.dll smdiagnostics.ni.dll system.xml.ni.dll system.servicemodel.internals.ni.dll system.transactions.dll system.transactions.dll ntdll.dll kernel32.dll kernelbase.dll advapi32.dll sechost.dll msvcr120_clr0400.dll mscoree.dll ole32.dll gdi32.dll user32.dll lpk.dll usp10.dll msctf.dll cryptsp.dll rsaenh.dll clbcatq.dll sxs.dll clr.dll shlwapi.dll clrjit.dll system.ni.dll mscorlib.dll system.net.ni.dll system.core.ni.dll system.configuration.ni.dll system.xml.ni.dll ntdll.dll ntdll.dll wow64.dll wow64win.dll kernel32.dll kernelbase.dll sechost.dll sspicli.dll cryptbase.dll mscoree.dll gdi32.dll user32.dll lpk.dll usp10.dll oleaut32.dll imm32.dll clbcatq.dll sxs.dll mscoreei.dll clr.dll mscorlib.ni.dll system.core.ni.dll version.dll system.activities.durableinstancing.dll mscorlib.dll mscorlib.dll system.core.dll system.servicemodel.internals.ni.dll system.runtime.durableinstancing.dll system.transactions.ni.dll system.transactions.dll system.transactions.dll system.transactions.dll system.data.ni.dll system.data.dll system.xml.linq.dll system.xml.linq.dll system.activities.dll system.activities.dll system.runtime.serialization.dll system.xml.dll system.numerics.dll system.security.ni.dll system.security.dll system.configuration.ni.dll system.configuration.dll system.configuration.dll wow64.dll wow64cpu.dll kernel32.dll kernel32.dll kernel32.dll msvcrt.dll sspicli.dll cryptbase.dll msvcr120_clr0400.dll mscoree.dll gdi32.dll user32.dll usp10.dll oleaut32.dll msctf.dll rpcrtremote.dll clbcatq.dll sxs.dll clr.dll shlwapi.dll mscorlib.ni.dll mscorlib.dll system.dll system.drawing.ni.dll system.drawing.dll system.windows.forms.ni.dll system.windows.forms.dll system.windows.forms.dll system.core.ni.dll system.configuration.ni.dll system.configuration.dll system.configuration.dll system.core.dll system.xml.ni.dll ntdll.dll kernel32.dll user32.dll advapi32.dll msvcrt.dll sechost.dll sspicli.dll cryptbase.dll msvcr120_clr0400.dll mscoree.dll gdi32.dll usp10.dll oleaut32.dll msctf.dll rsaenh.dll rpcrtremote.dll clr.dll mscorlib.ni.dll clrjit.dll uiautomationtypes.dll uiautomationtypes.dll mscorlib.dll,normal
 apphelp.dll wups.dll rasapi32.dll,normal
 ole32.dll kernel32.dll shlwapi.dll msctf.dll ws2_32.dll oleaut32.dll clbcatq.dll rpcrt4.dll nsi.dll msvcrt.dll user32.dll usp10.dll bcrypt.dll mswsock.dll netutils.dll pcwum.dll version.dll dhcpcsvc6.dll dhcpcsvc.dll secur32.dll credssp.dll RpcRtRemote.dll webio.dll wshqos.dll wshqos.dll wshqos.dll wshqos.dll FirewallAPI.dll WSDApi.dll webservices.dll fundisc.dll ssdpsrv.dll,normal
 acppage.dll mydocs.dll devrtl.dll,normal
 sendmail.dll mydocs.dll,normal
 ntdll.dll kernelbase.dll advapi32.dll sechost.dll rpcrt4.dll oleaut32.dll msvcp_win.dll ucrtbase.dll bcryptprimitives.dll ole32.dll gdi32full.dll user32.dll win32u.dll msasn1.dll sspicli.dll profapi.dll gpapi.dll netprofm.dll netprofm.dll,normal
 ntdll.dll kernel32.dll kernelbase.dll advapi32.dll sechost.dll rpcrt4.dll gdi32.dll usp10.dll dwmapi.dll gdiplus.dll ole32.dll oleacc.dll oleaut32.dll wmsgapi.dll duser.dll msctf.dll xmllite.dll clbcatq.dll rsaenh.dll uxtheme.dll windowscodecs.dll,normal
 ntdll.dll kernel32.dll gdi32.dll lpk.dll imm32.dll msctf.dll ole32.dll oleaut32.dll,normal
 ntdll.dll wow64.dll wow64cpu.dll kernel32.dll kernel32.dll user32.dll kernel32.dll kernelbase.dll rpcrt4.dll cryptbase.dll msvcr120_clr0400.dll mscoree.dll lpk.dll usp10.dll oleaut32.dll msctf.dll rsaenh.dll rpcrtremote.dll sxs.dll clr.dll shlwapi.dll mscorlib.ni.dll system.core.ni.dll windowsbase.ni.dll version.dll presentationcore.dll system.core.dll system.core.dll system.dll system.dll system.xaml.ni.dll system.xaml.dll system.xaml.dll uiautomationtypes.dll system.configuration.dll system.configuration.dll uiautomationprovider.ni.dll system.xml.ni.dll system.xml.dll system.xml.dll system.deployment.ni.dll system.deployment.dll system.deployment.dll accessibility.ni.dll accessibility.dll system.security.ni.dll system.security.dll system.numerics.dll,normal
 ntdll.dll gdi32.dll lpk.dll msvcrt.dll ole32.dll rpcrt4.dll oleaut32.dll cryptbase.dll clbcatq.dll advapi32.dll sechost.dll ntdll.dll kernel32.dll KernelBase.dll gdi32.dll user32.dll lpk.dll usp10.dll imm32.dll msctf.dll ole32.dll rpcrt4.dll oleaut32.dll ntdll.dll ntdll.dll wow64cpu.dll kernel32.dll kernel32.dll user32.dll kernel32.dll KernelBase.dll msvcrt.dll sechost.dll rpcrt4.dll cryptbase.dll dnsapi.dll ws2_32.dll dhcpcsvc6.dll shell32.dll shlwapi.dll lpk.dll ole32.dll clbcatq.dll oleaut32.dll cryptsp.dll rsaenh.dll wevtapi.dll kernel32.dll lpk.dll usp10.dll msctf.dll oleaut32.dll clbcatq.dll ntdll.dll kernel32.dll msvcrt.dll gdi32.dll lpk.dll usp10.dll rpcrt4.dll comctl32.dll shlwapi.dll advapi32.dll sechost.dll shell32.dll userenv.dll profapi.dll version.dll setupapi.dll devobj.dll msctf.dll cryptbase.dll comdlg32.dll dnsapi.dll ws2_32.dll nsi.dll apphelp.dll clbcatq.dll imagehlp.dll samcli.dll powrprof.dll winsta.dll oleacc.dll imecfm.dll mswsock.dll sspicli.dll cryptsp.dll imageres.dll netid.dll netutils.dll srvcli.dll netjoin.dll credui.dll winbrand.dll regapi.dll secur32.dll credssp.dll ntdll.dll wow64.dll wow64win.dll kernel32.dll advapi32.dll msvcrt.dll sechost.dll sspicli.dll dnsapi.dll nsi.dll winnsi.dll shell32.dll user32.dll lpk.dll usp10.dll ole32.dll imm32.dll clbcatq.dll wevtapi.dll,normal
 ntdll.dll wow64.dll wow64win.dll wow64cpu.dll kernel32.dll user32.dll kernel32.dll KernelBase.dll user32.dll advapi32.dll sechost.dll sspicli.dll cryptbase.dll imm32.dll msctf.dll,normal
 ntdll.dll kernel32.dll KernelBase.dll advapi32.dll msvcrt.dll sechost.dll rpcrt4.dll lpk.dll shell32.dll dpx.dll comctl32.dll cryptbase.dll cryptsp.dll winmm.dll wdscore.dll dbghelp.dll clbcatq.dll wintrust.dll RpcRtRemote.dll msswch.dll cabinet.dll wuapi.dll wups.dll wups.dll wu.upgrade.ps.dll,normal
 kernelbase.dll usp10.dll imm32.dll ole32.dll oleaut32.dll cryptbase.dll sechost.dll kernel32.dll lpk.dll usp10.dll imm32.dll msctf.dll ole32.dll rpcrt4.dll oleaut32.dll advapi32.dll sechost.dll ntdll.dll ntdll.dll wow64win.dll wow64cpu.dll kernel32.dll kernel32.dll user32.dll advapi32.dll sechost.dll rpcrt4.dll cryptbase.dll dnsapi.dll dhcpcsvc.dll dhcpcsvc6.dll shell32.dll shlwapi.dll gdi32.dll user32.dll usp10.dll imm32.dll cryptsp.dll rpcrtremote.dll ntdll.dll wow64.dll wow64win.dll wow64cpu.dll kernel32.dll kernel32.dll kernelbase.dll sechost.dll rpcrt4.dll cryptbase.dll dnsapi.dll dhcpcsvc.dll shell32.dll gdi32.dll lpk.dll usp10.dll ole32.dll imm32.dll clbcatq.dll oleaut32.dll wevtapi.dll ntdll.dll ntdll.dll wow64.dll wow64cpu.dll kernel32.dll kernel32.dll user32.dll kernelbase.dll advapi32.dll msvcrt.dll rpcrt4.dll sspicli.dll cryptbase.dll dnsapi.dll ws2_32.dll nsi.dll winnsi.dll dhcpcsvc.dll dhcpcsvc6.dll user32.dll lpk.dll usp10.dll ole32.dll imm32.dll clbcatq.dll oleaut32.dll rsaenh.dll rpcrtremote.dll wevtapi.dll ntdll.dll wow64.dll wow64win.dll wow64cpu.dll kernel32.dll kernel32.dll user32.dll kernel32.dll kernelbase.dll msvcrt.dll oleaut32.dll gdi32.dll user32.dll advapi32.dll cryptbase.dll lpk.dll usp10.dll imm32.dll msctf.dll sxs.dll clbcatq.dll vbscript.dll wintrust.dll msasn1.dll cryptsp.dll rsaenh.dll msisip.dll wshext.dll comctl32.dll shell32.dll shlwapi.dll ntdll.dll kernelbase.dll gdi32.dll user32.dll usp10.dll msvcrt.dll msctf.dll ole32.dll rpcrt4.dll oleaut32.dll ntdll.dll wow64.dll wow64cpu.dll kernel32.dll kernelbase.dll msvcrt.dll gdi32.dll user32.dll advapi32.dll sechost.dll rpcrt4.dll sspicli.dll cryptbase.dll usp10.dll msctf.dll clbcatq.dll oleaut32.dll actxprxy.dll ntdll.dll ntdll.dll wow64cpu.dll kernel32.dll kernel32.dll kernelbase.dll rpcrt4.dll sspicli.dll gdi32.dll lpk.dll usp10.dll msctf.dll comctl32.dll shlwapi.dll credui.dll ntdll.dll user32.dll imm32.dll ole32.dll clbcatq.dll ntdll.dll advapi32.dll msvcrt.dll sechost.dll rpcrt4.dll gdi32.dll lpk.dll usp10.dll winmm.dll dwmapi.dll ole32.dll oleacc.dll shlwapi.dll wmsgapi.dll duser.dll imm32.dll msctf.dll,normal
 wow64cpu.dll user32.dll kernel32.dll kernelbase.dll winhttp.dll msvcrt.dll webio.dll user32.dll gdi32.dll usp10.dll sechost.dll rpcrt4.dll sspicli.dll cryptbase.dll shell32.dll shlwapi.dll ole32.dll oleaut32.dll imm32.dll api-ms-win-core-synch-l1-2-0.dll ntdll.dll sechost.dll user32.dll gdi32.dll lpk.dll usp10.dll oleaut32.dll tquery.dll tquery.dll shlwapi.dll imm32.dll msshooks.dll mscoree.dll mscoreei.dll clbcatq.dll,normal
 kernel32.dll KernelBase.dll user32.dll lpk.dll msvcrt.dll msctf.dll rpcrt4.dll uxtheme.dll dwmapi.dll msswch.dll advapi32.dll sechost.dll comctl32.dll shlwapi.dll,normal
 slc.dll imageres.dll imageres.dll imageres.dll imageres.dll imageres.dll explorerframe.dll cscui.dll cscdll.dll ntshrui.dll msftedit.dll tiptsf.dll searchfolder.dll thumbcache.dll psapi.dll samlib.dll mssprxy.dll mssvp.dll imageres.dll imageres.dll imageres.dll imageres.dll imageres.dll networkexplorer.dll wpdshext.dll ntlanman.dll portabledeviceapi.dll wintrust.dll audiodev.dll ehstorapi.dll ieproxy.dll imageres.dll imageres.dll imageres.dll imageres.dll imageres.dll imageres.dll imageres.dll imageres.dll imageres.dll ntmarta.dll mssvp.dll mapi32.dll,normal
 ntdll.dll wow64.dll wow64cpu.dll kernel32.dll kernel32.dll user32.dll kernelbase.dll user32.dll gdi32.dll lpk.dll sechost.dll sspicli.dll imm32.dll msctf.dll apphelp.dll,normal
 ntdll.dll kernelbase.dll ws2_32.dll ws2_32.dll msvcrt.dll msvcrt.dll rpcrt4.dll rpcrt4.dll nsi.dll nsi.dll vcruntime140.dll vcruntime140.dll api-ms-win-crt-runtime-l1-1-0.dll ucrtbase.dll api-ms-win-core-timezone-l1-1-0.dll api-ms-win-core-file-l2-1-0.dll api-ms-win-core-localization-l1-2-0.dll api-ms-win-core-processthreads-l1-1-1.dll api-ms-win-core-file-l1-2-0.dll api-ms-win-crt-stdio-l1-1-0.dll api-ms-win-crt-locale-l1-1-0.dll gdi32.dll imm32.dll,HTran
 ntdll.dll ntdll.dll kernel32.dll advapi32.dll advapi32.dll user32.dll ole32.dll oleaut32.dll tquery.dll tquery.dll shcore.dll shcore.dll msshooks.dll imm32.dll sechost.dll rpcrt4.dll gdi32.dll combase.dll shlwapi.dll kernel.appcore.dll cryptbase.dll cryptbase.dll bcryptprimitives.dll bcryptprimitives.dll msidle.dll clbcatq.dll cryptsp.dll cryptsp.dll rsaenh.dll bcrypt.dll iertutil.dll propsys.dll wininet.dll wininet.dll userenv.dll profapi.dll,normal
 ntdll.dll wow64.dll wow64cpu.dll kernel32.dll kernel32.dll user32.dll kernelbase.dll msvcrt.dll winbrand.dll user32.dll lpk.dll rpcrt4.dll sspicli.dll cryptbase.dll apphelp.dll,normal
 wow64cpu.dll kernel32.dll kernel32.dll oleaut32.dll ole32.dll gdi32.dll user32.dll advapi32.dll rpcrt4.dll cryptbase.dll shlwapi.dll version.dll clbcatq.dll mscoreei.dll fusion.dll clr.dll ntdll.dll kernel32.dll taskschd.dll ntdll.dll kernel32.dll KernelBase.dll msvcrt.dll rpcrt4.dll msvcr120_clr0400.dll mscoree.dll ole32.dll gdi32.dll user32.dll usp10.dll oleaut32.dll msctf.dll cryptsp.dll rsaenh.dll RpcRtRemote.dll sxs.dll mscoreei.dll mscorlib.ni.dll version.dll mscorlib.dll System.Core.ni.dll System.Activities.ni.dll System.Management.ni.dll System.Transactions.ni.dll System.Transactions.dll System.Transactions.dll System.Transactions.dll System.Transactions.dll Microsoft.PowerShell.Security.Activities.ni.dll,normal
 powrprof.dll cfgmgr32.dll devobj.dll,normal
 sensapi.dll sensapi.dll sensapi.dll sensapi.dll sensapi.dll sensapi.dll sensapi.dll sensapi.dll sensapi.dll sensapi.dll sensapi.dll sensapi.dll sensapi.dll sensapi.dll sensapi.dll sensapi.dll sensapi.dll sensapi.dll sensapi.dll sensapi.dll sensapi.dll sensapi.dll sensapi.dll sensapi.dll sensapi.dll sensapi.dll sensapi.dll sensapi.dll sensapi.dll sensapi.dll sensapi.dll sensapi.dll sensapi.dll sensapi.dll sensapi.dll sensapi.dll sensapi.dll sensapi.dll sensapi.dll sensapi.dll sensapi.dll sensapi.dll sensapi.dll sensapi.dll sensapi.dll sensapi.dll sensapi.dll sensapi.dll sensapi.dll sensapi.dll sensapi.dll sensapi.dll sensapi.dll sensapi.dll sensapi.dll sensapi.dll sensapi.dll sensapi.dll sensapi.dll sensapi.dll sensapi.dll sensapi.dll sensapi.dll sensapi.dll sensapi.dll sensapi.dll sensapi.dll sensapi.dll sensapi.dll sensapi.dll sensapi.dll sensapi.dll sensapi.dll sensapi.dll sensapi.dll sensapi.dll sensapi.dll sensapi.dll sensapi.dll sensapi.dll sensapi.dll sensapi.dll sensapi.dll sensapi.dll sensapi.dll sensapi.dll sensapi.dll sensapi.dll sensapi.dll sensapi.dll sensapi.dll sensapi.dll sensapi.dll sensapi.dll sensapi.dll sensapi.dll sensapi.dll sensapi.dll sensapi.dll sensapi.dll sensapi.dll sensapi.dll sensapi.dll sensapi.dll sensapi.dll sensapi.dll sensapi.dll sensapi.dll sensapi.dll sensapi.dll sensapi.dll sensapi.dll sensapi.dll sensapi.dll sensapi.dll sensapi.dll sensapi.dll sensapi.dll sensapi.dll sensapi.dll sensapi.dll sensapi.dll sensapi.dll sensapi.dll sensapi.dll sensapi.dll sensapi.dll sensapi.dll sensapi.dll sensapi.dll sensapi.dll sensapi.dll sensapi.dll sensapi.dll sensapi.dll sensapi.dll sensapi.dll sensapi.dll sensapi.dll sensapi.dll sensapi.dll sensapi.dll sensapi.dll sensapi.dll sensapi.dll sensapi.dll sensapi.dll sensapi.dll sensapi.dll sensapi.dll sensapi.dll sensapi.dll sensapi.dll sensapi.dll sensapi.dll sensapi.dll sensapi.dll sensapi.dll sensapi.dll sensapi.dll sensapi.dll sensapi.dll sensapi.dll sensapi.dll sensapi.dll sensapi.dll sensapi.dll sensapi.dll sensapi.dll sensapi.dll sensapi.dll sensapi.dll sensapi.dll sensapi.dll sensapi.dll sensapi.dll sensapi.dll sensapi.dll sensapi.dll sensapi.dll sensapi.dll sensapi.dll sensapi.dll sensapi.dll sensapi.dll sensapi.dll sensapi.dll sensapi.dll sensapi.dll sensapi.dll sensapi.dll sensapi.dll sensapi.dll sensapi.dll sensapi.dll sensapi.dll sensapi.dll sensapi.dll sensapi.dll sensapi.dll sensapi.dll sensapi.dll sensapi.dll sensapi.dll sensapi.dll sensapi.dll sensapi.dll sensapi.dll sensapi.dll sensapi.dll sensapi.dll sensapi.dll sensapi.dll sensapi.dll sensapi.dll sensapi.dll sensapi.dll sensapi.dll sensapi.dll sensapi.dll sensapi.dll sensapi.dll sensapi.dll sensapi.dll sensapi.dll sensapi.dll sensapi.dll sensapi.dll sensapi.dll sensapi.dll sensapi.dll sensapi.dll ole32.dll msctf.dll msctf.dll imecfm.dll,normal
 ntdll.dll kernelbase.dll advapi32.dll msvcrt.dll rpcrt4.dll winmm.dll dwmapi.dll gdiplus.dll ole32.dll duser.dll uxtheme.dll imm32.dll msctf.dll cryptbase.dll dui70.dll comctl32.dll xmllite.dll cryptsp.dll rsaenh.dll cfgmgr32.dll windowscodecs.dll mmdevapi.dll propsys.dll shell32.dll imecfm.dll,normal
 ntdll.dll wow64cpu.dll kernel32.dll kernel32.dll kernel32.dll kernelbase.dll advapi32.dll msvcrt.dll sechost.dll sspicli.dll cryptbase.dll ws2_32.dll winnsi.dll dhcpcsvc.dll shell32.dll shlwapi.dll user32.dll lpk.dll msctf.dll clbcatq.dll oleaut32.dll cryptsp.dll rsaenh.dll rpcrtremote.dll ntdll.dll wow64win.dll wow64cpu.dll kernel32.dll kernel32.dll advapi32.dll rpcrt4.dll sspicli.dll cryptbase.dll msvcr120_clr0400.dll gdi32.dll user32.dll lpk.dll usp10.dll oleaut32.dll imm32.dll msctf.dll cryptsp.dll rpcrtremote.dll clbcatq.dll sxs.dll mscoreei.dll msvcr80.dll shlwapi.dll shell32.dll mscorlib.ni.dll mscorlib.dll mscorlib.dll system.ni.dll system.core.ni.dll system.addin.ni.dll mscorsec.dll riched20.dll bcryptprimitives.dll userenv.dll gpapi.dll sensapi.dll system.addin.dll system.addin.dll system.addin.dll microsoft.visualstudio.tools.office.excel.hostadapter.v10.0.dll microsoft.visualstudio.tools.office.excel.hostadapter.v10.0.dll system.dll system.dll system.dll system.core.dll system.core.dll microsoft.visualstudio.tools.office.hostadapter.v10.0.ni.dll microsoft.visualstudio.tools.office.hostadapter.v10.0.dll microsoft.visualstudio.tools.office.hostadapter.v10.0.dll microsoft.visualstudio.tools.office.runtime.v10.0.dll system.addin.contract.dll microsoft.visualstudio.tools.applications.adapter.v9.0.dll microsoft.visualstudio.tools.office.contract.v9.0.ni.dll microsoft.visualstudio.tools.office.contract.v9.0.dll microsoft.visualstudio.tools.office.contract.v9.0.dll microsoft.visualstudio.tools.applications.contract.v9.0.dll microsoft.visualstudio.tools.applications.runtime.v9.0.ni.dll microsoft.visualstudio.tools.applications.runtime.v9.0.dll microsoft.visualstudio.tools.applications.runtime.v9.0.dll system.runtime.remoting.dll system.runtime.remoting.dll system.configuration.ni.dll system.configuration.dll system.configuration.dll system.xml.ni.dll system.xml.dll system.xml.dll system.xml.dll system.security.ni.dll system.security.dll system.security.dll system.security.dll system.security.dll,normal
 kernelbase.dll gdi32.dll user32.dll msvcrt.dll msvcrt.dll oleaut32.dll combase.dll rpcrt4.dll rpcrt4.dll ntdll.dll kernel32.dll kernelbase.dll advapi32.dll advapi32.dll msvcrt.dll shell32.dll ole32.dll sechost.dll rpcrt4.dll combase.dll imm32.dll uxtheme.dll uxtheme.dll dwmapi.dll shcore.dll shcore.dll kernel.appcore.dll cryptbase.dll cryptbase.dll bcryptprimitives.dll,normal
 kernelbase.dll msvcrt.dll lpk.dll usp10.dll msctf.dll advapi32.dll sechost.dll rpcrt4.dll apphelp.dll,normal
 ntdll.dll wow64win.dll wow64cpu.dll kernel32.dll user32.dll kernel32.dll advapi32.dll rpcrt4.dll sspicli.dll cryptbase.dll dnsapi.dll nsi.dll winnsi.dll dhcpcsvc.dll gdi32.dll user32.dll lpk.dll usp10.dll imm32.dll msctf.dll oleaut32.dll cryptsp.dll RpcRtRemote.dll ntdll.dll kernel32.dll gdi32.dll user32.dll lpk.dll usp10.dll msvcrt.dll imm32.dll msctf.dll ole32.dll rpcrt4.dll cryptbase.dll advapi32.dll ntdll.dll wow64cpu.dll kernel32.dll kernel32.dll user32.dll KernelBase.dll advapi32.dll msvcrt.dll rpcrt4.dll dnsapi.dll nsi.dll dhcpcsvc.dll dhcpcsvc6.dll shell32.dll shlwapi.dll user32.dll usp10.dll imm32.dll msctf.dll clbcatq.dll oleaut32.dll cryptsp.dll RpcRtRemote.dll ntdll.dll ntdll.dll wow64win.dll wow64cpu.dll kernel32.dll kernel32.dll KernelBase.dll advapi32.dll sechost.dll cryptbase.dll imm32.dll msctf.dll,normal
 normaliz.dll normaliz.dll webio.dll webio.dll wintrust.dll cryptdlg.dll cryptnet.dll cryptui.dll osf.dll osfproxy.dll igd10iumd64.dll igc64.dll mssprxy.dll igc64.dll igc64.dll edputil.dll igd10iumd64.dll igc64.dll mssprxy.dll igc64.dll mssprxy.dll igd10iumd64.dll igd10iumd64.dll igd10iumd64.dll igc64.dll igc64.dll,normal
 ntdll.dll ntdll.dll wow64win.dll kernel32.dll kernel32.dll kernelbase.dll user32.dll gdi32.dll lpk.dll advapi32.dll sechost.dll rpcrt4.dll cryptbase.dll imm32.dll apphelp.dll,normal
 ntdll.dll wow64.dll wow64win.dll wow64cpu.dll kernel32.dll kernel32.dll user32.dll kernel32.dll KernelBase.dll advapi32.dll msvcrt.dll sechost.dll rpcrt4.dll sspicli.dll ws2_32.dll nsi.dll dhcpcsvc.dll dhcpcsvc6.dll shell32.dll gdi32.dll user32.dll lpk.dll msctf.dll clbcatq.dll oleaut32.dll cryptsp.dll kernel32.dll usp10.dll msvcrt.dll ole32.dll oleaut32.dll cryptbase.dll clbcatq.dll advapi32.dll sechost.dll ntdll.dll wow64win.dll kernel32.dll kernel32.dll kernel32.dll kernel32.dll KernelBase.dll advapi32.dll msvcrt.dll sspicli.dll dnsapi.dll ws2_32.dll nsi.dll winnsi.dll shell32.dll gdi32.dll user32.dll imm32.dll clbcatq.dll cryptsp.dll rsaenh.dll RpcRtRemote.dll wevtapi.dll ntdll.dll wow64.dll wow64win.dll kernel32.dll kernel32.dll user32.dll KernelBase.dll msvcrt.dll lpk.dll usp10.dll advapi32.dll sechost.dll rpcrt4.dll,normal
 kernel32.dll msvcrt.dll combase.dll devobj.dll sechost.dll cfgmgr32.dll kernel.appcore.dll cryptbase.dll cryptsp.dll rsaenh.dll bcrypt.dll audioses.dll oleaut32.dll powrprof.dll avrt.dll audioeng.dll winsta.dll rdpendp.dll winmm.dll propsys.dll ksuser.dll mfcore.dll mfplat.dll,normal
 ntdll.dll kernel32.dll msvcrt.dll rpcrt4.dll cryptbase.dll clbcatq.dll user32.dll imm32.dll sechost.dll cryptsp.dll rsaenh.dll bcrypt.dll userenv.dll profapi.dll,normal
 advapi32.dll msvcrt.dll sechost.dll rpcrt4.dll user32.dll gdi32.dll usp10.dll ole32.dll tquery.dll imm32.dll msctf.dll msshooks.dll msshooks.dll mscoree.dll mscoreei.dll clbcatq.dll cryptsp.dll sxs.dll,normal
 ntdll.dll KernelBase.dll user32.dll lpk.dll usp10.dll msvcrt.dll imm32.dll msctf.dll rpcrt4.dll oleaut32.dll cryptbase.dll clbcatq.dll advapi32.dll sechost.dll ntdll.dll wow64.dll wow64cpu.dll kernel32.dll kernel32.dll user32.dll KernelBase.dll advapi32.dll msvcrt.dll rpcrt4.dll cryptbase.dll ws2_32.dll winnsi.dll dhcpcsvc.dll dhcpcsvc6.dll shlwapi.dll gdi32.dll lpk.dll imm32.dll msctf.dll clbcatq.dll cryptsp.dll rsaenh.dll wevtapi.dll ntdll.dll kernel32.dll KernelBase.dll advapi32.dll msvcrt.dll sechost.dll rpcrt4.dll gdi32.dll user32.dll lpk.dll usp10.dll msimg32.dll winmm.dll userenv.dll profapi.dll msctf.dll imm32.dll msutb.dll comctl32.dll secur32.dll wintrust.dll imagehlp.dll bcrypt.dll bcryptprimitives.dll ncrypt.dll gpapi.dll Wldap32.dll oleaut32.dll devobj.dll devrtl.dll version.dll oleaut32.dll iertutil.dll kernel32.dll user32.dll kernel32.dll KernelBase.dll winbrand.dll user32.dll lpk.dll cryptbase.dll imm32.dll apphelp.dll,normal
 ntdll.dll kernel32.dll kernelbase.dll advapi32.dll crypt32.dll netapi32.dll rpcrt4.dll shlwapi.dll secur32.dll shell32.dll version.dll hid.dll setupapi.dll winscard.dll winsta.dll sechost.dll netutils.dll srvcli.dll wkscli.dll combase.dll gdi32.dll sspicli.dll cfgmgr32.dll devobj.dll cryptsp.dll bcryptprimitives.dll kernel.appcore.dll bcrypt.dll,mimikatz
 kernel32.dll gdi32.dll lpk.dll usp10.dll msvcrt.dll msctf.dll ole32.dll rpcrt4.dll oleaut32.dll clbcatq.dll sechost.dll,normal
 wow64.dll kernel32.dll kernel32.dll user32.dll KernelBase.dll msvcrt.dll winbrand.dll lpk.dll usp10.dll rpcrt4.dll sspicli.dll cryptbase.dll imm32.dll msctf.dll apphelp.dll,normal
 mscoree.dll clr.dll msvcr120_clr0400.dll ntdll.dll wow64cpu.dll kernelbase.dll oleaut32.dll ole32.dll sechost.dll rpcrt4.dll sspicli.dll lpk.dll usp10.dll imm32.dll msctf.dll shlwapi.dll msctf.dll mscoree.dll mscoreei.dll clr.dll ntdll.dll kernel32.dll kernel32.dll kernelbase.dll msvcrt.dll sechost.dll rpcrt4.dll shlwapi.dll gdi32.dll user32.dll lpk.dll imm32.dll fusion.dll cryptsp.dll mscorsvc.dll,normal
 ntdll.dll wow64win.dll kernel32.dll kernel32.dll kernel32.dll kernel32.dll KernelBase.dll msvcrt.dll winbrand.dll lpk.dll sspicli.dll cryptbase.dll imm32.dll msctf.dll apphelp.dll,normal
 wlidsvc.dll taskschd.dll,normal
 kernel32.dll KernelBase.dll msvcrt.dll gdi32.dll user32.dll lpk.dll usp10.dll rpcrt4.dll msctf.dll sechost.dll rsaenh.dll RpcRtRemote.dll shacct.dll comctl32.dll shlwapi.dll userenv.dll profapi.dll IDStore.dll ntdll.dll ntdll.dll wow64.dll wow64win.dll wow64cpu.dll kernel32.dll kernel32.dll kernel32.dll user32.dll kernel32.dll KernelBase.dll advapi32.dll msvcrt.dll sechost.dll dnsapi.dll nsi.dll winnsi.dll dhcpcsvc.dll shlwapi.dll user32.dll lpk.dll usp10.dll clbcatq.dll oleaut32.dll wow64.dll wow64win.dll wow64cpu.dll kernel32.dll kernel32.dll kernel32.dll KernelBase.dll advapi32.dll cryptbase.dll nsi.dll dhcpcsvc.dll shell32.dll gdi32.dll user32.dll ole32.dll imm32.dll msctf.dll clbcatq.dll oleaut32.dll rsaenh.dll wevtapi.dll,normal
 ntdll.dll KernelBase.dll gdi32.dll user32.dll usp10.dll rpcrt4.dll oleaut32.dll cryptbase.dll sechost.dll ntdll.dll ntdll.dll wow64.dll wow64win.dll kernel32.dll kernel32.dll kernel32.dll user32.dll kernel32.dll msvcrt.dll winbrand.dll lpk.dll advapi32.dll sechost.dll imm32.dll msctf.dll apphelp.dll,normal
 ntdll.dll kernel32.dll sechost.dll rpcrt4.dll lpk.dll imm32.dll shlwapi.dll dbghelp.dll cbscore.dll crypt32.dll wintrust.dll userenv.dll profapi.dll dpx.dll dpx.dll wcp.dll drupdate.dll mpr.dll wrpint.dll winhttp.dll webio.dll winhttp.dll sensapi.dll cryptsp.dll rsaenh.dll rpcrtremote.dll clbcatq.dll cbsapi.dll ntdll.dll wow64.dll wow64cpu.dll kernel32.dll kernel32.dll kernel32.dll kernel32.dll kernelbase.dll advapi32.dll msvcrt.dll dnsapi.dll nsi.dll winnsi.dll dhcpcsvc.dll dhcpcsvc6.dll shell32.dll shlwapi.dll gdi32.dll lpk.dll usp10.dll ole32.dll msctf.dll clbcatq.dll cryptsp.dll rpcrtremote.dll ntdll.dll ntdll.dll wow64.dll wow64cpu.dll kernel32.dll kernel32.dll kernel32.dll kernelbase.dll user32.dll gdi32.dll lpk.dll usp10.dll sspicli.dll cryptbase.dll msctf.dll apphelp.dll,normal
 twinapi.appcore.dll onecorecommonproxystub.dll execmodelproxy.dll policymanager.dll msvcp110_win.dll windows.staterepositoryps.dll wintrust.dll msasn1.dll crypt32.dll ntmarta.dll capabilityaccessmanagerclient.dll mssvp.dll execmodelclient.dll execmodelproxy.dll policymanager.dll msvcp110_win.dll capauthz.dll msasn1.dll crypt32.dll wintrust.dll mssvp.dll execmodelclient.dll capauthz.dll wintrust.dll crypt32.dll ntmarta.dll mssvp.dll,normal
 ntdll.dll advapi32.dll msvcrt.dll ole32.dll gdi32.dll user32.dll usp10.dll imm32.dll msctf.dll RpcRtRemote.dll dnsapi.dll nsi.dll oleaut32.dll clbcatq.dll sspicli.dll taskschd.dll sppwinob.dll sppwinob.dll,normal
 pautoenr.dll Wldap32.dll CertEnroll.dll,normal
 ntdll.dll advapi32.dll rpcrt4.dll ole32.dll gdi32.dll user32.dll usp10.dll imm32.dll oleaut32.dll shlwapi.dll dbghelp.dll cryptbase.dll version.dll crypt32.dll msasn1.dll profapi.dll ktmw32.dll dpx.dll dpx.dll wcp.dll drupdate.dll setupapi.dll devobj.dll wrpint.dll sxsstore.dll sqmapi.dll winhttp.dll webio.dll rsaenh.dll clbcatq.dll cbsapi.dll smiengine.dll,normal
 ntdll.dll wow64.dll kernel32.dll kernel32.dll kernel32.dll KernelBase.dll advapi32.dll msvcrt.dll rpcrt4.dll sspicli.dll cryptbase.dll nsi.dll winnsi.dll dhcpcsvc.dll dhcpcsvc6.dll shlwapi.dll user32.dll imm32.dll clbcatq.dll cryptsp.dll rsaenh.dll wevtapi.dll ntdll.dll ntdll.dll wow64.dll wow64win.dll wow64cpu.dll kernel32.dll user32.dll kernel32.dll KernelBase.dll msvcrt.dll ole32.dll gdi32.dll user32.dll sechost.dll rpcrt4.dll sspicli.dll cryptbase.dll usp10.dll msctf.dll clbcatq.dll RpcRtRemote.dll shell32.dll shlwapi.dll actxprxy.dll comctl32.dll ntdll.dll kernel32.dll KernelBase.dll gdi32.dll user32.dll lpk.dll msvcrt.dll cryptbase.dll advapi32.dll sechost.dll ntdll.dll kernel32.dll msvcrt.dll ole32.dll gdi32.dll user32.dll usp10.dll rpcrt4.dll imm32.dll msctf.dll sechost.dll crypt32.dll GdiPlus.dll setupapi.dll authui.dll comctl32.dll duser.dll winbrand.dll wtsapi32.dll SmartcardCredentialProvider.dll certCredProvider.dll rasapi32.dll rasman.dll rtutils.dll oleacc.dll propsys.dll psapi.dll dwmapi.dll xmllite.dll powrprof.dll WindowsCodecs.dll version.dll imecfm.dll WinSCard.dll imageres.dll crypt32.dll msasn1.dll,normal
 ntdll.dll KernelBase.dll user32.dll lpk.dll msvcrt.dll imm32.dll msctf.dll ole32.dll rpcrt4.dll cryptbase.dll ntdll.dll ntdll.dll wow64.dll wow64cpu.dll kernel32.dll kernel32.dll kernel32.dll user32.dll advapi32.dll sechost.dll rpcrt4.dll dnsapi.dll ws2_32.dll winnsi.dll dhcpcsvc.dll dhcpcsvc6.dll shell32.dll shlwapi.dll usp10.dll imm32.dll msctf.dll clbcatq.dll oleaut32.dll rsaenh.dll ntdll.dll wow64.dll wow64win.dll kernel32.dll kernel32.dll kernel32.dll KernelBase.dll msvcrt.dll winbrand.dll user32.dll sechost.dll rpcrt4.dll sspicli.dll msctf.dll,normal
 ntdll.dll kernel32.dll rpcrt4.dll bcryptprimitives.dll gdi32full.dll imm32.dll oleaut32.dll msvcp_win.dll propsys.dll sechost.dll shell32.dll windows.storage.dll powrprof.dll advapi32.dll shlwapi.dll kernel.appcore.dll profapi.dll clbcatq.dll,normal
 ntdll.dll kernel32.dll kernelbase.dll advapi32.dll msvcrt.dll sechost.dll mscoree.dll lpk.dll usp10.dll oleaut32.dll msctf.dll cryptbase.dll rsaenh.dll rpcrtremote.dll sxs.dll mscorwks.dll shell32.dll mscorjit.dll version.dll mscorlib.dll mscorlib.dll wintrust.dll crypt32.dll msasn1.dll imagehlp.dll ncrypt.dll bcrypt.dll gpapi.dll sensapi.dll system.addin.contract.ni.dll kernel32.dll kernelbase.dll advapi32.dll msvcrt.dll sechost.dll rpcrt4.dll mscoree.dll gdi32.dll user32.dll imm32.dll cryptbase.dll cryptsp.dll rsaenh.dll clbcatq.dll clr.dll shlwapi.dll clrjit.dll system.ni.dll system.core.ni.dll version.dll microsoft.internal.tasks.dataflow.ni.dll mscorlib.dll mscorlib.dll system.numerics.ni.dll system.configuration.ni.dll kernel32.dll advapi32.dll rpcrt4.dll msvcr120_clr0400.dll mscoree.dll ole32.dll lpk.dll usp10.dll cryptbase.dll clr.dll shlwapi.dll mscorlib.ni.dll clrjit.dll smdiagnostics.ni.dll mscorlib.dll system.configuration.ni.dll system.servicemodel.internals.ni.dll ntdll.dll sechost.dll rpcrt4.dll mscoree.dll gdi32.dll user32.dll msctf.dll rpcrtremote.dll clbcatq.dll sxs.dll mscoreei.dll clr.dll shlwapi.dll clrjit.dll system.core.ni.dll mscorlib.dll system.xaml.ni.dll system.xml.ni.dll system.configuration.ni.dll wow64.dll wow64win.dll wow64cpu.dll kernel32.dll kernel32.dll kernel32.dll kernelbase.dll msvcrt.dll rpcrt4.dll msvcr120_clr0400.dll user32.dll usp10.dll oleaut32.dll imm32.dll msctf.dll cryptsp.dll rsaenh.dll rpcrtremote.dll clbcatq.dll mscoreei.dll mscorwks.dll msvcr80.dll shell32.dll profapi.dll mscorjit.dll version.dll system.ni.dll system.addin.ni.dll system.addin.dll system.addin.dll system.addin.dll system.dll system.dll system.dll system.runtime.remoting.dll system.runtime.remoting.dll system.addin.contract.ni.dll system.addin.contract.dll system.addin.contract.dll system.web.ni.dll system.web.dll system.web.dll system.web.dll system.runtime.serialization.formatters.soap.ni.dll system.runtime.serialization.formatters.soap.dll system.runtime.serialization.formatters.soap.dll system.xml.ni.dll system.xml.dll system.xml.dll system.xml.dll system.xml.dll system.directoryservices.dll system.directoryservices.dll system.directoryservices.dll system.configuration.ni.dll system.configuration.dll system.configuration.dll system.security.ni.dll system.security.dll system.security.dll system.security.dll system.data.sqlxml.dll system.data.sqlxml.dll system.drawing.dll system.drawing.dll system.drawing.dll system.data.dll system.data.dll system.data.dll ws2_32.dll msasn1.dll system.web.services.ni.dll system.web.services.dll system.web.services.dll system.web.services.dll system.directoryservices.protocols.ni.dll system.directoryservices.protocols.dll system.enterpriseservices.ni.dll system.enterpriseservices.dll system.design.ni.dll system.design.dll system.design.dll system.serviceprocess.ni.dll system.windows.forms.dll system.web.regularexpressions.ni.dll system.web.regularexpressions.dll microsoft.visualc.ni.dll system.transactions.dll system.transactions.dll system.transactions.dll system.drawing.design.ni.dll system.drawing.design.dll system.drawing.design.dll system.data.oracleclient.ni.dll system.data.oracleclient.dll system.data.oracleclient.dll system.data.oracleclient.dll system.data.oracleclient.dll accessibility.dll system.deployment.dll system.deployment.dll system.configuration.install.ni.dll system.configuration.install.dll system.configuration.install.dll ntdll.dll ntdll.dll wow64.dll wow64win.dll kernel32.dll user32.dll kernelbase.dll advapi32.dll msvcrt.dll sechost.dll sspicli.dll msvcr120_clr0400.dll mscoree.dll ole32.dll gdi32.dll user32.dll lpk.dll usp10.dll oleaut32.dll imm32.dll msctf.dll rsaenh.dll rpcrtremote.dll clbcatq.dll clr.dll mscorlib.ni.dll clrjit.dll system.ni.dll version.dll mscorlib.dll mscorlib.dll system.dll system.configuration.dll system.core.dll system.servicemodel.internals.ni.dll system.servicemodel.internals.dll system.xml.ni.dll system.xml.dll ntdll.dll ntdll.dll wow64win.dll wow64cpu.dll kernel32.dll kernel32.dll kernel32.dll user32.dll kernel32.dll advapi32.dll msvcrt.dll mscoree.dll gdi32.dll user32.dll usp10.dll oleaut32.dll msctf.dll cryptsp.dll rsaenh.dll clbcatq.dll mscoreei.dll clr.dll mscorlib.ni.dll system.ni.dll version.dll mscorlib.dll system.dll system.web.datavisualization.design.ni.dll system.web.datavisualization.ni.dll system.web.datavisualization.dll system.web.datavisualization.dll system.drawing.ni.dll system.drawing.dll system.windows.forms.ni.dll system.windows.forms.dll system.design.ni.dll system.core.dll system.core.dll system.drawing.design.ni.dll system.configuration.dll system.web.dll system.web.dll system.xml.ni.dll system.xml.dll system.xml.dll,normal
 sensapi.dll,normal
 ntdll.dll kernelbase.dll msvcrt.dll,normal
 ntdll.dll kernel32.dll kernelbase.dll user32.dll gdi32.dll lpk.dll usp10.dll oleaut32.dll tquery.dll shlwapi.dll imm32.dll msshooks.dll cryptbase.dll clbcatq.dll cryptsp.dll rsaenh.dll msvcrt.dll sechost.dll msvcr120_clr0400.dll mscoree.dll ole32.dll gdi32.dll user32.dll usp10.dll msctf.dll cryptbase.dll rsaenh.dll rpcrtremote.dll clbcatq.dll sxs.dll mscoreei.dll mscorwks.dll shlwapi.dll profapi.dll mscorlib.ni.dll mscorlib.dll mscorlib.dll ehiwuapi.ni.dll,normal
 ntdll.dll wow64cpu.dll kernel32.dll user32.dll kernel32.dll KernelBase.dll rpcrt4.dll ws2_32.dll winnsi.dll dhcpcsvc.dll shlwapi.dll gdi32.dll user32.dll lpk.dll usp10.dll ole32.dll imm32.dll msctf.dll cryptsp.dll RpcRtRemote.dll wevtapi.dll ntdll.dll ntdll.dll wow64.dll wow64win.dll kernel32.dll kernel32.dll user32.dll KernelBase.dll advapi32.dll msvcrt.dll rpcrt4.dll cryptbase.dll dnsapi.dll ws2_32.dll nsi.dll winnsi.dll dhcpcsvc6.dll shell32.dll shlwapi.dll user32.dll lpk.dll usp10.dll msctf.dll clbcatq.dll oleaut32.dll RpcRtRemote.dll wevtapi.dll KernelBase.dll gdi32.dll user32.dll lpk.dll usp10.dll imm32.dll msctf.dll ole32.dll rpcrt4.dll ntdll.dll kernel32.dll user32.dll lpk.dll usp10.dll msvcrt.dll ole32.dll oleaut32.dll clbcatq.dll advapi32.dll kernel32.dll msvcrt.dll rpcrt4.dll shell32.dll shlwapi.dll gdi32.dll user32.dll mfc42u.dll ole32.dll odbc32.dll credui.dll userenv.dll profapi.dll netapi32.dll logoncli.dll imm32.dll comctl32.dll cryptbase.dll ws2_32.dll secur32.dll sspicli.dll clbcatq.dll mpr.dll dssec.dll samcli.dll gpapi.dll wtsapi32.dll sxs.dll adsldp.dll wship6.dll dnsapi.dll winnsi.dll cryptdll.dll gpedit.dll adsldpc.dll atl.dll dfscli.dll framedynos.dll,normal
 msctf.dll ntdll.dll kernelbase.dll oleaut32.dll imm32.dll ntdll.dll wow64cpu.dll kernel32.dll user32.dll kernel32.dll kernelbase.dll msvcrt.dll sspicli.dll cryptbase.dll msvcr120_clr0400.dll gdi32.dll user32.dll lpk.dll usp10.dll oleaut32.dll imm32.dll msctf.dll ntdll.dll cryptsp.dll clbcatq.dll sxs.dll msvcr80.dll shlwapi.dll shell32.dll profapi.dll mscorlib.ni.dll mscorlib.dll version.dll mscorlib.dll presentationframework.royale.ni.dll presentationframework.royale.dll presentationframework.royale.dll presentationframework.royale.dll windowsbase.ni.dll presentationcore.ni.dll presentationframework.ni.dll presentationframework.dll windowsbase.dll windowsbase.dll system.dll system.dll system.dll system.dll presentationcore.dll presentationcore.dll presentationcore.dll system.xml.ni.dll system.xml.dll uiautomationprovider.dll uiautomationprovider.dll system.drawing.ni.dll system.drawing.dll system.drawing.dll system.deployment.ni.dll system.deployment.dll system.deployment.dll system.deployment.dll presentationui.ni.dll presentationui.dll presentationui.dll system.printing.ni.dll system.printing.dll system.printing.dll system.printing.dll reachframework.ni.dll reachframework.dll uiautomationtypes.dll uiautomationtypes.dll uiautomationtypes.dll system.data.dll system.data.dll system.data.dll nsi.dll crypt32.dll msasn1.dll accessibility.ni.dll accessibility.dll accessibility.dll accessibility.dll system.configuration.ni.dll system.configuration.dll system.configuration.dll system.configuration.dll system.security.ni.dll system.security.dll system.security.dll system.data.sqlxml.ni.dll system.data.sqlxml.dll presentationcffrasterizer.ni.dll presentationcffrasterizer.dll presentationcffrasterizer.dll system.windows.forms.ni.dll system.windows.forms.dll system.windows.forms.dll system.windows.forms.dll system.windows.forms.dll system.runtime.serialization.formatters.soap.dll system.runtime.serialization.formatters.soap.dll system.directoryservices.dll system.directoryservices.dll system.transactions.dll system.transactions.dll system.transactions.dll system.transactions.dll system.transactions.dll system.enterpriseservices.dll system.runtime.remoting.dll system.web.dll system.web.services.ni.dll system.web.services.dll system.directoryservices.protocols.dll system.serviceprocess.ni.dll system.serviceprocess.dll system.serviceprocess.dll system.web.regularexpressions.dll system.web.regularexpressions.dll system.web.regularexpressions.dll system.drawing.design.ni.dll system.drawing.design.dll system.data.oracleclient.ni.dll system.data.oracleclient.dll system.data.oracleclient.dll system.data.oracleclient.dll system.configuration.install.ni.dll system.configuration.install.dll,normal
 ntdll.dll kernel32.dll kernelbase.dll advapi32.dll msvcrt.dll sechost.dll rpcrt4.dll msvcr120_clr0400.dll mscoree.dll ole32.dll gdi32.dll imm32.dll msctf.dll cryptsp.dll rsaenh.dll clbcatq.dll sxs.dll mscoreei.dll mscorwks.dll msvcr80.dll shlwapi.dll shell32.dll mscorlib.ni.dll mscorjit.dll mscorlib.dll mscorlib.dll mscorlib.dll mscorsec.dll crypt32.dll msasn1.dll ncrypt.dll bcrypt.dll bcryptprimitives.dll gpapi.dll wldap32.dll system.addin.contract.ni.dll microsoft.visualstudio.tools.applications.contract.v9.0.ni.dll microsoft.visualstudio.tools.applications.contract.v9.0.dll sechost.dll rpcrt4.dll msvcr120_clr0400.dll gdi32.dll user32.dll lpk.dll msctf.dll cryptbase.dll rpcrtremote.dll clbcatq.dll sxs.dll mscorwks.dll shell32.dll mscorjit.dll mscorlib.dll version.dll mscorlib.dll system.ni.dll microsoft.mediacenter.bml.ni.dll microsoft.mediacenter.ni.dll system.windows.forms.ni.dll ehiactivscp.ni.dll microsoft.mediacenter.ui.ni.dll microsoft.mediacenter.itv.hosting.ni.dll system.web.ni.dll system.web.dll system.web.dll system.configuration.ni.dll system.data.sqlxml.ni.dll bdatunepia.ni.dll bdatunepia.dll bdatunepia.dll system.runtime.remoting.ni.dll ehiuserxp.ni.dll system.web.services.ni.dll system.data.dll system.data.dll crypt32.dll system.directoryservices.ni.dll system.directoryservices.protocols.ni.dll system.design.ni.dll system.transactions.ni.dll system.transactions.dll system.transactions.dll system.runtime.serialization.formatters.soap.ni.dll system.drawing.design.ni.dll system.data.oracleclient.dll system.data.oracleclient.dll system.data.oracleclient.dll system.data.oracleclient.dll system.data.oracleclient.dll accessibility.ni.dll system.deployment.ni.dll system.configuration.install.ni.dll ehiproxy.ni.dll mcepg.ni.dll ehividctl.ni.dll mcstoredb.ni.dll mcstoredb.dll mcstoredb.dll mcstoredb.dll rasapi32.dll rasman.dll stdole.ni.dll mscorsec.dll wintrust.dll comctl32.dll riched20.dll imagehlp.dll ncrypt.dll bcrypt.dll bcryptprimitives.dll cryptnet.dll wldap32.dll sensapi.dll ntdll.dll ntdll.dll wow64cpu.dll kernel32.dll kernel32.dll kernel32.dll user32.dll kernelbase.dll advapi32.dll msvcrt.dll sechost.dll sspicli.dll cryptbase.dll msvcr120_clr0400.dll mscoree.dll oleaut32.dll imm32.dll rpcrtremote.dll clbcatq.dll shlwapi.dll mscorlib.ni.dll mscorlib.dll mscorlib.dll mscorlib.dll system.ni.dll presentationcore.ni.dll presentationcore.dll presentationcore.dll windowsbase.dll windowsbase.dll windowsbase.dll system.dll system.dll system.dll uiautomationprovider.ni.dll uiautomationprovider.dll uiautomationprovider.dll uiautomationprovider.dll uiautomationtypes.ni.dll uiautomationtypes.dll system.xml.ni.dll system.xml.dll system.xml.dll system.xml.dll system.deployment.ni.dll system.deployment.dll presentationcffrasterizer.ni.dll presentationcffrasterizer.dll presentationcffrasterizer.dll system.drawing.dll system.drawing.dll system.configuration.dll system.configuration.dll system.security.dll system.security.dll system.data.sqlxml.ni.dll system.data.sqlxml.dll system.data.sqlxml.dll system.data.sqlxml.dll accessibility.ni.dll accessibility.dll accessibility.dll system.windows.forms.ni.dll system.windows.forms.dll system.windows.forms.dll system.runtime.serialization.formatters.soap.dll,normal
 ntdll.dll wow64.dll wow64cpu.dll kernel32.dll user32.dll kernel32.dll KernelBase.dll msvcrt.dll winbrand.dll user32.dll gdi32.dll sechost.dll rpcrt4.dll sspicli.dll imm32.dll,normal
 ntdll.dll kernel32.dll,normal
 kernel32.dll kernelbase.dll user32.dll gdi32.dll msctf.dll advapi32.dll sechost.dll rpcrt4.dll apphelp.dll,normal
 ntdll.dll advapi32.dll msvcrt.dll sechost.dll rpcrt4.dll user32.dll lpk.dll usp10.dll comctl32.dll shlwapi.dll oleaut32.dll shell32.dll winbrand.dll slc.dll clbcatq.dll rsaenh.dll RpcRtRemote.dll sppc.dll msasn1.dll webio.dll nsi.dll setupapi.dll cfgmgr32.dll devobj.dll sppcext.dll wtsapi32.dll cryptui.dll msi.dll sxs.dll,normal
 msftedit.dll ntshrui.dll ImeBrokerps.dll CoreMessaging.dll,normal
 ntdll.dll wow64win.dll kernel32.dll user32.dll kernel32.dll msvcrt.dll gdi32.dll lpk.dll usp10.dll advapi32.dll sechost.dll rpcrt4.dll sspicli.dll cryptbase.dll imm32.dll,normal
 ntdll.dll advapi32.dll rpcrt4.dll gdi32.dll user32.dll lpk.dll usp10.dll nsi.dll winnsi.dll comctl32.dll shlwapi.dll shell32.dll secur32.dll uxtheme.dll vdmdbg.dll imm32.dll msctf.dll dwmapi.dll ole32.dll cryptbase.dll oleaut32.dll oleacc.dll winsta.dll setupapi.dll cfgmgr32.dll devobj.dll srvcli.dll wkscli.dll browcli.dll propsys.dll dhcpcsvc.dll,normal
 oleaut32.dll clbcatq.dll propsys.dll ntmarta.dll profapi.dll cfgmgr32.dll dwrite.dll,normal
 ntdll.dll kernel32.dll KernelBase.dll user32.dll lpk.dll msvcrt.dll imm32.dll rpcrt4.dll oleaut32.dll cryptbase.dll sechost.dll ntdll.dll wow64.dll wow64cpu.dll kernel32.dll kernel32.dll user32.dll advapi32.dll sechost.dll sspicli.dll cryptbase.dll msvcr120_clr0400.dll mscoree.dll ole32.dll gdi32.dll lpk.dll usp10.dll oleaut32.dll imm32.dll msctf.dll RpcRtRemote.dll clbcatq.dll version.dll System.Security.dll System.Security.dll mscorlib.dll System.dll System.Xml.ni.dll System.Xml.dll System.Configuration.ni.dll System.Configuration.dll System.Configuration.dll System.Core.dll System.Core.dll,normal
 ntdll.dll kernel32.dll user32.dll imm32.dll msctf.dll ole32.dll rpcrt4.dll oleaut32.dll,normal
 ntdll.dll ntdll.dll wow64.dll wow64win.dll wow64cpu.dll kernel32.dll kernel32.dll winbrand.dll gdi32.dll lpk.dll sechost.dll rpcrt4.dll sspicli.dll cryptbase.dll msctf.dll,normal
 ntdll.dll kernel32.dll rpcrt4.dll gdi32.dll lpk.dll oleaut32.dll shlwapi.dll samlib.dll secur32.dll sspicli.dll shell32.dll profapi.dll setupapi.dll winsta.dll imm32.dll cryptbase.dll crypt32.dll wintrust.dll cryptdll.dll netapi32.dll netutils.dll version.dll hid.dll winscard.dll vaultcli.dll bcrypt.dll bcryptprimitives.dll,mimikatz
 ntdll.dll ntdll.dll wow64.dll wow64win.dll wow64cpu.dll user32.dll kernel32.dll kernelbase.dll msvcrt.dll oleaut32.dll gdi32.dll user32.dll advapi32.dll cryptbase.dll lpk.dll usp10.dll version.dll imm32.dll clbcatq.dll vbscript.dll crypt32.dll rsaenh.dll msisip.dll comctl32.dll shell32.dll scrobj.dll msi.dll scrrun.dll ntdll.dll kernel32.dll gdi32.dll user32.dll usp10.dll imm32.dll msctf.dll rpcrt4.dll oleaut32.dll cryptbase.dll clbcatq.dll advapi32.dll sechost.dll ntdll.dll sechost.dll msvcr120_clr0400.dll mscoree.dll ole32.dll user32.dll usp10.dll oleaut32.dll msctf.dll rpcrtremote.dll clbcatq.dll mscoreei.dll mscorwks.dll shlwapi.dll shell32.dll profapi.dll mscorlib.dll mscorlib.dll custommarshalers.dll microsoft.visualc.ni.dll ntdll.dll kernel32.dll kernelbase.dll msvcrt.dll sechost.dll rpcrt4.dll ole32.dll lpk.dll imm32.dll msctf.dll rsaenh.dll rpcrtremote.dll clbcatq.dll sxs.dll mscoreei.dll mscorwks.dll msvcr80.dll shlwapi.dll shell32.dll profapi.dll mscorlib.ni.dll mscorjit.dll version.dll mscorlib.dll wintrust.dll crypt32.dll comctl32.dll riched20.dll ncrypt.dll bcrypt.dll userenv.dll cryptnet.dll sensapi.dll microsoft.visualstudio.tools.applications.runtime.v9.0.ni.dll system.data.dll ws2_32.dll windowsbase.ni.dll kernel32.dll kernelbase.dll advapi32.dll msvcrt.dll rpcrt4.dll msvcr120_clr0400.dll mscoree.dll ole32.dll user32.dll lpk.dll usp10.dll oleaut32.dll cryptbase.dll cryptsp.dll clbcatq.dll sxs.dll mscoreei.dll clr.dll mscorlib.ni.dll system.ni.dll version.dll mscorlib.dll system.configuration.ni.dll system.componentmodel.dataannotations.ni.dll system.numerics.ni.dll system.security.ni.dll ntdll.dll ntdll.dll wow64.dll wow64cpu.dll kernel32.dll kernel32.dll kernel32.dll kernel32.dll kernelbase.dll msvcrt.dll sechost.dll sspicli.dll msvcr120_clr0400.dll gdi32.dll lpk.dll msctf.dll cryptsp.dll rsaenh.dll rpcrtremote.dll clbcatq.dll sxs.dll system.addin.contract.ni.dll system.addin.contract.dll system.addin.contract.dll mscorlib.dll,normal
 ntdll.dll wow64.dll wow64cpu.dll kernel32.dll kernel32.dll kernel32.dll kernelbase.dll dnsapi.dll nsi.dll winnsi.dll dhcpcsvc.dll dhcpcsvc6.dll msvcrt.dll gdi32.dll lpk.dll advapi32.dll imm32.dll msctf.dll shell32.dll ole32.dll clbcatq.dll oleaut32.dll rsaenh.dll,normal
 ntdll.dll kernel32.dll gdi32.dll lpk.dll usp10.dll imm32.dll msctf.dll ole32.dll oleaut32.dll ntdll.dll kernel32.dll KernelBase.dll advapi32.dll msvcrt.dll user32.dll usp10.dll msctf.dll wdscore.dll shell32.dll CbsCore.dll msasn1.dll userenv.dll profapi.dll ktmw32.dll dpx.dll dpx.dll cfgmgr32.dll devobj.dll sxsstore.dll sqmapi.dll webio.dll winhttp.dll SensApi.dll clbcatq.dll smipi.dll smiengine.dll wow64.dll wow64win.dll wow64cpu.dll kernel32.dll kernel32.dll user32.dll kernel32.dll msvcrt.dll winbrand.dll user32.dll gdi32.dll lpk.dll rpcrt4.dll sspicli.dll cryptbase.dll imm32.dll msctf.dll apphelp.dll,normal
 ntdll.dll kernel32.dll KernelBase.dll advapi32.dll rpcrt4.dll gdi32.dll gdi32full.dll msvcp_win.dll shell32.dll SHCore.dll bcryptprimitives.dll powrprof.dll profapi.dll uxtheme.dll imm32.dll,normal
 kernel32.dll kernelbase.dll gdi32.dll user32.dll lpk.dll usp10.dll imm32.dll msctf.dll cryptbase.dll clbcatq.dll advapi32.dll,normal
 ntdll.dll ntdll.dll wow64.dll wow64win.dll wow64cpu.dll kernel32.dll kernel32.dll kernelbase.dll msvcrt.dll sechost.dll rpcrt4.dll sspicli.dll nsi.dll dhcpcsvc6.dll gdi32.dll ole32.dll imm32.dll msctf.dll clbcatq.dll oleaut32.dll cryptsp.dll wevtapi.dll ntdll.dll wow64cpu.dll kernel32.dll kernel32.dll kernel32.dll user32.dll kernel32.dll msvcrt.dll user32.dll gdi32.dll lpk.dll usp10.dll sechost.dll cryptbase.dll imm32.dll msctf.dll,normal
 ntdll.dll user32.dll msvcrt.dll imm32.dll msctf.dll ole32.dll rpcrt4.dll oleaut32.dll,normal
 ntdll.dll wow64win.dll wow64cpu.dll kernel32.dll kernel32.dll user32.dll KernelBase.dll msvcrt.dll user32.dll gdi32.dll usp10.dll sspicli.dll cryptbase.dll imm32.dll ntdll.dll ntdll.dll wow64.dll wow64win.dll wow64cpu.dll kernel32.dll kernel32.dll kernel32.dll msvcrt.dll sechost.dll dnsapi.dll ws2_32.dll dhcpcsvc6.dll shell32.dll shlwapi.dll user32.dll lpk.dll ole32.dll imm32.dll msctf.dll oleaut32.dll cryptsp.dll rsaenh.dll RpcRtRemote.dll,normal
 ntdll.dll kernel32.dll kernelbase.dll sechost.dll rpcrt4.dll mscoree.dll ole32.dll gdi32.dll user32.dll lpk.dll usp10.dll imm32.dll msctf.dll cryptsp.dll rsaenh.dll mscorwks.dll msvcr80.dll shlwapi.dll mscorjit.dll version.dll mscorlib.dll mscorlib.dll mscorsec.dll comctl32.dll riched20.dll userenv.dll cryptnet.dll kernelbase.dll msvcrt.dll rpcrt4.dll msvcr120_clr0400.dll gdi32.dll lpk.dll usp10.dll imm32.dll msctf.dll cryptbase.dll cryptsp.dll rsaenh.dll rpcrtremote.dll mscorwks.dll msvcr80.dll shell32.dll profapi.dll mscorlib.ni.dll mscorjit.dll mscorlib.dll version.dll mscorlib.dll system.ni.dll system.core.ni.dll system.addin.ni.dll microsoft.visualstudio.tools.office.excel.hostadapter.v10.0.ni.dll mscorsec.dll crypt32.dll msasn1.dll comctl32.dll riched20.dll imagehlp.dll ncrypt.dll bcrypt.dll cryptnet.dll wldap32.dll sensapi.dll microsoft.visualstudio.tools.office.hostadapter.v10.0.ni.dll system.addin.contract.ni.dll microsoft.visualstudio.tools.applications.adapter.v9.0.ni.dll microsoft.visualstudio.tools.applications.runtime.v9.0.ni.dll system.configuration.ni.dll system.xml.ni.dll system.security.ni.dll kernel32.dll advapi32.dll msvcrt.dll msvcr120_clr0400.dll gdi32.dll user32.dll lpk.dll oleaut32.dll imm32.dll msctf.dll cryptbase.dll cryptsp.dll clbcatq.dll msvcr80.dll shlwapi.dll profapi.dll mscorlib.ni.dll mscorjit.dll version.dll mscorlib.dll system.ni.dll system.management.automation.ni.dll system.transactions.ni.dll system.transactions.dll system.transactions.dll system.transactions.dll system.transactions.dll system.xml.ni.dll system.management.ni.dll system.data.ni.dll system.data.dll system.data.dll ws2_32.dll crypt32.dll system.security.ni.dll system.data.sqlxml.ni.dll system.runtime.serialization.formatters.soap.ni.dll system.deployment.ni.dll system.enterpriseservices.ni.dll system.enterpriseservices.dll microsoft.visualc.ni.dll system.web.ni.dll system.web.dll system.web.dll system.web.dll system.directoryservices.protocols.ni.dll system.serviceprocess.ni.dll system.web.regularexpressions.ni.dll system.data.oracleclient.ni.dll system.data.oracleclient.dll system.data.oracleclient.dll system.data.oracleclient.dll microsoft.jscript.ni.dll microsoft.vsa.ni.dll ntdll.dll kernel32.dll kernelbase.dll mscoree.dll ole32.dll lpk.dll usp10.dll oleaut32.dll imm32.dll msctf.dll cryptbase.dll rsaenh.dll rpcrtremote.dll clbcatq.dll mscoreei.dll clr.dll mscorlib.ni.dll clrjit.dll mscorlib.dll system.ni.dll system.windows.forms.ni.dll microsoft.office.tools.common.ni.dll microsoft.office.tools.ni.dll windowsbase.ni.dll presentationcore.ni.dll presentationcore.dll presentationcore.dll system.configuration.ni.dll ntdll.dll ntdll.dll wow64.dll wow64cpu.dll kernel32.dll kernel32.dll advapi32.dll sechost.dll rpcrt4.dll sspicli.dll cryptbase.dll msvcr120_clr0400.dll ole32.dll gdi32.dll oleaut32.dll imm32.dll msctf.dll rsaenh.dll mscoreei.dll mscorwks.dll msvcr80.dll shlwapi.dll shell32.dll profapi.dll mscorjit.dll mscorlib.dll version.dll mscorlib.dll mscorlib.dll system.configuration.install.dll system.dll system.dll system.dll system.dll system.runtime.serialization.formatters.soap.dll system.runtime.serialization.formatters.soap.dll system.drawing.ni.dll system.windows.forms.ni.dll system.windows.forms.dll system.windows.forms.dll system.configuration.ni.dll system.configuration.dll system.configuration.dll system.xml.dll system.xml.dll system.xml.dll system.security.dll system.security.dll system.security.dll system.data.sqlxml.dll system.data.sqlxml.dll system.data.sqlxml.dll accessibility.dll accessibility.dll accessibility.dll system.deployment.ni.dll system.deployment.dll,normal
 sechost.dll gdi32.dll user32.dll usp10.dll ole32.dll wmsgapi.dll winmm.dll userenv.dll profapi.dll winsta.dll crypt32.dll msasn1.dll msutb.dll comctl32.dll shlwapi.dll secur32.dll cryptbase.dll wintrust.dll cryptsp.dll imagehlp.dll bcrypt.dll cryptnet.dll wldap32.dll sensapi.dll cfgmgr32.dll devobj.dll devrtl.dll clbcatq.dll oleaut32.dll urlmon.dll wininet.dll iertutil.dll ntdll.dll kernel32.dll kernelbase.dll user32.dll gdi32.dll usp10.dll msvcrt.dll rpcrt4.dll msctf.dll comctl32.dll dsrole.dll samcli.dll samlib.dll oleaut32.dll shlwapi.dll sechost.dll cryptbase.dll uxtheme.dll version.dll,normal
 ntdll.dll wow64.dll wow64win.dll kernel32.dll kernel32.dll KernelBase.dll advapi32.dll msvcrt.dll sechost.dll rpcrt4.dll sspicli.dll cryptbase.dll ws2_32.dll nsi.dll shell32.dll lpk.dll usp10.dll ole32.dll msctf.dll cryptsp.dll rsaenh.dll RpcRtRemote.dll wevtapi.dll,normal
 ntdll.dll ntdll.dll wow64.dll wow64cpu.dll kernel32.dll kernel32.dll user32.dll kernel32.dll kernelbase.dll advapi32.dll msvcrt.dll sechost.dll dnsapi.dll nsi.dll winnsi.dll dhcpcsvc.dll dhcpcsvc6.dll shlwapi.dll gdi32.dll user32.dll lpk.dll usp10.dll imm32.dll clbcatq.dll oleaut32.dll wevtapi.dll ntdll.dll wow64.dll kernel32.dll kernel32.dll kernel32.dll msvcrt.dll sechost.dll sspicli.dll ws2_32.dll nsi.dll dhcpcsvc.dll dhcpcsvc6.dll shell32.dll gdi32.dll usp10.dll imm32.dll cryptsp.dll rsaenh.dll rpcrtremote.dll wevtapi.dll kernel32.dll kernelbase.dll gdi32.dll lpk.dll msvcrt.dll imm32.dll msctf.dll oleaut32.dll ntdll.dll ntdll.dll wow64.dll wow64win.dll kernel32.dll kernel32.dll kernel32.dll msvcrt.dll oleaut32.dll ole32.dll user32.dll advapi32.dll sechost.dll rpcrt4.dll sspicli.dll usp10.dll version.dll imm32.dll sxs.dll clbcatq.dll vbscript.dll advapi32.dll wintrust.dll msasn1.dll cryptsp.dll shlwapi.dll scrobj.dll scrrun.dll ntdll.dll wow64.dll wow64cpu.dll kernel32.dll kernel32.dll msvcrt.dll user32.dll advapi32.dll sechost.dll rpcrt4.dll sspicli.dll cryptbase.dll apphelp.dll,normal
 ntdll.dll ntdll.dll wow64.dll wow64win.dll kernel32.dll kernel32.dll wow64cpu.dll kernel32.dll kernelbase.dll advapi32.dll msvcrt.dll sechost.dll sspicli.dll cryptbase.dll gdi32.dll gdi32full.dll user32.dll mscoree.dll mscoreei.dll ole32.dll msvcp_win.dll clr.dll msvcr120_clr0400.dll clrjit.dll fusion.dll,normal
 kernelbase.dll rpcrt4.dll ucrtbase.dll combase.dll bcryptprimitives.dll kernel.appcore.dll msvcrt.dll user32.dll gdi32.dll gdi32full.dll wldp.dll msasn1.dll wintrust.dll advapi32.dll clbcatq.dll capabilityaccessmanagerclient.dll policymanager.dll deviceaccess.dll,normal
 kernelbase.dll msvcrt.dll sechost.dll user32.dll gdi32.dll lpk.dll usp10.dll propsys.dll ole32.dll cryptbase.dll rpcrtremote.dll clbcatq.dll mmdevapi.dll audioeng.dll devobj.dll shlwapi.dll wmalfxgfxdsp.dll mfplat.dll ws2_32.dll audioses.dll avrt.dll crypt32.dll msasn1.dll ksuser.dll,normal
 aepic.dll bcd.dll onecorecommonproxystub.dll,normal
 ntdll.dll wow64win.dll wow64cpu.dll kernel32.dll kernel32.dll user32.dll kernel32.dll advapi32.dll sechost.dll rpcrt4.dll ws2_32.dll gdi32.dll lpk.dll ole32.dll imm32.dll clbcatq.dll cryptsp.dll rsaenh.dll rpcrtremote.dll ntdll.dll wow64win.dll wow64cpu.dll kernel32.dll kernel32.dll kernelbase.dll advapi32.dll sechost.dll rpcrt4.dll sspicli.dll cryptbase.dll dnsapi.dll winnsi.dll dhcpcsvc.dll dhcpcsvc6.dll shlwapi.dll gdi32.dll user32.dll lpk.dll usp10.dll clbcatq.dll oleaut32.dll rpcrtremote.dll ntdll.dll ntdll.dll wow64.dll wow64cpu.dll kernel32.dll kernel32.dll kernel32.dll user32.dll kernelbase.dll msvcrt.dll winbrand.dll user32.dll gdi32.dll usp10.dll advapi32.dll sechost.dll sspicli.dll imm32.dll apphelp.dll,normal
 ntdll.dll wow64.dll wow64cpu.dll kernel32.dll kernel32.dll KernelBase.dll ole32.dll user32.dll rpcrt4.dll sspicli.dll cryptbase.dll lpk.dll usp10.dll imm32.dll clbcatq.dll mscoree.dll mscoreei.dll fusion.dll clr.dll kernel32.dll mscorsvc.dll taskschd.dll KernelBase.dll gdi32.dll imm32.dll rpcrt4.dll WindowsCodecs.dll setupapi.dll cfgmgr32.dll oleaut32.dll devobj.dll setupapi.dll cfgmgr32.dll devobj.dll setupapi.dll cfgmgr32.dll devobj.dll msasn1.dll winmm.dll dbghelp.dll dbghelp.dll dbghelp.dll dwmredir.dll dwmcore.dll d3d10_1.dll dxgi.dll d3d11.dll vm3dum64_10.dll vm3dum64_10.dll vm3dum64_10.dll vm3dum64.dll vm3dum64.dll vm3dum64.dll d3d10level9.dll d3d10level9.dll,normal
 kernel32.dll user32.dll gdi32.dll msctf.dll combase.dll cryptbase.dll bcryptprimitives.dll uxtheme.dll cryptsp.dll rsaenh.dll clbcatq.dll bcp47langs.dll dui70.dll shcore.dll dwmapi.dll shlwapi.dll userenv.dll profapi.dll comctl32.dll duser.dll oleacc.dll tipskins.dll gpapi.dll gdiplus.dll tiptsf.dll,normal
 kernel32.dll kernelbase.dll msvcrt.dll combase.dll ucrtbase.dll imm32.dll user32.dll gdi32.dll gdi32full.dll kernel.appcore.dll sechost.dll dwmapi.dll clbcatq.dll uxtheme.dll twinapi.appcore.dll bcrypt.dll wintypes.dll,normal
 oleaut32.dll lpk.dll imm32.dll ole32.dll ws2_32.dll sechost.dll clbcatq.dll user32.dll setupapi.dll advapi32.dll gdi32.dll devobj.dll cfgmgr32.dll kernelbase.dll wintrust.dll profapi.dll rpcrtremote.dll winsta.dll apphelp.dll bcrypt.dll cryptsp.dll rsaenh.dll gpapi.dll devrtl.dll pcwum.dll powrprof.dll powrprof.dll powrprof.dll powrprof.dll powrprof.dll powrprof.dll powrprof.dll ntdsapi.dll wbemprox.dll wmidcprv.dll fastprox.dll wbemsvc.dll wmiutils.dll wtsapi32.dll,normal
 ntdll.dll kernel32.dll msvcrt.dll user32.dll lpk.dll usp10.dll ole32.dll imm32.dll,normal
 msftedit.dll,normal
 ntdll.dll kernel32.dll kernelbase.dll ole32.dll gdi32.dll user32.dll usp10.dll imm32.dll msctf.dll advapi32.dll sechost.dll cryptsp.dll rsaenh.dll rpcrtremote.dll shacct.dll idstore.dll,normal
 imageres.dll imageres.dll imageres.dll imageres.dll msftedit.dll imageres.dll imageres.dll imageres.dll imageres.dll imageres.dll imageres.dll wsecedit.dll,normal
 ws2_32.dll nsi.dll firewallapi.dll dhcpcsvc6.dll cryptsp.dll rsaenh.dll mswsock.dll wship6.dll secur32.dll rpcrtremote.dll credssp.dll winhttp.dll webio.dll dnsapi.dll,normal
 msftedit.dll mapi32.dll mssvp.dll,normal
 ntdll.dll wow64.dll wow64win.dll wow64cpu.dll kernel32.dll kernel32.dll kernel32.dll msvcrt.dll winbrand.dll user32.dll lpk.dll usp10.dll advapi32.dll imm32.dll apphelp.dll,normal
 kernel32.dll KernelBase.dll gdi32.dll user32.dll usp10.dll msctf.dll rpcrt4.dll oleaut32.dll ntdll.dll wow64.dll wow64win.dll wow64cpu.dll kernel32.dll kernel32.dll kernel32.dll msvcrt.dll winbrand.dll gdi32.dll lpk.dll usp10.dll rpcrt4.dll imm32.dll msctf.dll,normal
 ntdll.dll KernelBase.dll gdi32.dll user32.dll usp10.dll msctf.dll ole32.dll rpcrt4.dll ntdll.dll kernel32.dll KernelBase.dll gdi32.dll lpk.dll imm32.dll msctf.dll ole32.dll oleaut32.dll cryptbase.dll advapi32.dll sechost.dll kernel32.dll user32.dll winsta.dll kbd106.dll gdi32.dll KernelBase.dll lpk.dll kbd101.dll kbdnec.dll kbd106.dll apphelp.dll msvcrt.dll msctf.dll profapi.dll sspicli.dll,normal
 ntdll.dll user32.dll lpk.dll usp10.dll msvcrt.dll imm32.dll advapi32.dll sechost.dll ntdll.dll kernel32.dll sechost.dll rpcrt4.dll user32.dll gdi32.dll lpk.dll usp10.dll ole32.dll shlwapi.dll dui70.dll imm32.dll msctf.dll clbcatq.dll profapi.dll urlmon.dll wininet.dll iertutil.dll crypt32.dll version.dll setupapi.dll cfgmgr32.dll devobj.dll mpr.dll,normal
 ntdll.dll kernel32.dll KernelBase.dll advapi32.dll msvcrt.dll rpcrt4.dll gdi32.dll user32.dll lpk.dll usp10.dll wmsgapi.dll wtsapi32.dll winmm.dll winsta.dll crypt32.dll MsCtfMonitor.dll imm32.dll msutb.dll comctl32.dll sspicli.dll shell32.dll cryptbase.dll rsaenh.dll imagehlp.dll bcryptprimitives.dll gpapi.dll wintrust.dll Wldap32.dll SensApi.dll cfgmgr32.dll oleaut32.dll clbcatq.dll iertutil.dll ntdll.dll wow64.dll wow64win.dll kernel32.dll kernel32.dll user32.dll kernel32.dll KernelBase.dll sechost.dll sspicli.dll cryptbase.dll dnsapi.dll ws2_32.dll nsi.dll winnsi.dll dhcpcsvc.dll dhcpcsvc6.dll shlwapi.dll user32.dll msctf.dll clbcatq.dll cryptsp.dll RpcRtRemote.dll,normal
 kernel32.dll advapi32.dll msvcrt.dll sechost.dll msvcr120_clr0400.dll mscoree.dll ole32.dll user32.dll lpk.dll usp10.dll oleaut32.dll msctf.dll cryptsp.dll rsaenh.dll RpcRtRemote.dll clbcatq.dll mscorwks.dll shlwapi.dll shell32.dll mscorlib.ni.dll version.dll mscorlib.dll System.Core.ni.dll System.Web.ni.dll System.Web.Abstractions.ni.dll System.Web.dll System.Web.dll System.Data.Linq.ni.dll System.Data.ni.dll System.Data.dll System.Data.dll ws2_32.dll crypt32.dll msasn1.dll System.Drawing.ni.dll System.Xml.Linq.ni.dll System.Xml.ni.dll System.Security.ni.dll System.Data.SqlXml.ni.dll System.Web.Services.ni.dll System.DirectoryServices.ni.dll System.DirectoryServices.Protocols.ni.dll System.EnterpriseServices.ni.dll System.EnterpriseServices.dll System.EnterpriseServices.dll System.ServiceProcess.ni.dll System.Web.RegularExpressions.ni.dll System.Transactions.ni.dll System.Transactions.dll System.Transactions.dll System.Drawing.Design.ni.dll System.Data.OracleClient.dll System.Data.OracleClient.dll System.Data.OracleClient.dll System.Data.OracleClient.dll Accessibility.ni.dll System.Deployment.ni.dll System.ServiceModel.ni.dll System.Runtime.Serialization.ni.dll System.ServiceModel.Web.ni.dll System.Data.Services.Client.ni.dll SMDiagnostics.ni.dll System.IdentityModel.Selectors.ni.dll Microsoft.Transactions.Bridge.ni.dll,normal
 eventlogmessages.dll adtschema.dll eventlogmessages.dll adtschema.dll schedsvc.dll msobjs.dll cscsvc.dll eventlogmessages.dll msobjs.dll netevent.dll schedsvc.dll adtschema.dll msobjs.dll adtschema.dll msobjs.dll adtschema.dll msobjs.dll eventlogmessages.dll msobjs.dll adtschema.dll msobjs.dll gpsvc.dll adtschema.dll,normal
 ntdll.dll ntdll.dll wow64.dll wow64cpu.dll kernel32.dll kernel32.dll kernel32.dll user32.dll kernel32.dll KernelBase.dll advapi32.dll msvcrt.dll sspicli.dll cryptbase.dll dnsapi.dll ws2_32.dll nsi.dll dhcpcsvc.dll shlwapi.dll gdi32.dll user32.dll lpk.dll imm32.dll RpcRtRemote.dll wevtapi.dll ntdll.dll wow64.dll wow64cpu.dll kernel32.dll kernel32.dll kernel32.dll gdi32.dll user32.dll sechost.dll rpcrt4.dll cryptbase.dll usp10.dll version.dll mpr.dll shlwapi.dll shell32.dll wsock32.dll nsi.dll netapi32.dll srvcli.dll wkscli.dll uxtheme.dll clbcatq.dll propsys.dll profapi.dll apphelp.dll EhStorShell.dll EhStorShell.dll EhStorShell.dll cscapi.dll slc.dll imageres.dll imageres.dll imageres.dll imageres.dll imageres.dll imageres.dll imageres.dll imageres.dll imageres.dll wtsapi32.dll ntdll.dll kernel32.dll user32.dll usp10.dll msctf.dll ole32.dll oleaut32.dll advapi32.dll sechost.dll ntdll.dll wow64.dll wow64win.dll wow64cpu.dll kernel32.dll kernel32.dll KernelBase.dll advapi32.dll rpcrt4.dll sspicli.dll cryptbase.dll ws2_32.dll dhcpcsvc.dll shell32.dll shlwapi.dll gdi32.dll user32.dll usp10.dll ole32.dll msctf.dll clbcatq.dll oleaut32.dll cryptsp.dll rsaenh.dll RpcRtRemote.dll ntdll.dll sechost.dll ole32.dll lpk.dll imm32.dll msctf.dll shlwapi.dll dbghelp.dll wintrust.dll userenv.dll profapi.dll dpx.dll dpx.dll wcp.dll DrUpdate.dll setupapi.dll devobj.dll mpr.dll wrpint.dll sxsstore.dll cryptsp.dll rsaenh.dll RpcRtRemote.dll clbcatq.dll winhttp.dll CbsApi.dll webio.dll smipi.dll ntdll.dll kernel32.dll KernelBase.dll msvcrt.dll sechost.dll rpcrt4.dll user32.dll gdi32.dll usp10.dll oleaut32.dll nsi.dll fastprox.dll imm32.dll msctf.dll cryptbase.dll clbcatq.dll wbemprox.dll cryptsp.dll rsaenh.dll ncobjapi.dll wmiutils.dll userenv.dll profapi.dll stdprov.dll esscli.dll ntdll.dll kernel32.dll advapi32.dll msvcrt.dll sechost.dll user32.dll lpk.dll msswch.dll winmm.dll dwmapi.dll ole32.dll oleacc.dll shlwapi.dll wmsgapi.dll duser.dll comctl32.dll xmllite.dll rsaenh.dll RpcRtRemote.dll MMDevAPI.dll propsys.dll,normal
 ntdll.dll kernel32.dll KernelBase.dll sechost.dll usp10.dll msctf.dll sppcommdlg.dll cryptbase.dll comctl32.dll shlwapi.dll shell32.dll slc.dll sppc.dll cryptsp.dll rsaenh.dll msswch.dll sppcomapi.dll sppcext.dll msasn1.dll WinSCard.dll winhttp.dll webio.dll rasman.dll ws2_32.dll cfgmgr32.dll devobj.dll slwga.dll dwmapi.dll winmm.dll duser.dll xmllite.dll oleacc.dll version.dll imecfm.dll,normal
 ntdll.dll gdi32.dll user32.dll lpk.dll usp10.dll msvcrt.dll msctf.dll rpcrt4.dll oleaut32.dll kernelbase.dll advapi32.dll rpcrt4.dll user32.dll lpk.dll msctf.dll wdscore.dll oleaut32.dll shell32.dll shlwapi.dll dbghelp.dll cryptbase.dll wintrust.dll dpx.dll dpx.dll wcp.dll mpr.dll sxsstore.dll sqmapi.dll winhttp.dll webio.dll winhttp.dll cryptsp.dll rsaenh.dll rpcrtremote.dll clbcatq.dll smipi.dll smiengine.dll wow64.dll kernel32.dll kernel32.dll kernel32.dll kernel32.dll kernelbase.dll user32.dll lpk.dll advapi32.dll sechost.dll comctl32.dll rpcrt4.dll cryptbase.dll usp10.dll imm32.dll msctf.dll clbcatq.dll oleaut32.dll cryptsp.dll rsaenh.dll shell32.dll actxprxy.dll,normal
 ntdll.dll kernel32.dll kernelbase.dll advapi32.dll msvcrt.dll ole32.dll gdi32.dll lpk.dll usp10.dll pdh.dll dsrole.dll imm32.dll msctf.dll cryptbase.dll clbcatq.dll netapi32.dll wkscli.dll wevtapi.dll,normal
 msvcrt.dll sechost.dll rpcrt4.dll msvcr120_clr0400.dll gdi32.dll user32.dll lpk.dll msctf.dll cryptbase.dll cryptsp.dll rsaenh.dll rpcrtremote.dll clbcatq.dll sxs.dll mscoreei.dll mscorwks.dll msvcr80.dll shlwapi.dll shell32.dll profapi.dll mscorlib.ni.dll mscorlib.dll version.dll mscorlib.dll system.core.ni.dll microsoft.security.applicationid.policymanagement.cmdlets.ni.dll microsoft.security.applicationid.policymanagement.policymanager.ni.dll microsoft.security.applicationid.policymanagement.policymodel.ni.dll system.xml.ni.dll system.configuration.install.ni.dll system.transactions.ni.dll system.transactions.dll system.transactions.dll system.transactions.dll system.management.ni.dll system.directoryservices.ni.dll system.data.ni.dll system.data.dll system.data.dll system.data.dll system.data.dll nsi.dll system.runtime.serialization.formatters.soap.ni.dll system.drawing.ni.dll accessibility.ni.dll system.enterpriseservices.ni.dll system.enterpriseservices.dll microsoft.visualc.ni.dll system.web.ni.dll system.web.dll system.web.dll system.web.dll system.directoryservices.protocols.ni.dll system.design.ni.dll system.serviceprocess.ni.dll system.web.regularexpressions.ni.dll system.drawing.design.ni.dll system.data.oracleclient.ni.dll system.data.oracleclient.dll system.data.oracleclient.dll microsoft.jscript.ni.dll microsoft.security.applicationid.policymanagement.policyengineapi.interop.dll microsoft.security.applicationid.policymanagement.policyengineapi.interop.dll microsoft.security.applicationid.policymanagement.xmlhelper.ni.dll ntdll.dll kernel32.dll kernelbase.dll advapi32.dll msvcrt.dll rpcrt4.dll gdi32.dll lpk.dll oleaut32.dll msctf.dll cryptsp.dll rsaenh.dll sxs.dll mscoreei.dll msvcr80.dll mscorlib.ni.dll mscorlib.dll mscorlib.dll version.dll mscorlib.dll comctl32.dll riched20.dll ncrypt.dll gpapi.dll cryptnet.dll wldap32.dll sensapi.dll microsoft.visualstudio.tools.applications.contract.v9.0.ni.dll,normal
 advapi32.dll sechost.dll gdi32.dll user32.dll usp10.dll msctf.dll oleaut32.dll shell32.dll shlwapi.dll dbghelp.dll cryptbase.dll cbscore.dll version.dll crypt32.dll msasn1.dll wintrust.dll userenv.dll profapi.dll dpx.dll setupapi.dll cfgmgr32.dll devobj.dll wrpint.dll sxsstore.dll sqmapi.dll winhttp.dll webio.dll winhttp.dll webio.dll sensapi.dll rpcrtremote.dll clbcatq.dll cbsapi.dll smipi.dll ntdll.dll wow64.dll wow64win.dll kernel32.dll kernel32.dll user32.dll gdi32.dll lpk.dll advapi32.dll sechost.dll rpcrt4.dll cryptbase.dll imm32.dll,normal
 ntdll.dll kernel32.dll kernelbase.dll kernelbase.dll shcore.dll shcore.dll rpcrt4.dll combase.dll ucrtbase.dll msvcp110_win.dll bcryptprimitives.dll oleaut32.dll powrprof.dll sechost.dll sechost.dll advapi32.dll crypt32.dll bcrypt.dll dmcmnutils.dll wintrust.dll winhttp.dll xmllite.dll xmllite.dll updatepolicy.dll updatepolicy.dll xmllite.dll dpapi.dll windows.storage.dll windows.storage.dll shlwapi.dll gdi32.dll kernel.appcore.dll kernel.appcore.dll filterlib.dll fltlib.dll imm32.dll usoapi.dll clbcatq.dll onecoreuapcommonproxystub.dll onecoreuapcommonproxystub.dll cryptbase.dll onecorecommonproxystub.dll onecorecommonproxystub.dll cryptsp.dll gpapi.dll gpapi.dll shell32.dll setupapi.dll updatenotificationhelpers.dll ole32.dll netutils.dll userenv.dll userenv.dll unpshared.dll dsreg.dll policymanager.dll,normal
 mscoree.dll mscoreei.dll clr.dll msvcr120_clr0400.dll ntdll.dll msvcrt.dll advapi32.dll sechost.dll rpcrt4.dll shlwapi.dll lpk.dll usp10.dll imm32.dll fusion.dll,normal
 ntdll.dll ntdll.dll wow64.dll wow64cpu.dll kernel32.dll user32.dll kernel32.dll kernelbase.dll advapi32.dll sechost.dll dnsapi.dll nsi.dll dhcpcsvc.dll dhcpcsvc6.dll shell32.dll shlwapi.dll user32.dll lpk.dll usp10.dll imm32.dll msctf.dll rsaenh.dll wevtapi.dll ntdll.dll kernel32.dll kernelbase.dll gdi32.dll lpk.dll usp10.dll imm32.dll ole32.dll rpcrt4.dll oleaut32.dll cryptbase.dll clbcatq.dll advapi32.dll ntdll.dll wow64win.dll kernel32.dll kernel32.dll kernel32.dll kernelbase.dll oleaut32.dll ole32.dll user32.dll sechost.dll rpcrt4.dll sspicli.dll cryptbase.dll lpk.dll sxs.dll clbcatq.dll wintrust.dll crypt32.dll rsaenh.dll wshext.dll comctl32.dll shell32.dll scrobj.dll msi.dll ntdll.dll kernel32.dll kernelbase.dll msvcrt.dll sechost.dll rpcrt4.dll lpk.dll msctf.dll oleaut32.dll shlwapi.dll dbghelp.dll cryptbase.dll version.dll crypt32.dll msasn1.dll wintrust.dll userenv.dll ktmw32.dll dpx.dll wcp.dll devobj.dll mpr.dll sxsstore.dll sqmapi.dll winhttp.dll webio.dll webio.dll cryptsp.dll rpcrtremote.dll clbcatq.dll cbsapi.dll smipi.dll smiengine.dll ntdll.dll kernel32.dll kernelbase.dll lpk.dll usp10.dll ole32.dll rpcrt4.dll clbcatq.dll advapi32.dll sechost.dll ntdll.dll wow64.dll wow64win.dll kernel32.dll kernel32.dll kernel32.dll kernelbase.dll msvcrt.dll winbrand.dll user32.dll gdi32.dll sechost.dll rpcrt4.dll,normal
 mscoree.dll wow64.dll wow64win.dll wow64cpu.dll ole32.dll gdi32.dll user32.dll advapi32.dll sechost.dll rpcrt4.dll sspicli.dll cryptbase.dll usp10.dll imm32.dll msctf.dll clbcatq.dll mscoreei.dll fusion.dll clr.dll ntdll.dll kernel32.dll kernel32.dll kernel32.dll kernelbase.dll msvcrt.dll advapi32.dll gdi32.dll cryptbase.dll fusion.dll rsaenh.dll mscorsvc.dll taskschd.dll ntdll.dll kernel32.dll msvcrt.dll mscoree.dll ole32.dll gdi32.dll user32.dll oleaut32.dll msctf.dll cryptbase.dll rsaenh.dll rpcrtremote.dll sxs.dll mscorlib.ni.dll clrjit.dll version.dll system.ni.dll system.core.ni.dll system.web.ni.dll system.web.extensions.ni.dll system.configuration.install.ni.dll system.xml.linq.ni.dll system.xml.ni.dll system.drawing.ni.dll system.numerics.ni.dll system.web.dll system.web.dll system.web.dll microsoft.management.infrastructure.ni.dll bcrypt.dll microsoft.powershell.commands.utility.ni.dll kernel32.dll kernelbase.dll msvcrt.dll gdi32.dll lpk.dll msctf.dll uxtheme.dll wininet.dll api-ms-win-downlevel-user32-l1-1-0.dll api-ms-win-downlevel-shlwapi-l1-1-0.dll shlwapi.dll api-ms-win-downlevel-version-l1-1-0.dll version.dll api-ms-win-downlevel-normaliz-l1-1-0.dll normaliz.dll iertutil.dll userenv.dll rpcrtremote.dll taskschd.dll msctfmonitor.dll hotstartuseragent.dll psapi.dll playsndsrv.dll nsi.dll cryptsp.dll rsaenh.dll esent.dll wldap32.dll crypt32.dll msasn1.dll netprofm.dll nlaapi.dll winmm.dll certenroll.dll npmproxy.dll pautoenr.dll certcli.dll dsrole.dll sqmapi.dll mmdevapi.dll sqmapi.dll wldap32.dll pautoenr.dll certenroll.dll comctl32.dll imecfm.dll ntdll.dll kernel32.dll user32.dll ntdll.dll wow64win.dll kernel32.dll kernel32.dll kernelbase.dll msvcrt.dll user32.dll advapi32.dll sechost.dll rpcrt4.dll cryptbase.dll lpk.dll msctf.dll winbrand.dll,normal
 ntdll.dll ntdll.dll wow64.dll wow64win.dll wow64cpu.dll kernel32.dll kernel32.dll kernel32.dll KernelBase.dll advapi32.dll msvcrt.dll rpcrt4.dll cryptbase.dll dnsapi.dll nsi.dll winnsi.dll dhcpcsvc.dll dhcpcsvc6.dll shell32.dll shlwapi.dll gdi32.dll lpk.dll usp10.dll clbcatq.dll cryptsp.dll wevtapi.dll ntdll.dll wow64.dll wow64win.dll kernel32.dll kernel32.dll user32.dll user32.dll gdi32.dll rpcrt4.dll cryptbase.dll imm32.dll msctf.dll,normal
 ntdll.dll kernel32.dll kernelbase.dll msvcrt.dll sechost.dll,normal
 kernel32.dll advapi32.dll msvcrt.dll sspicli.dll combase.dll userenv.dll wmsgapi.dll wtsapi32.dll winsta.dll profapi.dll msctf.dll msutb.dll cfgmgr32.dll shell32.dll shlwapi.dll shcore.dll uxtheme.dll wintrust.dll cryptsp.dll rsaenh.dll bcrypt.dll clbcatq.dll ole32.dll iertutil.dll wininet.dll dwmapi.dll kbd101.dll credui.dll authui.dll duser.dll rdpendp.dll msacm32.dll propsys.dll oleaut32.dll ksuser.dll avrt.dll audioses.dll msctfp.dll version.dll ntmarta.dll wer.dll inputswitch.dll dwrite.dll d3d11.dll d3d10warp.dll wer.dll tiptsf.dll,normal
 ntdll.dll KernelBase.dll gdi32.dll user32.dll usp10.dll msvcrt.dll imm32.dll msctf.dll rpcrt4.dll oleaut32.dll advapi32.dll,normal
 ntdll.dll,normal
 ntdll.dll kernel32.dll kernelbase.dll advapi32.dll rpcrt4.dll gdi32.dll user32.dll lpk.dll ole32.dll msimg32.dll wmsgapi.dll winmm.dll userenv.dll profapi.dll msctf.dll imm32.dll msutb.dll secur32.dll sspicli.dll shell32.dll cryptbase.dll wintrust.dll imagehlp.dll bcryptprimitives.dll gpapi.dll cryptnet.dll wldap32.dll sensapi.dll clbcatq.dll oleaut32.dll api-ms-win-downlevel-shlwapi-l1-1-0.dll api-ms-win-downlevel-advapi32-l1-1-0.dll api-ms-win-downlevel-version-l1-1-0.dll normaliz.dll iertutil.dll wininet.dll ntdll.dll wow64win.dll wow64cpu.dll kernel32.dll msvcrt.dll user32.dll lpk.dll usp10.dll rpcrt4.dll cryptbase.dll imm32.dll msctf.dll apphelp.dll,normal
 ntdll.dll kernelbase.dll msvcrt.dll combase.dll bcryptprimitives.dll cryptsp.dll twinapi.appcore.dll profapi.dll cryptbase.dll wintypes.dll user32.dll gdi32.dll msctf.dll shcore.dll windows.ui.dll actxprxy.dll cortana.backgroundtask.dll cortana.core.dll aistokenmanager.dll bingconfigurationclient.dll windows.applicationmodel.background.systemeventsbroker.dll onlineservices.dll advapi32.dll iertutil.dll logoncli.dll windows.cortana.pal.desktop.dll windows.globalization.dll windows.storage.dll powrprof.dll windows.staterepository.dll staterepository.core.dll windows.cortana.proxystub.dll,normal
 kernel32.dll kernelbase.dll rpcrt4.dll user32.dll gdi32.dll usp10.dll mssrch.dll esent.dll imm32.dll shell32.dll cryptbase.dll tquery.dll psapi.dll cryptsp.dll secur32.dll sspicli.dll credssp.dll clbcatq.dll cryptsp.dll rsaenh.dll rpcrtremote.dll powrprof.dll propsys.dll wldap32.dll cfgmgr32.dll vssapi.dll atl.dll samcli.dll netutils.dll es.dll winsta.dll userenv.dll sxs.dll apphelp.dll crypt32.dll msasn1.dll comctl32.dll setupapi.dll nlsdata0009.dll nlslexicons0009.dll elscore.dll elstrans.dll nlsdata0009.dll nlslexicons0009.dll nlslexicons0009.dll nlsdata0009.dll nlsdata000c.dll nlslexicons000c.dll nlslexicons0009.dll,normal
 ntdll.dll ntdll.dll kernel32.dll KernelBase.dll msvcrt.dll rpcrt4.dll gdi32.dll user32.dll lpk.dll msswch.dll winmm.dll dwmapi.dll GdiPlus.dll ole32.dll oleaut32.dll wmsgapi.dll cryptbase.dll xmllite.dll clbcatq.dll tabskb.dll InkObj.dll atl.dll cfgmgr32.dll,normal
 ntdll.dll wow64win.dll wow64cpu.dll kernel32.dll kernel32.dll kernel32.dll user32.dll kernel32.dll KernelBase.dll sechost.dll sspicli.dll cryptbase.dll winnsi.dll dhcpcsvc.dll dhcpcsvc6.dll shell32.dll shlwapi.dll gdi32.dll user32.dll lpk.dll usp10.dll ole32.dll imm32.dll oleaut32.dll cryptsp.dll rsaenh.dll RpcRtRemote.dll ntdll.dll kernel32.dll KernelBase.dll user32.dll usp10.dll msvcrt.dll msctf.dll ole32.dll rpcrt4.dll oleaut32.dll clbcatq.dll wow64win.dll wow64cpu.dll KernelBase.dll advapi32.dll cryptbase.dll winnsi.dll dhcpcsvc.dll dhcpcsvc6.dll shlwapi.dll gdi32.dll lpk.dll ole32.dll imm32.dll clbcatq.dll oleaut32.dll cryptsp.dll RpcRtRemote.dll ntdll.dll kernel32.dll advapi32.dll rpcrt4.dll ole32.dll user32.dll usp10.dll imm32.dll oleaut32.dll shlwapi.dll dbghelp.dll cryptbase.dll CbsCore.dll version.dll crypt32.dll msasn1.dll wintrust.dll userenv.dll profapi.dll ktmw32.dll dpx.dll dpx.dll wcp.dll cfgmgr32.dll devobj.dll wrpint.dll sxsstore.dll sqmapi.dll winhttp.dll webio.dll smipi.dll kernel32.dll KernelBase.dll gdi32.dll usp10.dll imm32.dll msctf.dll ole32.dll rpcrt4.dll oleaut32.dll cryptbase.dll clbcatq.dll advapi32.dll,normal
 ntdll.dll ntdll.dll wow64.dll wow64win.dll wow64cpu.dll kernel32.dll kernel32.dll user32.dll kernel32.dll kernelbase.dll advapi32.dll sechost.dll rpcrt4.dll cryptbase.dll nsi.dll dhcpcsvc6.dll shlwapi.dll user32.dll lpk.dll usp10.dll oleaut32.dll rsaenh.dll rpcrtremote.dll,normal
 ntdll.dll kernel32.dll kernelbase.dll msvcrt.dll rpcrt4.dll kernel.appcore.dll bcryptprimitives.dll user32.dll imm32.dll uxtheme.dll clbcatq.dll languagecomponentsinstaller.dll rsaenh.dll cbsapi.dll taskschd.dll sspicli.dll,normal
 ntdll.dll ntdll.dll wow64.dll wow64win.dll kernel32.dll kernel32.dll kernel32.dll user32.dll kernel32.dll msvcrt.dll sechost.dll sspicli.dll cryptbase.dll nsi.dll dhcpcsvc6.dll shlwapi.dll gdi32.dll ole32.dll msctf.dll clbcatq.dll oleaut32.dll rpcrtremote.dll wevtapi.dll ntdll.dll wow64.dll wow64win.dll wow64cpu.dll kernel32.dll kernelbase.dll msvcrt.dll winbrand.dll user32.dll gdi32.dll lpk.dll advapi32.dll sechost.dll msctf.dll imm32.dll,normal
 ntdll.dll kernel32.dll user32.dll usp10.dll msctf.dll ole32.dll oleaut32.dll cryptbase.dll clbcatq.dll sechost.dll ntdll.dll wow64.dll kernel32.dll kernel32.dll user32.dll kernel32.dll kernelbase.dll sechost.dll sspicli.dll cryptbase.dll ws2_32.dll nsi.dll winnsi.dll dhcpcsvc.dll dhcpcsvc6.dll shell32.dll shlwapi.dll gdi32.dll user32.dll usp10.dll ole32.dll imm32.dll msctf.dll rpcrtremote.dll wevtapi.dll ntdll.dll wow64.dll wow64win.dll wow64cpu.dll kernel32.dll kernel32.dll kernel32.dll kernel32.dll kernelbase.dll msvcrt.dll sechost.dll rpcrt4.dll sspicli.dll dnsapi.dll nsi.dll winnsi.dll dhcpcsvc.dll dhcpcsvc6.dll shell32.dll shlwapi.dll lpk.dll usp10.dll imm32.dll oleaut32.dll rsaenh.dll wevtapi.dll ntdll.dll kernelbase.dll ole32.dll user32.dll usp10.dll oleaut32.dll shell32.dll shlwapi.dll dbghelp.dll version.dll crypt32.dll msasn1.dll ktmw32.dll dpx.dll dpx.dll wcp.dll drupdate.dll setupapi.dll devobj.dll mpr.dll wrpint.dll winhttp.dll webio.dll webio.dll sensapi.dll cryptsp.dll rsaenh.dll rpcrtremote.dll clbcatq.dll cbsapi.dll wow64.dll wow64cpu.dll kernel32.dll kernel32.dll kernel32.dll msvcrt.dll winbrand.dll sechost.dll cryptbase.dll msctf.dll apphelp.dll,normal
 kernel32.dll KernelBase.dll ucrtbase.dll combase.dll rpcrt4.dll bcryptprimitives.dll clbcatq.dll user32.dll gdi32.dll sechost.dll userenv.dll profapi.dll,normal
 ntdll.dll kernel32.dll kernelbase.dll kernelbase.dll msvcrt.dll msvcrt.dll oleaut32.dll tquery.dll tquery.dll msvcp_win.dll combase.dll ucrtbase.dll ucrtbase.dll ucrtbase.dll rpcrt4.dll advapi32.dll bcryptprimitives.dll windows.storage.dll shlwapi.dll cryptdll.dll user32.dll win32u.dll filterlib.dll fltlib.dll clbcatq.dll mssprxy.dll mssprxy.dll ntmarta.dll ntmarta.dll propsys.dll propsys.dll mssph.dll authz.dll authz.dll shell32.dll cldapi.dll cldapi.dll ntdll.dll kernel32.dll kernelbase.dll kernelbase.dll msvcp_win.dll msvcp_win.dll ucrtbase.dll combase.dll rpcrt4.dll rpcrt4.dll bcryptprimitives.dll advapi32.dll sechost.dll sechost.dll tquery.dll tquery.dll cryptdll.dll cryptdll.dll imm32.dll gdi32.dll kernel.appcore.dll kernel.appcore.dll,normal
 ntdll.dll wow64.dll wow64win.dll kernel32.dll user32.dll kernel32.dll kernelbase.dll winbrand.dll user32.dll sechost.dll rpcrt4.dll sspicli.dll cryptbase.dll ntdll.dll wow64cpu.dll kernel32.dll user32.dll kernel32.dll msvcrt.dll sechost.dll rpcrt4.dll cryptbase.dll dnsapi.dll ws2_32.dll nsi.dll winnsi.dll dhcpcsvc.dll dhcpcsvc6.dll shell32.dll shlwapi.dll gdi32.dll user32.dll usp10.dll ole32.dll imm32.dll clbcatq.dll rsaenh.dll rpcrtremote.dll,normal
 ntdll.dll kernel32.dll kernelbase.dll advapi32.dll msvcrt.dll sechost.dll msvcp_win.dll ucrtbase.dll combase.dll bcryptprimitives.dll ole32.dll gdi32.dll user32.dll win32u.dll sspicli.dll mpclient.dll slc.dll sppc.dll,normal
 ntdll.dll ntdll.dll wow64.dll wow64cpu.dll kernel32.dll user32.dll kernel32.dll kernelbase.dll winbrand.dll gdi32.dll lpk.dll usp10.dll sspicli.dll cryptbase.dll msctf.dll,normal
 ntdll.dll ntdll.dll wow64.dll wow64win.dll kernel32.dll wow64cpu.dll kernel32.dll kernelbase.dll sechost.dll rpcrt4.dll bcryptprimitives.dll gdi32.dll combase.dll oleaut32.dll windows.storage.dll powrprof.dll profapi.dll ws2_32.dll nsi.dll comctl32.dll mfc42u.dll winmm.dll odbc32.dll cfgmgr32.dll imm32.dll msctf.dll,caidao
 KernelBase.dll user32.dll usp10.dll imm32.dll msctf.dll rpcrt4.dll clbcatq.dll advapi32.dll ntdll.dll ntdll.dll wow64win.dll wow64cpu.dll kernel32.dll kernel32.dll user32.dll kernel32.dll KernelBase.dll advapi32.dll sechost.dll sspicli.dll cryptbase.dll ws2_32.dll nsi.dll dhcpcsvc.dll dhcpcsvc6.dll shell32.dll gdi32.dll user32.dll lpk.dll ole32.dll imm32.dll oleaut32.dll rsaenh.dll,normal
 locationframeworkps.dll deviceaccess.dll usoapi.dll wups.dll netsetupengine.dll implatsetup.dll implatsetup.dll,normal
 ntdll.dll wow64.dll wow64cpu.dll kernel32.dll kernel32.dll kernel32.dll kernelbase.dll msvcrt.dll sechost.dll cryptbase.dll dnsapi.dll winnsi.dll dhcpcsvc.dll dhcpcsvc6.dll shell32.dll shlwapi.dll gdi32.dll usp10.dll ole32.dll imm32.dll msctf.dll clbcatq.dll oleaut32.dll cryptsp.dll rsaenh.dll wevtapi.dll ntdll.dll ntdll.dll wow64.dll kernel32.dll kernel32.dll kernel32.dll kernelbase.dll sechost.dll rpcrt4.dll sspicli.dll ws2_32.dll nsi.dll winnsi.dll dhcpcsvc6.dll shlwapi.dll gdi32.dll user32.dll usp10.dll imm32.dll msctf.dll oleaut32.dll rpcrtremote.dll kernelbase.dll gdi32.dll user32.dll lpk.dll usp10.dll msvcrt.dll mfc42u.dll ole32.dll oleaut32.dll advapi32.dll uxtheme.dll duser.dll imm32.dll cryptbase.dll urlmon.dll wininet.dll msasn1.dll clbcatq.dll msxml3.dll tsuserex.dll atl.dll ws2_32.dll nsi.dll activeds.dll wldap32.dll netutils.dll logoncli.dll srvcli.dll dsrole.dll secur32.dll samlib.dll els.dll mpr.dll riched32.dll riched20.dll elsext.dll wbemcntl.dll localsec.dll pdh.dll comdlg32.dll credui.dll wevtapi.dll pla.dll setupapi.dll samcli.dll wtsapi32.dll dmdskmgr.dll dmutil.dll devrtl.dll newdev.dll rasuser.dll dsprop.dll dsuiext.dll rtrfiltr.dll rasman.dll cryptui.dll slc.dll riched32.dll elsext.dll oleacc.dll cryptsp.dll rsaenh.dll rpcrtremote.dll propsys.dll mlang.dll dwmapi.dll xmllite.dll mscorwks.dll msvcr80.dll mscorlib.ni.dll sxs.dll system.ni.dll mmcex.ni.dll mmcfxcommon.ni.dll system.xml.ni.dll culture.dll gdiplus.dll eventviewer.ni.dll windowscodecs.dll system.serviceprocess.ni.dll taskscheduler.ni.dll cscapi.dll imecfm.dll dmdlgs.dll wintrust.dll imageres.dll imageres.dll imageres.dll imageres.dll sysclass.dll netcfgx.dll sti_ci.dll batt.dll sccls.dll imageres.dll imageres.dll imageres.dll psapi.dll ieframe.dll mshtml.dll msls31.dll mmdevapi.dll msimtf.dll rasctrs.dll usbperf.dll pcwum.dll perfos.dll perfctrs.dll ddrawex.dll msimg32.dll ntdll.dll wow64.dll wow64win.dll kernel32.dll user32.dll kernel32.dll kernelbase.dll advapi32.dll msvcrt.dll sechost.dll rpcrt4.dll dnsapi.dll winnsi.dll dhcpcsvc6.dll shlwapi.dll gdi32.dll user32.dll lpk.dll ole32.dll imm32.dll cryptsp.dll rpcrtremote.dll ntdll.dll basesrv.dll lpk.dll usp10.dll msvcrt.dll sxssrv.dll csrsrv.dll winsrv.dll kernel32.dll gdi32.dll user32.dll lpk.dll usp10.dll msctf.dll ole32.dll rpcrt4.dll oleaut32.dll cryptbase.dll clbcatq.dll sechost.dll ntdll.dll wow64.dll wow64win.dll wow64cpu.dll kernel32.dll kernel32.dll kernel32.dll user32.dll advapi32.dll msvcrt.dll rpcrt4.dll sspicli.dll cryptbase.dll dnsapi.dll ws2_32.dll dhcpcsvc6.dll shell32.dll shlwapi.dll ole32.dll msctf.dll clbcatq.dll oleaut32.dll rsaenh.dll wevtapi.dll ntdll.dll kernel32.dll gdi32.dll usp10.dll msvcrt.dll imm32.dll msctf.dll ole32.dll oleaut32.dll clbcatq.dll advapi32.dll sechost.dll,normal
 ntdll.dll kernelbase.dll advapi32.dll msvcrt.dll user32.dll win32u.dll gdi32.dll ucrtbase.dll oleaut32.dll cfgmgr32.dll shcore.dll windows.storage.dll shlwapi.dll profapi.dll playsndsrv.dll uxtheme.dll dui70.dll imm32.dll,normal
 kernel32.dll KernelBase.dll gdi32.dll user32.dll lpk.dll usp10.dll msswch.dll GdiPlus.dll ole32.dll oleacc.dll oleaut32.dll shlwapi.dll wmsgapi.dll uxtheme.dll msctf.dll,normal
 ntdll.dll ntdll.dll wow64win.dll wow64cpu.dll kernel32.dll kernel32.dll kernelbase.dll advapi32.dll msvcrt.dll cryptbase.dll nsi.dll winnsi.dll dhcpcsvc.dll dhcpcsvc6.dll shlwapi.dll user32.dll lpk.dll usp10.dll ole32.dll imm32.dll msctf.dll rsaenh.dll rpcrtremote.dll,normal
 wups.dll iertutil.dll enterpriseresourcemanager.dll dmcsps.dll dmcfgutils.dll omadmapi.dll dmxmlhelputils.dll msauserext.dll wlidsvc.dll msxml6.dll msvcp_win.dll ucrtbase.dll,normal
 ntdll.dll wow64.dll kernel32.dll wow64cpu.dll user32.dll kernel32.dll msvcrt.dll sechost.dll rpcrt4.dll sspicli.dll cryptbase.dll usp10.dll msctf.dll clbcatq.dll rsaenh.dll RpcRtRemote.dll uxtheme.dll shell32.dll shlwapi.dll actxprxy.dll comctl32.dll,normal
 ntdll.dll kernelbase.dll fastprox.dll ncobjapi.dll ucrtbase.dll rpcrt4.dll sechost.dll bcrypt.dll advapi32.dll user32.dll win32u.dll gdi32.dll kernel.appcore.dll clbcatq.dll wbemprox.dll msvcp_win.dll wbemsvc.dll powrprof.dll cimwin32.dll framedynos.dll wmi.dll perfos.dll wtsapi32.dll devobj.dll cfgmgr32.dll srvcli.dll logoncli.dll schedcli.dll wkscli.dll windows.storage.dll shcore.dll secur32.dll mi.dll miutils.dll ndisimplatcim.dll,normal
 kernelbase.dll msvcrt.dll rpcrt4.dll user32.dll lpk.dll ole32.dll tquery.dll msctf.dll msshooks.dll mscoreei.dll cryptbase.dll clbcatq.dll cryptsp.dll ntdll.dll kernelbase.dll advapi32.dll msvcrt.dll sechost.dll msvcr120_clr0400.dll lpk.dll usp10.dll oleaut32.dll imm32.dll msctf.dll cryptbase.dll cryptsp.dll sxs.dll mscoreei.dll clr.dll shlwapi.dll clrjit.dll mscorlib.dll msvcrt.dll sechost.dll rpcrt4.dll msvcr120_clr0400.dll mscoree.dll gdi32.dll lpk.dll usp10.dll msctf.dll rsaenh.dll rpcrtremote.dll clbcatq.dll sxs.dll mscoreei.dll clr.dll shlwapi.dll ntdll.dll wow64.dll wow64win.dll kernel32.dll kernelbase.dll advapi32.dll msvcrt.dll cryptbase.dll msvcr120_clr0400.dll mscoree.dll ole32.dll gdi32.dll lpk.dll usp10.dll cryptsp.dll rsaenh.dll rpcrtremote.dll sxs.dll mscoreei.dll mscorwks.dll msvcr80.dll shell32.dll profapi.dll mscorjit.dll mscorlib.dll mscorlib.dll mscorlib.dll system.ni.dll system.dll system.dll system.dll microsoft.windows.diagnosis.sdengine.ni.dll microsoft.windows.diagnosis.sdengine.dll microsoft.windows.diagnosis.sdengine.dll microsoft.windows.diagnosis.troubleshootingpack.dll microsoft.windows.diagnosis.troubleshootingpack.dll system.management.automation.dll system.xml.dll system.xml.dll system.xml.dll system.configuration.install.ni.dll system.configuration.install.dll system.configuration.install.dll system.transactions.dll system.transactions.dll system.transactions.dll system.transactions.dll system.transactions.dll system.management.ni.dll system.directoryservices.ni.dll system.directoryservices.dll system.data.ni.dll system.data.dll system.data.dll crypt32.dll msasn1.dll system.configuration.dll system.configuration.dll system.configuration.dll system.security.dll system.security.dll system.data.sqlxml.ni.dll system.data.sqlxml.dll system.data.sqlxml.dll system.runtime.serialization.formatters.soap.dll system.runtime.serialization.formatters.soap.dll system.windows.forms.dll system.windows.forms.dll system.drawing.dll system.drawing.dll accessibility.dll accessibility.dll accessibility.dll system.deployment.dll system.deployment.dll system.runtime.remoting.ni.dll system.runtime.remoting.dll microsoft.visualc.ni.dll system.web.ni.dll system.web.dll system.web.dll system.web.dll system.web.services.ni.dll system.directoryservices.protocols.dll system.directoryservices.protocols.dll system.directoryservices.protocols.dll system.design.ni.dll system.design.dll system.design.dll system.serviceprocess.ni.dll system.web.regularexpressions.ni.dll system.web.regularexpressions.dll system.web.regularexpressions.dll system.data.oracleclient.dll system.data.oracleclient.dll microsoft.jscript.dll microsoft.jscript.dll microsoft.vsa.dll microsoft.vsa.dll microsoft.vsa.dll microsoft.vsa.dll ntdll.dll wow64.dll wow64win.dll wow64cpu.dll kernel32.dll kernel32.dll kernel32.dll kernelbase.dll advapi32.dll msvcrt.dll sechost.dll sspicli.dll cryptbase.dll msvcr120_clr0400.dll gdi32.dll user32.dll usp10.dll imm32.dll cryptsp.dll rsaenh.dll rpcrtremote.dll clbcatq.dll sxs.dll mscoreei.dll msvcr80.dll profapi.dll mscorlib.ni.dll mscorlib.dll mscorlib.dll mscorlib.dll presentationframework.aero.dll presentationframework.aero.dll presentationframework.aero.dll windowsbase.ni.dll presentationcore.ni.dll presentationframework.ni.dll presentationframework.dll presentationframework.dll windowsbase.dll windowsbase.dll windowsbase.dll system.dll system.dll system.dll system.dll presentationcore.dll presentationcore.dll presentationcore.dll system.xml.ni.dll system.xml.dll system.xml.dll system.xml.dll system.xml.dll uiautomationprovider.dll uiautomationprovider.dll uiautomationprovider.dll system.drawing.dll system.deployment.ni.dll system.deployment.dll system.deployment.dll presentationui.ni.dll presentationui.dll presentationui.dll system.printing.ni.dll system.printing.dll reachframework.ni.dll reachframework.dll reachframework.dll uiautomationtypes.ni.dll uiautomationtypes.dll uiautomationtypes.dll system.data.ni.dll system.data.dll system.data.dll system.data.dll ws2_32.dll msasn1.dll accessibility.dll accessibility.dll system.configuration.ni.dll system.configuration.dll system.configuration.dll system.security.dll system.security.dll system.security.dll system.data.sqlxml.ni.dll system.data.sqlxml.dll system.data.sqlxml.dll system.data.sqlxml.dll presentationcffrasterizer.dll presentationcffrasterizer.dll system.windows.forms.dll system.windows.forms.dll system.windows.forms.dll system.windows.forms.dll system.runtime.serialization.formatters.soap.dll system.runtime.serialization.formatters.soap.dll system.directoryservices.dll system.directoryservices.dll system.directoryservices.dll system.transactions.dll system.transactions.dll system.enterpriseservices.dll system.runtime.remoting.ni.dll system.runtime.remoting.dll system.web.ni.dll system.web.dll system.web.dll system.web.dll system.web.services.ni.dll system.web.services.dll system.web.services.dll system.web.services.dll system.directoryservices.protocols.dll system.directoryservices.protocols.dll system.directoryservices.protocols.dll system.design.dll system.serviceprocess.dll system.web.regularexpressions.dll system.web.regularexpressions.dll system.web.regularexpressions.dll system.web.regularexpressions.dll system.drawing.design.ni.dll system.drawing.design.dll system.data.oracleclient.ni.dll system.data.oracleclient.dll system.data.oracleclient.dll system.data.oracleclient.dll system.configuration.install.dll system.configuration.install.dll ntdll.dll ntdll.dll wow64.dll wow64win.dll kernel32.dll kernel32.dll user32.dll msvcrt.dll sechost.dll rpcrt4.dll mscoree.dll user32.dll imm32.dll rsaenh.dll rpcrtremote.dll sxs.dll mscorwks.dll msvcr80.dll mscorlib.ni.dll mscorlib.dll mscorlib.dll version.dll mscorlib.dll mscorlib.dll system.web.extensions.design.ni.dll system.dll system.dll system.dll system.design.ni.dll system.design.dll system.core.ni.dll system.web.extensions.design.dll system.web.extensions.design.dll system.web.extensions.dll system.web.abstractions.dll system.web.dll system.web.dll system.core.dll system.drawing.ni.dll system.windows.forms.ni.dll system.windows.forms.dll system.windows.forms.dll system.windows.forms.dll system.windows.forms.dll system.drawing.dll system.drawing.dll system.drawing.dll system.drawing.dll system.data.ni.dll system.data.dll system.data.dll system.data.dll system.data.dll nsi.dll crypt32.dll msasn1.dll system.data.linq.ni.dll system.data.linq.dll system.data.linq.dll system.data.linq.dll system.configuration.dll system.configuration.dll system.xml.dll system.security.ni.dll system.security.dll system.security.dll system.security.dll system.data.sqlxml.ni.dll system.data.sqlxml.dll system.data.sqlxml.dll system.drawing.design.dll system.data.oracleclient.dll system.data.oracleclient.dll system.data.oracleclient.dll system.data.oracleclient.dll system.runtime.serialization.formatters.soap.ni.dll system.runtime.serialization.formatters.soap.dll accessibility.ni.dll accessibility.dll accessibility.dll accessibility.dll system.web.regularexpressions.dll system.web.regularexpressions.dll system.transactions.ni.dll system.transactions.dll system.transactions.dll system.transactions.dll system.enterpriseservices.ni.dll system.enterpriseservices.dll system.enterpriseservices.dll system.directoryservices.ni.dll system.directoryservices.dll system.runtime.remoting.ni.dll system.runtime.remoting.dll system.runtime.remoting.dll system.web.services.dll system.web.services.dll system.web.services.dll system.directoryservices.protocols.ni.dll system.directoryservices.protocols.dll system.directoryservices.protocols.dll system.configuration.install.dll system.deployment.ni.dll system.deployment.dll system.deployment.dll system.deployment.dll system.servicemodel.ni.dll system.servicemodel.dll system.servicemodel.dll system.servicemodel.dll system.runtime.serialization.ni.dll system.runtime.serialization.dll system.runtime.serialization.dll system.runtime.serialization.dll system.servicemodel.web.ni.dll system.servicemodel.web.dll system.servicemodel.web.dll system.data.services.client.ni.dll system.data.services.client.dll system.data.services.client.dll system.data.services.design.ni.dll system.data.services.design.dll system.data.entity.ni.dll system.data.entity.dll system.data.entity.dll system.data.entity.dll smdiagnostics.ni.dll smdiagnostics.dll smdiagnostics.dll system.identitymodel.ni.dll system.identitymodel.dll system.identitymodel.dll system.identitymodel.dll system.messaging.ni.dll system.messaging.dll system.identitymodel.selectors.ni.dll system.identitymodel.selectors.dll microsoft.transactions.bridge.ni.dll microsoft.transactions.bridge.dll system.xml.linq.ni.dll system.xml.linq.dll system.xml.linq.dll windowsbase.ni.dll windowsbase.dll windowsbase.dll windowsbase.dll,normal
 msvcr120_clr0400.dll mscoreei.dll version.dll clr.dll taskschd.dll msctf.dll clbcatq.dll kernel32.dll kernel32.dll kernelbase.dll kernelbase.dll msvcrt.dll sechost.dll shlwapi.dll gdi32.dll user32.dll lpk.dll usp10.dll ole32.dll oleaut32.dll imm32.dll sspicli.dll cryptbase.dll fusion.dll mscorsvc.dll ntdll.dll kernelbase.dll sechost.dll mscoree.dll ole32.dll gdi32.dll oleaut32.dll cryptbase.dll cryptsp.dll rpcrtremote.dll clbcatq.dll sxs.dll clr.dll shlwapi.dll clrjit.dll system.ni.dll system.core.ni.dll system.activities.ni.dll version.dll mscorlib.dll microsoft.management.infrastructure.ni.dll system.configuration.ni.dll system.xml.ni.dll ntdll.dll ntdll.dll wow64win.dll wow64cpu.dll kernel32.dll kernel32.dll kernel32.dll user32.dll kernel32.dll ole32.dll advapi32.dll sechost.dll rpcrt4.dll cryptbase.dll usp10.dll msimg32.dll shlwapi.dll wsock32.dll ws2_32.dll nsi.dll netapi32.dll netutils.dll uxtheme.dll dwmapi.dll olepro32.dll wtsapi32.dll winsta.dll clbcatq.dll rpcrtremote.dll cfgmgr32.dll wldap32.dll ole32.dll ole32.dll oleacc.dll msctf.dll imecfm.dll,normal
 ntdll.dll kernel32.dll KernelBase.dll user32.dll lpk.dll usp10.dll msvcrt.dll msctf.dll ole32.dll advapi32.dll ntdll.dll wow64.dll wow64win.dll wow64cpu.dll kernel32.dll kernel32.dll kernel32.dll msvcrt.dll winbrand.dll user32.dll gdi32.dll usp10.dll sechost.dll cryptbase.dll imm32.dll msctf.dll,normal
 ntdll.dll kernelbase.dll msvcrt.dll oleaut32.dll msvcp_win.dll msvcp_win.dll ucrtbase.dll ucrtbase.dll combase.dll rpcrt4.dll bcryptprimitives.dll bcryptprimitives.dll advapi32.dll sechost.dll cryptdll.dll cryptdll.dll imm32.dll win32u.dll kernel.appcore.dll clbcatq.dll mssprxy.dll,normal
 ntdll.dll kernel32.dll msvcrt.dll combase.dll rpcrt4.dll cryptbase.dll bcryptprimitives.dll clbcatq.dll user32.dll gdi32.dll msctf.dll cryptsp.dll userenv.dll profapi.dll,normal
 shellcommoncommonproxystub.dll windows.globalization.dll ntmarta.dll logoncli.dll ole32.dll mswb7.dll,normal
 wow64.dll wow64win.dll wow64cpu.dll kernelbase.dll oleaut32.dll ole32.dll msvcrt.dll user32.dll sechost.dll rpcrt4.dll sspicli.dll lpk.dll usp10.dll imm32.dll shlwapi.dll version.dll clbcatq.dll mscoree.dll mscoreei.dll fusion.dll clr.dll msvcr120_clr0400.dll ntdll.dll kernel32.dll user32.dll mscorsvc.dll taskschd.dll ntdll.dll kernel32.dll msvcrt.dll sechost.dll msvcr120_clr0400.dll gdi32.dll lpk.dll usp10.dll imm32.dll cryptsp.dll clbcatq.dll mscoreei.dll clr.dll shlwapi.dll clrjit.dll mscorlib.dll system.activities.ni.dll system.servicemodel.internals.ni.dll system.transactions.dll system.transactions.dll system.transactions.dll system.transactions.dll,normal
 ntdll.dll wow64.dll wow64cpu.dll kernel32.dll kernel32.dll kernelbase.dll msvcrt.dll winbrand.dll gdi32.dll lpk.dll advapi32.dll sechost.dll cryptbase.dll msctf.dll apphelp.dll,normal
 onecorecommonproxystub.dll onecorecommonproxystub.dll execmodelclient.dll execmodelclient.dll wintrust.dll msasn1.dll crypt32.dll execmodelproxy.dll capauthz.dll xmllite.dll xmllite.dll windows.cortana.proxystub.dll cryptbase.dll cryptbase.dll windows.cortana.onecore.dll windows.security.authentication.onlineid.dll cdp.dll ncrypt.dll ntasn1.dll ntasn1.dll taskflowdataengine.dll windows.cloudstore.dll windows.staterepositoryps.dll windows.cloudstore.schema.shell.dll tiledatarepository.dll staterepository.core.dll windows.staterepository.dll windows.staterepositoryclient.dll windows.applicationmodel.dll appxdeploymentclient.dll windows.ui.dll biwinrt.dll biwinrt.dll windows.devices.sensors.dll windows.devices.sensors.dll sensorsnativeapi.dll sensorsapi.dll sensorsutilsv2.dll sensorsutilsv2.dll portabledevicetypes.dll portabledevicetypes.dll deviceaccess.dll portabledeviceapi.dll portabledeviceapi.dll capabilityaccessmanagerclient.dll deviceassociation.dll deviceassociation.dll,normal
 ntdll.dll ntdll.dll wow64.dll wow64win.dll wow64cpu.dll kernel32.dll user32.dll kernel32.dll KernelBase.dll msvcrt.dll lpk.dll rpcrt4.dll cryptbase.dll imm32.dll apphelp.dll,normal
 ntdll.dll wow64win.dll wow64cpu.dll kernel32.dll kernel32.dll user32.dll KernelBase.dll msvcrt.dll winbrand.dll user32.dll advapi32.dll sechost.dll rpcrt4.dll imm32.dll apphelp.dll,normal
 ntdll.dll,normal
 kernel32.dll advapi32.dll msvcrt.dll sechost.dll usp10.dll ole32.dll oleaut32.dll tquery.dll msctf.dll msshooks.dll mscoreei.dll clbcatq.dll mssprxy.dll shlwapi.dll cryptsp.dll rsaenh.dll rpcrtremote.dll sxs.dll ntdll.dll ntdll.dll wow64cpu.dll kernel32.dll user32.dll kernel32.dll kernelbase.dll msvcrt.dll gdi32.dll usp10.dll advapi32.dll sechost.dll imm32.dll msctf.dll,normal
 ntdll.dll wow64.dll wow64win.dll wow64cpu.dll kernel32.dll kernel32.dll kernelbase.dll msvcrt.dll user32.dll lpk.dll advapi32.dll sechost.dll rpcrt4.dll sspicli.dll msctf.dll,normal
 ntdll.dll kernel32.dll kernelbase.dll msvcrt.dll rpcrt4.dll user32.dll lpk.dll usp10.dll msswch.dll winmm.dll wmsgapi.dll duser.dll imm32.dll kernel32.dll gdi32.dll user32.dll lpk.dll usp10.dll msctf.dll ole32.dll oleaut32.dll cryptbase.dll clbcatq.dll sechost.dll wow64.dll wow64cpu.dll kernel32.dll kernel32.dll kernel32.dll user32.dll kernel32.dll msvcrt.dll sechost.dll rpcrt4.dll sspicli.dll cryptbase.dll dnsapi.dll ws2_32.dll winnsi.dll dhcpcsvc.dll shlwapi.dll gdi32.dll lpk.dll usp10.dll ole32.dll msctf.dll clbcatq.dll wevtapi.dll,normal
 kernelbase.dll advapi32.dll rpcrt4.dll gdi32.dll user32.dll lpk.dll usp10.dll wtsapi32.dll winmm.dll userenv.dll profapi.dll winsta.dll msasn1.dll msctfmonitor.dll msctf.dll imm32.dll comctl32.dll shlwapi.dll secur32.dll shell32.dll uxtheme.dll dwmapi.dll wintrust.dll imagehlp.dll ncrypt.dll gpapi.dll wldap32.dll version.dll urlmon.dll api-ms-win-downlevel-ole32-l1-1-0.dll api-ms-win-downlevel-shlwapi-l1-1-0.dll api-ms-win-downlevel-user32-l1-1-0.dll api-ms-win-downlevel-normaliz-l1-1-0.dll iertutil.dll ntdll.dll kernelbase.dll sechost.dll rpcrt4.dll ole32.dll user32.dll cryptbase.dll rsaenh.dll rpcrtremote.dll clbcatq.dll mscoreei.dll mscorwks.dll msvcr80.dll shlwapi.dll profapi.dll mscorlib.ni.dll mscorjit.dll version.dll mscorlib.dll mscorsec.dll comctl32.dll riched20.dll ncrypt.dll bcrypt.dll bcryptprimitives.dll userenv.dll gpapi.dll cryptnet.dll system.addin.contract.ni.dll kernelbase.dll advapi32.dll rpcrt4.dll mscoree.dll user32.dll lpk.dll imm32.dll msctf.dll cryptsp.dll rsaenh.dll clbcatq.dll sxs.dll mscoreei.dll mscorwks.dll shlwapi.dll shell32.dll mscorjit.dll mscorlib.dll mscorlib.dll mscorlib.dll mscorlib.dll system.ni.dll system.directoryservices.accountmanagement.ni.dll system.directoryservices.protocols.ni.dll system.directoryservices.ni.dll system.configuration.ni.dll system.security.ni.dll system.data.sqlxml.ni.dll ntdll.dll kernel32.dll kernelbase.dll advapi32.dll msvcrt.dll sechost.dll ole32.dll gdi32.dll user32.dll oleaut32.dll msctf.dll cryptbase.dll cryptsp.dll rsaenh.dll rpcrtremote.dll sxs.dll mscoreei.dll msvcr80.dll shlwapi.dll profapi.dll mscorlib.ni.dll mscorjit.dll mscorlib.dll mscorlib.dll system.ni.dll system.transactions.dll system.transactions.dll system.transactions.dll system.configuration.ni.dll system.enterpriseservices.dll ntdll.dll kernelbase.dll sechost.dll msvcr120_clr0400.dll gdi32.dll user32.dll usp10.dll oleaut32.dll imm32.dll msctf.dll cryptbase.dll rpcrtremote.dll clbcatq.dll mscoreei.dll shlwapi.dll mscorlib.ni.dll clrjit.dll version.dll mscorlib.dll mscorlib.dll kernel32.dll kernelbase.dll advapi32.dll sechost.dll msvcr120_clr0400.dll mscoree.dll ole32.dll gdi32.dll user32.dll lpk.dll cryptbase.dll cryptsp.dll rpcrtremote.dll clbcatq.dll sxs.dll mscoreei.dll shlwapi.dll mscorlib.ni.dll clrjit.dll system.ni.dll system.xaml.hosting.ni.dll version.dll mscorlib.dll system.xaml.ni.dll system.xml.ni.dll ntdll.dll wow64win.dll kernel32.dll kernel32.dll user32.dll kernelbase.dll advapi32.dll msvcrt.dll rpcrt4.dll sspicli.dll cryptbase.dll mscoree.dll ole32.dll gdi32.dll usp10.dll imm32.dll msctf.dll rsaenh.dll clbcatq.dll mscorwks.dll shell32.dll mscorjit.dll mscorlib.dll version.dll mscorlib.dll mscorlib.dll system.data.oracleclient.ni.dll system.data.oracleclient.dll system.data.oracleclient.dll system.data.oracleclient.dll system.dll system.dll system.dll system.data.dll system.data.dll system.data.dll system.data.dll ws2_32.dll crypt32.dll msasn1.dll system.transactions.ni.dll system.transactions.dll system.transactions.dll system.enterpriseservices.dll system.enterpriseservices.dll system.configuration.ni.dll system.configuration.dll system.configuration.dll system.xml.ni.dll system.xml.dll system.xml.dll system.xml.dll system.security.ni.dll system.security.dll system.security.dll system.data.sqlxml.ni.dll system.data.sqlxml.dll system.data.sqlxml.dll system.data.sqlxml.dll microsoft.visualc.ni.dll system.directoryservices.ni.dll system.directoryservices.dll system.directoryservices.dll system.directoryservices.dll system.runtime.remoting.ni.dll system.runtime.remoting.dll system.runtime.remoting.dll system.web.ni.dll system.web.dll system.web.dll system.web.dll system.runtime.serialization.formatters.soap.ni.dll system.drawing.ni.dll system.drawing.dll system.drawing.dll system.web.services.ni.dll system.web.services.dll system.web.services.dll system.web.services.dll system.directoryservices.protocols.ni.dll system.directoryservices.protocols.dll system.design.ni.dll system.design.dll system.serviceprocess.ni.dll system.serviceprocess.dll system.windows.forms.ni.dll system.windows.forms.dll system.windows.forms.dll system.windows.forms.dll system.web.regularexpressions.ni.dll system.web.regularexpressions.dll system.drawing.design.dll accessibility.ni.dll accessibility.dll accessibility.dll accessibility.dll system.deployment.ni.dll system.deployment.dll system.deployment.dll ntdll.dll kernel32.dll user32.dll kernel32.dll advapi32.dll msvcrt.dll sechost.dll sspicli.dll cryptbase.dll msvcr120_clr0400.dll gdi32.dll user32.dll lpk.dll oleaut32.dll imm32.dll msctf.dll rsaenh.dll rpcrtremote.dll mscoreei.dll system.ni.dll microsoft.visualbasic.compatibility.data.dll microsoft.visualbasic.compatibility.data.dll version.dll system.dll system.dll msdatasrc.dll system.drawing.ni.dll system.windows.forms.dll system.windows.forms.dll system.windows.forms.dll system.drawing.dll system.drawing.dll system.drawing.dll system.drawing.dll system.drawing.dll adodb.dll adodb.dll system.core.ni.dll microsoft.visualbasic.ni.dll microsoft.visualbasic.dll microsoft.visualbasic.dll microsoft.stdformat.dll microsoft.stdformat.dll system.security.dll system.security.dll system.security.dll system.security.dll,normal
 ntdll.dll wow64.dll wow64win.dll wow64cpu.dll kernel32.dll kernel32.dll user32.dll kernel32.dll msvcrt.dll winbrand.dll gdi32.dll advapi32.dll imm32.dll msctf.dll apphelp.dll,normal
 ntdll.dll kernelbase.dll msvcrt.dll sechost.dll gdi32.dll user32.dll usp10.dll dwmapi.dll gdiplus.dll ole32.dll oleacc.dll shlwapi.dll uxtheme.dll dui70.dll comctl32.dll clbcatq.dll tabskb.dll rpcrtremote.dll atl.dll windowscodecs.dll ntdll.dll ntdll.dll wow64win.dll wow64cpu.dll kernel32.dll kernel32.dll user32.dll kernel32.dll gdi32.dll advapi32.dll sechost.dll rpcrt4.dll cryptbase.dll usp10.dll imm32.dll msctf.dll clbcatq.dll oleaut32.dll cryptsp.dll rsaenh.dll rpcrtremote.dll shlwapi.dll actxprxy.dll,normal
 kernel32.dll advapi32.dll msvcrt.dll sechost.dll ole32.dll user32.dll lpk.dll usp10.dll msctf.dll wdscore.dll shell32.dll shlwapi.dll dbghelp.dll cryptbase.dll cbscore.dll userenv.dll profapi.dll ktmw32.dll dpx.dll wcp.dll cfgmgr32.dll mpr.dll wrpint.dll sqmapi.dll winhttp.dll sensapi.dll cryptsp.dll rsaenh.dll rpcrtremote.dll clbcatq.dll smipi.dll smiengine.dll kernel32.dll gdi32.dll user32.dll usp10.dll msvcrt.dll imm32.dll msctf.dll ole32.dll rpcrt4.dll kernel32.dll kernelbase.dll usp10.dll msvcrt.dll imm32.dll msctf.dll ole32.dll oleaut32.dll cryptbase.dll advapi32.dll ntdll.dll kernel32.dll kernelbase.dll user32.dll gdi32.dll lpk.dll usp10.dll comctl32.dll shlwapi.dll cryptbase.dll propsys.dll oleaut32.dll clbcatq.dll profapi.dll wininet.dll crypt32.dll msasn1.dll wldap32.dll version.dll sspicli.dll setupapi.dll cfgmgr32.dll devobj.dll,normal
 ntdll.dll kernel32.dll gdi32.dll usp10.dll msvcrt.dll imm32.dll msctf.dll rpcrt4.dll oleaut32.dll clbcatq.dll sechost.dll ntdll.dll wow64win.dll kernel32.dll kernel32.dll kernel32.dll KernelBase.dll user32.dll gdi32.dll lpk.dll usp10.dll advapi32.dll sechost.dll rpcrt4.dll sspicli.dll msctf.dll,normal
 ntdll.dll ntdll.dll wow64cpu.dll kernel32.dll kernel32.dll kernel32.dll kernelbase.dll mozglue.dll dbghelp.dll msvcrt.dll vcruntime140.dll api-ms-win-crt-runtime-l1-1-0.dll ucrtbase.dll api-ms-win-core-file-l2-1-0.dll api-ms-win-core-localization-l1-2-0.dll api-ms-win-core-synch-l1-2-0.dll api-ms-win-core-file-l1-2-0.dll api-ms-win-crt-heap-l1-1-0.dll api-ms-win-crt-stdio-l1-1-0.dll api-ms-win-crt-math-l1-1-0.dll api-ms-win-crt-time-l1-1-0.dll api-ms-win-crt-filesystem-l1-1-0.dll api-ms-win-crt-environment-l1-1-0.dll api-ms-win-crt-utility-l1-1-0.dll rpcrt4.dll user32.dll gdi32.dll lpk.dll usp10.dll imm32.dll msctf.dll winmm.dll wsock32.dll nsi.dll lgpllibs.dll xul.dll msasn1.dll uxtheme.dll setupapi.dll cfgmgr32.dll oleaut32.dll devobj.dll ntmarta.dll dhcpcsvc.dll nlaapi.dll dnsapi.dll winrnr.dll profapi.dll wship6.dll dwrite.dll wship6.dll wshqos.dll wshqos.dll mmdevapi.dll propsys.dll audioses.dll softokn3.dll freebl3.dll wpc.dll wevtapi.dll samcli.dll rsaenh.dll rpcrtremote.dll mfplat.dll mf.dll atl.dll ksuser.dll powrprof.dll msmpeg2vdec.dll slc.dll msdmo.dll msmpeg2adec.dll,normal
 mscoree.dll msvcr120_clr0400.dll msctf.dll kernel32.dll kernelbase.dll msvcrt.dll advapi32.dll shlwapi.dll user32.dll lpk.dll usp10.dll imm32.dll cryptbase.dll fusion.dll,normal
 ntdll.dll kernel32.dll KernelBase.dll gdi32.dll lpk.dll imm32.dll msctf.dll oleaut32.dll cryptbase.dll clbcatq.dll advapi32.dll kernel32.dll gdi32.dll usp10.dll rpcrt4.dll cryptbase.dll clbcatq.dll advapi32.dll sechost.dll ntdll.dll wow64win.dll kernel32.dll kernel32.dll user32.dll msvcrt.dll sechost.dll sspicli.dll ws2_32.dll nsi.dll shell32.dll lpk.dll usp10.dll ole32.dll imm32.dll clbcatq.dll oleaut32.dll cryptsp.dll rsaenh.dll RpcRtRemote.dll wevtapi.dll ntdll.dll ntdll.dll wow64.dll wow64win.dll wow64cpu.dll kernel32.dll KernelBase.dll msvcrt.dll winbrand.dll user32.dll gdi32.dll lpk.dll usp10.dll advapi32.dll rpcrt4.dll cryptbase.dll imm32.dll msctf.dll apphelp.dll,normal
 kernel32.dll kernelbase.dll sechost.dll rpcrt4.dll user32.dll lpk.dll msctf.dll rsaenh.dll clbcatq.dll sxs.dll mscorwks.dll shell32.dll profapi.dll mscorlib.ni.dll mscorlib.dll version.dll mscorlib.dll microsoft.visualc.ni.dll system.ni.dll system.xml.ni.dll system.drawing.ni.dll system.data.ni.dll system.data.dll system.data.dll system.data.dll ws2_32.dll nsi.dll msasn1.dll system.web.ni.dll system.web.dll system.web.dll system.web.dll system.web.services.ni.dll microsoft.mediacenter.ui.ni.dll microsoft.mediacenter.ni.dll ehiitv.ni.dll microsoft.mediacenter.shell.ni.dll ehshell.ni.dll system.transactions.ni.dll system.transactions.dll system.transactions.dll system.enterpriseservices.dll system.enterpriseservices.dll system.runtime.serialization.formatters.soap.ni.dll system.design.ni.dll system.serviceprocess.ni.dll system.web.regularexpressions.ni.dll system.drawing.design.ni.dll system.data.oracleclient.ni.dll system.data.oracleclient.dll system.data.oracleclient.dll system.data.oracleclient.dll ehiuserxp.ni.dll ehrecobj.ni.dll mcepg.ni.dll mcstore.ni.dll bdatunepia.ni.dll bdatunepia.dll bdatunepia.dll bdatunepia.dll ehividctl.ni.dll mcstoredb.ni.dll mcstoredb.dll mcstoredb.dll rasapi32.dll rasman.dll stdole.ni.dll wintrust.dll riched20.dll imagehlp.dll bcryptprimitives.dll userenv.dll gpapi.dll cryptnet.dll wldap32.dll sensapi.dll microsoft.mediacenter.playback.ni.dll microsoft.mediacenter.itvvm.ni.dll mcx2dvcs.ni.dll mcx2dvcs.dll netapi32.dll netutils.dll samcli.dll winhttp.dll webio.dll wlanapi.dll microsoft.mediacenter.tv.tuners.interop.ni.dll microsoft.mediacenter.tv.tuners.interop.dll microsoft.mediacenter.tv.tuners.interop.dll microsoft.mediacenter.interop.ni.dll microsoft.mediacenter.interop.dll microsoft.mediacenter.interop.dll microsoft.mediacenter.interop.dll propsys.dll gdiplus.dll winmm.dll kernel32.dll sechost.dll rpcrt4.dll msvcr120_clr0400.dll mscoree.dll ole32.dll user32.dll usp10.dll oleaut32.dll cryptbase.dll cryptsp.dll rsaenh.dll rpcrtremote.dll mscorwks.dll profapi.dll mscorjit.dll mscorlib.dll mscorlib.dll version.dll mscorlib.dll ntdll.dll wow64.dll wow64cpu.dll kernel32.dll kernel32.dll user32.dll kernelbase.dll advapi32.dll sechost.dll rpcrt4.dll cryptbase.dll ole32.dll user32.dll lpk.dll usp10.dll msctf.dll cryptsp.dll rsaenh.dll rpcrtremote.dll clbcatq.dll mscoreei.dll shlwapi.dll mscorjit.dll mscorlib.dll version.dll mscorlib.dll system.ni.dll system.runtime.remoting.ni.dll system.runtime.remoting.dll system.runtime.remoting.dll system.dll system.dll system.web.ni.dll system.web.dll system.web.dll system.web.dll system.runtime.serialization.formatters.soap.ni.dll system.runtime.serialization.formatters.soap.dll system.runtime.serialization.formatters.soap.dll system.xml.ni.dll system.xml.dll system.xml.dll system.xml.dll system.directoryservices.dll system.directoryservices.dll system.directoryservices.dll system.configuration.ni.dll system.configuration.dll system.configuration.dll system.configuration.dll system.security.dll system.security.dll system.security.dll system.data.sqlxml.dll system.data.sqlxml.dll system.data.sqlxml.dll system.drawing.dll system.data.ni.dll system.data.dll system.data.dll system.data.dll ws2_32.dll nsi.dll system.web.services.ni.dll system.web.services.dll system.web.services.dll system.web.services.dll system.web.services.dll system.directoryservices.protocols.ni.dll system.directoryservices.protocols.dll system.directoryservices.protocols.dll system.enterpriseservices.ni.dll system.enterpriseservices.dll system.design.ni.dll system.design.dll system.serviceprocess.ni.dll system.serviceprocess.dll system.serviceprocess.dll system.windows.forms.dll system.web.regularexpressions.ni.dll system.web.regularexpressions.dll system.web.regularexpressions.dll system.transactions.ni.dll system.transactions.dll system.transactions.dll system.drawing.design.dll system.data.oracleclient.ni.dll system.data.oracleclient.dll system.data.oracleclient.dll system.data.oracleclient.dll accessibility.ni.dll accessibility.dll accessibility.dll accessibility.dll accessibility.dll system.deployment.ni.dll system.deployment.dll system.deployment.dll system.deployment.dll system.configuration.install.ni.dll system.configuration.install.dll system.configuration.install.dll ntdll.dll ntdll.dll wow64.dll wow64win.dll wow64cpu.dll kernel32.dll user32.dll kernel32.dll sechost.dll rpcrt4.dll msvcr120_clr0400.dll mscoree.dll lpk.dll usp10.dll oleaut32.dll rsaenh.dll clbcatq.dll sxs.dll clr.dll system.speech.ni.dll mscorlib.dll system.dll system.dll system.xml.dll system.core.ni.dll system.configuration.ni.dll system.configuration.dll,normal
 ntdll.dll ntdll.dll ntdll.dll ntdll.dll wow64.dll wow64lg2.dll kernel32.dll kernel32.dll kernelbase.dll kernelbase.dll advapi32.dll sechost.dll sechost.dll rpcrt4.dll sspicli.dll cryptbase.dll cryptbase.dll bcryptprimitives.dll bcryptprimitives.dll ole32.dll msvcp_win.dll win32u.dll shcore.dll shcore.dll windows.storage.dll kernel.appcore.dll powrprof.dll filterlib.dll fltlib.dll crypt32.dll msasn1.dll msasn1.dll netapi32.dll ws2_32.dll ws2_32.dll comctl32.dll goopdate.dll msi.dll msi.dll bcrypt.dll bcrypt.dll cryptsp.dll cryptsp.dll ntmarta.dll rsaenh.dll rsaenh.dll cscapi.dll cscapi.dll dbghelp.dll iertutil.dll iertutil.dll,normal
 kernel32.dll gdi32.dll lpk.dll usp10.dll imm32.dll msctf.dll cryptbase.dll clbcatq.dll advapi32.dll oleaut32.dll cryptsp.dll rsaenh.dll RpcRtRemote.dll thumbcache.dll shell32.dll psapi.dll propsys.dll,normal
 kernel32.dll kernelbase.dll user32.dll lpk.dll msvcrt.dll imm32.dll ole32.dll rpcrt4.dll,normal
 kernel32.dll gdi32.dll lpk.dll usp10.dll imm32.dll msctf.dll rpcrt4.dll oleaut32.dll clbcatq.dll KernelBase.dll gdi32.dll lpk.dll usp10.dll rpcrt4.dll oleaut32.dll cryptbase.dll advapi32.dll sechost.dll ntdll.dll wow64.dll wow64win.dll kernel32.dll kernel32.dll user32.dll kernel32.dll KernelBase.dll msvcrt.dll winbrand.dll gdi32.dll lpk.dll sechost.dll rpcrt4.dll cryptbase.dll imm32.dll msctf.dll apphelp.dll,normal
 ntdll.dll wow64win.dll wow64cpu.dll kernel32.dll kernel32.dll user32.dll kernelbase.dll msvcrt.dll sechost.dll rpcrt4.dll cryptbase.dll dnsapi.dll ws2_32.dll nsi.dll dhcpcsvc.dll shlwapi.dll user32.dll lpk.dll imm32.dll msctf.dll oleaut32.dll cryptsp.dll rpcrtremote.dll wevtapi.dll ntdll.dll wow64.dll wow64cpu.dll user32.dll kernel32.dll msvcrt.dll sechost.dll nsi.dll winnsi.dll dhcpcsvc.dll dhcpcsvc6.dll gdi32.dll user32.dll lpk.dll ole32.dll imm32.dll msctf.dll clbcatq.dll cryptsp.dll rsaenh.dll rpcrtremote.dll wevtapi.dll,normal
 sfc.dll sfc_os.dll,normal
 ntdll.dll kernel32.dll kernelbase.dll ole32.dll user32.dll rpcrt4.dll imm32.dll cryptbase.dll clbcatq.dll advapi32.dll oleaut32.dll rsaenh.dll rpcrtremote.dll thumbcache.dll shlwapi.dll comctl32.dll psapi.dll,normal
 2.dll spoolss.dll setupapi.dll spoolss.dll setupapi.dll secur32.dll spoolss.dll setupapi.dll tpvmw32.dll spoolss.dll setupapi.dll secur32.dll spoolss.dll secur32.dll secur32.dll spoolss.dll setupapi.dll spoolss.dll secur32.dll spoolss.dll secur32.dll setupapi.dll secur32.dll spoolss.dll setupapi.dll secur32.dll spoolss.dll secur32.dll spoolss.dll setupapi.dll secur32.dll spoolss.dll spoolss.dll spoolss.dll setupapi.dll secur32.dll setupapi.dll secur32.dll spoolss.dll setupapi.dll spoolss.dll setupapi.dll setupapi.dll secur32.dll spoolss.dll setupapi.dll secur32.dll spoolss.dll setupapi.dll spoolss.dll secur32.dll spoolss.dll setupapi.dll spoolss.dll setupapi.dll spoolss.dll secur32.dll spoolss.dll spoolss.dll setupapi.dll spoolss.dll spoolss.dll secur32.dll setupapi.dll secur32.dll spoolss.dll setupapi.dll secur32.dll setupapi.dll secur32.dll spoolss.dll setupapi.dll secur32.dll spoolss.dll secur32.dll secur32.dll spoolss.dll setupapi.dll secur32.dll spoolss.dll setupapi.dll spoolss.dll setupapi.dll secur32.dll spoolss.dll setupapi.dll secur32.dll spoolss.dll setupapi.dll secur32.dll spoolss.dll setupapi.dll secur32.dll setupapi.dll spoolss.dll setupapi.dll secur32.dll setupapi.dll secur32.dll setupapi.dll secur32.dll spoolss.dll secur32.dll spoolss.dll setupapi.dll spoolss.dll setupapi.dll secur32.dll secur32.dll spoolss.dll spoolss.dll setupapi.dll secur32.dll spoolss.dll setupapi.dll secur32.dll secur32.dll setupapi.dll secur32.dll setupapi.dll secur32.dll setupapi.dll secur32.dll spoolss.dll spoolss.dll secur32.dll setupapi.dll secur32.dll secur32.dll setupapi.dll spoolss.dll setupapi.dll secur32.dll spoolss.dll setupapi.dll secur32.dll spoolss.dll secur32.dll secur32.dll setupapi.dll secur32.dll spoolss.dll setupapi.dll setupapi.dll spoolss.dll secur32.dll setupapi.dll secur32.dll spoolss.dll secur32.dll setupapi.dll spoolss.dll spoolss.dll secur32.dll spoolss.dll setupapi.dll secur32.dll spoolss.dll secur32.dll spoolss.dll setupapi.dll secur32.dll spoolss.dll spoolss.dll secur32.dll spoolss.dll setupapi.dll secur32.dll spoolss.dll setupapi.dll secur32.dll spoolss.dll setupapi.dll secur32.dll setupapi.dll secur32.dll secur32.dll spoolss.dll setupapi.dll secur32.dll spoolss.dll setupapi.dll secur32.dll spoolss.dll spoolss.dll setupapi.dll spoolss.dll spoolss.dll spoolss.dll setupapi.dll secur32.dll spoolss.dll setupapi.dll secur32.dll spoolss.dll setupapi.dll secur32.dll spoolss.dll setupapi.dll setupapi.dll secur32.dll spoolss.dll setupapi.dll secur32.dll spoolss.dll setupapi.dll secur32.dll setupapi.dll spoolss.dll setupapi.dll spoolss.dll secur32.dll setupapi.dll secur32.dll setupapi.dll secur32.dll setupapi.dll spoolss.dll setupapi.dll secur32.dll secur32.dll spoolss.dll secur32.dll spoolss.dll setupapi.dll spoolss.dll secur32.dll setupapi.dll spoolss.dll secur32.dll spoolss.dll spoolss.dll setupapi.dll secur32.dll setupapi.dll secur32.dll secur32.dll setupapi.dll secur32.dll spoolss.dll spoolss.dll secur32.dll setupapi.dll setupapi.dll secur32.dll setupapi.dll secur32.dll spoolss.dll setupapi.dll spoolss.dll setupapi.dll secur32.dll setupapi.dll secur32.dll setupapi.dll secur32.dll spoolss.dll setupapi.dll spoolss.dll setupapi.dll secur32.dll setupapi.dll secur32.dll secur32.dll spoolss.dll spoolss.dll setupapi.dll secur32.dll secur32.dll spoolss.dll secur32.dll spoolss.dll secur32.dll spoolss.dll secur32.dll spoolss.dll secur32.dll spoolss.dll setupapi.dll secur32.dll spoolss.dll setupapi.dll secur32.dll setupapi.dll spoolss.dll spoolss.dll secur32.dll spoolss.dll secur32.dll spoolss.dll setupapi.dll secur32.dll secur32.dll spoolss.dll secur32.dll setupapi.dll secur32.dll spoolss.dll setupapi.dll spoolss.dll secur32.dll spoolss.dll setupapi.dll secur32.dll spoolss.dll setupapi.dll secur32.dll spoolss.dll setupapi.dll secur32.dll spoolss.dll secur32.dll spoolss.dll setupapi.dll spoolss.dll secur32.dll spoolss.dll secur32.dll secur32.dll spoolss.dll setupapi.dll secur32.dll spoolss.dll setupapi.dll secur32.dll setupapi.dll secur32.dll setupapi.dll spoolss.dll secur32.dll spoolss.dll setupapi.dll setupapi.dll secur32.dll secur32.dll spoolss.dll setupapi.dll secur32.dll secur32.dll secur32.dll spoolss.dll secur32.dll spoolss.dll setupapi.dll spoolss.dll secur32.dll spoolss.dll secur32.dll spoolss.dll spoolss.dll secur32.dll spoolss.dll setupapi.dll secur32.dll secur32.dll setupapi.dll secur32.dll,normal
 kernel32.dll kernelbase.dll user32.dll combase.dll sechost.dll advapi32.dll shell32.dll shlwapi.dll rpcrt4.dll sspicli.dll imm32.dll kernel.appcore.dll bcryptprimitives.dll clbcatq.dll imebrokerps.dll,normal
 ntdll.dll ntdll.dll wow64.dll wow64cpu.dll kernel32.dll kernel32.dll kernel32.dll kernel32.dll KernelBase.dll rpcrt4.dll sspicli.dll dnsapi.dll ws2_32.dll winnsi.dll dhcpcsvc.dll shell32.dll shlwapi.dll user32.dll lpk.dll usp10.dll ole32.dll msctf.dll clbcatq.dll cryptsp.dll rsaenh.dll RpcRtRemote.dll wevtapi.dll ntdll.dll wow64cpu.dll kernel32.dll user32.dll kernel32.dll advapi32.dll msvcrt.dll rpcrt4.dll dnsapi.dll winnsi.dll dhcpcsvc6.dll shell32.dll shlwapi.dll user32.dll lpk.dll usp10.dll ole32.dll imm32.dll msctf.dll clbcatq.dll cryptsp.dll rsaenh.dll RpcRtRemote.dll wevtapi.dll kernel32.dll KernelBase.dll advapi32.dll rpcrt4.dll mscoree.dll gdi32.dll oleaut32.dll cryptbase.dll RpcRtRemote.dll mscoreei.dll clr.dll mscorlib.ni.dll System.ni.dll mscorlib.dll mscorlib.dll System.Xml.ni.dll System.Numerics.ni.dll System.Security.ni.dll System.Configuration.ni.dll Microsoft.VisualBasic.Activities.Compiler.dll ntdll.dll ntdll.dll wow64.dll wow64win.dll wow64cpu.dll kernel32.dll kernel32.dll kernel32.dll sechost.dll mscoree.dll ole32.dll lpk.dll usp10.dll msctf.dll cryptsp.dll rsaenh.dll RpcRtRemote.dll mscoreei.dll clr.dll shlwapi.dll mscorlib.ni.dll clrjit.dll System.ni.dll mscorlib.dll System.dll System.dll System.Xml.ni.dll System.Xml.dll System.Core.ni.dll System.Core.dll Microsoft.Build.Framework.ni.dll System.Configuration.dll,normal
 ntdll.dll ntdll.dll wow64.dll kernel32.dll kernel32.dll user32.dll kernel32.dll sspicli.dll msvcr120_clr0400.dll ole32.dll gdi32.dll user32.dll lpk.dll imm32.dll rsaenh.dll rpcrtremote.dll mscoreei.dll clr.dll shlwapi.dll mscorlib.ni.dll clrjit.dll system.ni.dll system.core.ni.dll presentationframework.ni.dll version.dll presentationframework.dll mscorlib.dll windowsbase.dll windowsbase.dll system.core.dll system.core.dll system.dll system.dll presentationcore.dll presentationcore.dll system.xaml.ni.dll system.xaml.dll system.configuration.dll system.configuration.dll system.xml.dll uiautomationprovider.dll uiautomationtypes.ni.dll uiautomationtypes.dll uiautomationtypes.dll reachframework.ni.dll accessibility.ni.dll accessibility.dll accessibility.dll system.printing.dll system.deployment.dll system.deployment.dll system.security.ni.dll system.numerics.ni.dll system.numerics.dll system.numerics.dll system.windows.input.manipulations.ni.dll ntdll.dll wow64.dll wow64win.dll kernel32.dll kernel32.dll kernelbase.dll msvcrt.dll ole32.dll gdi32.dll advapi32.dll cryptbase.dll imm32.dll msctf.dll clbcatq.dll cryptsp.dll rpcrtremote.dll shell32.dll shlwapi.dll,normal
 kernel32.dll KernelBase.dll gdi32.dll lpk.dll usp10.dll imm32.dll msctf.dll sechost.dll WindowsCodecs.dll version.dll dwmapi.dll powrprof.dll cfgmgr32.dll powrprof.dll cfgmgr32.dll winmm.dll dbghelp.dll dbghelp.dll dbghelp.dll crypt32.dll msasn1.dll dwmredir.dll d3d10_1.dll d3d10_1core.dll d3d11.dll devobj.dll devobj.dll vm3dum64_10.dll vm3dum64_10.dll vm3dum64.dll vm3dum64.dll winmm.dll,normal
 ntdll.dll kernel32.dll msvcrt.dll ole32.dll gdi32.dll lpk.dll usp10.dll rpcrt4.dll cryptbase.dll advapi32.dll sechost.dll oleaut32.dll rpcrtremote.dll thumbcache.dll shell32.dll shlwapi.dll psapi.dll,normal
 gdi32.dll user32.dll lpk.dll msvcrt.dll imm32.dll rpcrt4.dll oleaut32.dll advapi32.dll sechost.dll ntdll.dll ntdll.dll wow64.dll wow64cpu.dll kernel32.dll kernel32.dll kernel32.dll kernelbase.dll msvcrt.dll gdi32.dll usp10.dll advapi32.dll rpcrt4.dll cryptbase.dll imm32.dll msctf.dll apphelp.dll,normal
 ntdll.dll cryptdll.dll netapi32.dll ole32.dll oleaut32.dll rpcrt4.dll userenv.dll version.dll hid.dll setupapi.dll winscard.dll winsta.dll wldap32.dll msvcrt.dll netutils.dll combase.dll sspicli.dll cfgmgr32.dll devobj.dll cryptsp.dll cryptbase.dll bcryptprimitives.dll imm32.dll msctf.dll rsaenh.dll bcrypt.dll vaultcli.dll wintrust.dll,mimikatz
 msftedit.dll wpdshext.dll,normal
 ntdll.dll wow64.dll wow64win.dll wow64cpu.dll kernel32.dll kernel32.dll kernel32.dll advapi32.dll msvcrt.dll sechost.dll rpcrt4.dll cryptbase.dll oleaut32.dll ole32.dll gdi32.dll user32.dll lpk.dll usp10.dll imm32.dll msctf.dll comctl32.dll ntdll.dll ntdll.dll wow64.dll wow64cpu.dll user32.dll kernel32.dll advapi32.dll msvcrt.dll sechost.dll sspicli.dll cryptbase.dll ole32.dll gdi32.dll user32.dll usp10.dll imm32.dll msctf.dll cryptsp.dll sxs.dll msvcr80.dll shlwapi.dll profapi.dll mscorlib.ni.dll mscorjit.dll version.dll mscorlib.dll mscorlib.dll system.ni.dll windowsbase.ni.dll presentationcore.dll presentationcore.dll windowsbase.dll windowsbase.dll windowsbase.dll system.dll system.dll system.dll microsoft.visualc.ni.dll uiautomationprovider.dll uiautomationtypes.dll uiautomationtypes.dll system.xml.ni.dll system.xml.dll system.xml.dll system.xml.dll system.deployment.ni.dll system.deployment.dll system.deployment.dll system.deployment.dll presentationcffrasterizer.ni.dll presentationcffrasterizer.dll system.drawing.ni.dll system.drawing.dll system.configuration.dll system.security.ni.dll system.security.dll system.security.dll system.security.dll system.data.sqlxml.ni.dll accessibility.ni.dll accessibility.dll accessibility.dll system.data.sqlxml.dll system.windows.forms.ni.dll system.windows.forms.dll system.windows.forms.dll system.runtime.serialization.formatters.soap.ni.dll,normal
 ntdll.dll kernel32.dll msvcrt.dll rpcrt4.dll user32.dll gdi32.dll lpk.dll usp10.dll ole32.dll wbemcomn.dll ws2_32.dll nsi.dll imm32.dll msctf.dll psapi.dll cryptbase.dll cryptsp.dll ntdsapi.dll wmiprov.dll,normal
 ole32.dll,normal
 ntdll.dll kernel32.dll kernelbase.dll advapi32.dll msvcrt.dll sechost.dll rpcrt4.dll mscoree.dll lpk.dll usp10.dll oleaut32.dll cryptbase.dll cryptsp.dll rpcrtremote.dll sxs.dll clrjit.dll system.core.ni.dll version.dll mscorlib.dll mscorlib.dll system.data.services.client.ni.dll system.web.dll system.web.dll system.xml.ni.dll system.xml.linq.ni.dll system.configuration.ni.dll system.security.ni.dll ntdll.dll wow64.dll wow64cpu.dll kernel32.dll kernel32.dll user32.dll advapi32.dll msvcrt.dll sechost.dll rpcrt4.dll cryptbase.dll mscoree.dll ole32.dll lpk.dll usp10.dll imm32.dll msctf.dll cryptsp.dll clbcatq.dll sxs.dll mscorwks.dll msvcr80.dll shlwapi.dll shell32.dll profapi.dll mscorjit.dll mscorlib.dll mscorlib.dll mscorlib.dll system.dll system.dll system.dll microsoft.windows.diagnosis.commands.getdiaginput.dll system.management.automation.ni.dll system.management.automation.dll microsoft.windows.diagnosis.sdhost.ni.dll microsoft.windows.diagnosis.sdhost.dll microsoft.windows.diagnosis.sdhost.dll system.configuration.install.dll system.transactions.ni.dll system.xml.ni.dll system.xml.dll system.xml.dll system.xml.dll system.transactions.dll system.transactions.dll system.transactions.dll system.transactions.dll system.management.ni.dll system.management.dll system.management.dll system.directoryservices.ni.dll system.data.dll system.data.dll system.data.dll system.data.dll system.directoryservices.dll system.directoryservices.dll ws2_32.dll crypt32.dll msasn1.dll system.configuration.ni.dll system.security.ni.dll system.security.dll system.security.dll system.security.dll system.security.dll system.data.sqlxml.ni.dll system.data.sqlxml.dll system.data.sqlxml.dll system.data.sqlxml.dll system.data.sqlxml.dll system.drawing.ni.dll system.windows.forms.ni.dll system.windows.forms.dll system.drawing.dll system.drawing.dll system.runtime.serialization.formatters.soap.dll system.runtime.serialization.formatters.soap.dll system.deployment.ni.dll system.deployment.dll system.deployment.dll system.deployment.dll accessibility.ni.dll accessibility.dll accessibility.dll accessibility.dll accessibility.dll system.runtime.remoting.ni.dll system.runtime.remoting.dll system.enterpriseservices.dll system.enterpriseservices.dll system.web.dll system.web.dll system.web.services.ni.dll system.web.services.dll system.web.services.dll system.directoryservices.protocols.ni.dll system.directoryservices.protocols.dll system.design.dll system.serviceprocess.dll system.web.regularexpressions.ni.dll system.web.regularexpressions.dll system.web.regularexpressions.dll system.web.regularexpressions.dll system.drawing.design.ni.dll system.drawing.design.dll system.drawing.design.dll system.data.oracleclient.ni.dll system.data.oracleclient.dll system.data.oracleclient.dll system.data.oracleclient.dll system.data.oracleclient.dll microsoft.vsa.ni.dll microsoft.vsa.dll microsoft.vsa.dll microsoft.windows.diagnosis.commands.updatediagrootcause.ni.dll microsoft.windows.diagnosis.commands.updatediagrootcause.dll microsoft.windows.diagnosis.commands.updatediagreport.dll microsoft.windows.diagnosis.commands.writediagprogress.ni.dll microsoft.windows.diagnosis.commands.writediagprogress.dll microsoft.windows.diagnosis.commands.writediagprogress.dll ntdll.dll wow64win.dll wow64cpu.dll kernel32.dll user32.dll kernel32.dll kernelbase.dll msvcrt.dll sechost.dll rpcrt4.dll sspicli.dll msvcr120_clr0400.dll mscoree.dll ole32.dll usp10.dll cryptsp.dll rpcrtremote.dll clr.dll shlwapi.dll clrjit.dll microsoft.office.tools.word.dll microsoft.office.tools.word.dll system.dll system.windows.forms.dll system.drawing.dll system.drawing.dll system.xml.dll system.xml.dll system.configuration.dll system.configuration.dll,normal
 KernelBase.dll msvcrt.dll rpcrt4.dll cryptbase.dll bcryptprimitives.dll clbcatq.dll gdi32.dll sechost.dll cryptsp.dll bcrypt.dll IDStore.dll profapi.dll,normal
 kernel32.dll KernelBase.dll msvcrt.dll sechost.dll ole32.dll gdi32.dll lpk.dll imm32.dll msctf.dll shell32.dll shlwapi.dll dbghelp.dll cryptbase.dll version.dll crypt32.dll msasn1.dll profapi.dll dpx.dll dpx.dll DrUpdate.dll cfgmgr32.dll srclient.dll spp.dll vssapi.dll vsstrace.dll wrpint.dll sxsstore.dll winhttp.dll webio.dll SensApi.dll RpcRtRemote.dll clbcatq.dll CbsApi.dll,normal
 ntdll.dll kernel32.dll kernelbase.dll advapi32.dll msvcrt.dll msvcrt.dll combase.dll user32.dll tquery.dll msshooks.dll shlwapi.dll sechost.dll sechost.dll rpcrt4.dll gdi32.dll msctf.dll kernel.appcore.dll cryptbase.dll bcryptprimitives.dll clbcatq.dll cryptsp.dll bcrypt.dll mssprxy.dll mssprxy.dll shcore.dll,normal
 ntdll.dll msvcrt.dll rpcrt4.dll mscoree.dll ole32.dll lpk.dll usp10.dll imm32.dll msctf.dll cryptbase.dll cryptsp.dll RpcRtRemote.dll clbcatq.dll sxs.dll clr.dll shlwapi.dll clrjit.dll System.ni.dll System.Xml.ni.dll System.Runtime.Serialization.ni.dll System.Configuration.ni.dll ntdll.dll ntdll.dll wow64.dll wow64cpu.dll kernel32.dll kernel32.dll kernel32.dll kernel32.dll KernelBase.dll sspicli.dll mscoree.dll ole32.dll gdi32.dll user32.dll usp10.dll oleaut32.dll imm32.dll msctf.dll cryptsp.dll RpcRtRemote.dll clbcatq.dll sxs.dll msvcr80.dll shlwapi.dll shell32.dll mscorlib.ni.dll mscorlib.dll mscorlib.dll mscorlib.dll mscorlib.dll mscorsec.dll crypt32.dll msasn1.dll riched20.dll ncrypt.dll bcrypt.dll userenv.dll cryptnet.dll Wldap32.dll SensApi.dll Microsoft.VisualStudio.Tools.Office.Contract.v9.0.dll System.AddIn.Contract.ni.dll System.AddIn.Contract.dll System.AddIn.Contract.dll Microsoft.VisualStudio.Tools.Applications.Contract.v9.0.ni.dll Microsoft.VisualStudio.Tools.Applications.Contract.v9.0.dll Microsoft.VisualStudio.Tools.Applications.Contract.v9.0.dll ntdll.dll ntdll.dll wow64.dll wow64win.dll wow64cpu.dll kernel32.dll kernel32.dll rpcrt4.dll sspicli.dll msvcr120_clr0400.dll gdi32.dll user32.dll oleaut32.dll RpcRtRemote.dll clbcatq.dll sxs.dll mscoreei.dll clr.dll shlwapi.dll,normal
 ntdll.dll kernel32.dll kernelbase.dll advapi32.dll msvcrt.dll sechost.dll rpcrt4.dll lpk.dll usp10.dll ole32.dll msimg32.dll wmsgapi.dll winmm.dll userenv.dll winsta.dll msasn1.dll msctf.dll imm32.dll comctl32.dll shlwapi.dll secur32.dll cryptbase.dll uxtheme.dll dwmapi.dll wintrust.dll rsaenh.dll version.dll oleaut32.dll iertutil.dll credui.dll cryptui.dll dui70.dll duser.dll imageres.dll mmdevapi.dll propsys.dll rdpendp.dll ksuser.dll avrt.dll msutb.dll,normal
 wow64.dll kernel32.dll user32.dll wow64cpu.dll kernelbase.dll sechost.dll rpcrt4.dll sspicli.dll cryptbase.dll bcryptprimitives.dll shell32.dll cfgmgr32.dll combase.dll windows.storage.dll gdi32.dll msvcp_win.dll user32.dll profapi.dll oleaut32.dll psapi.dll ole32.dll crypt32.dll wintrust.dll goopdate.dll msi.dll wtsapi32.dll comctl32.dll userenv.dll bcrypt.dll msimg32.dll wininet.dll wkscli.dll uxtheme.dll ntmarta.dll winsta.dll ws2_32.dll nsi.dll webio.dll mswsock.dll dnsapi.dll rasadhlp.dll iertutil.dll,normal
 msctf.dll ntdll.dll kernel32.dll KernelBase.dll msvcrt.dll rpcrt4.dll lpk.dll oleaut32.dll,normal
 kernel32.dll kernelbase.dll advapi32.dll msvcrt.dll sechost.dll rpcrt4.dll msvcr120_clr0400.dll gdi32.dll lpk.dll imm32.dll msctf.dll cryptbase.dll cryptsp.dll clbcatq.dll sxs.dll mscorwks.dll msvcr80.dll shlwapi.dll profapi.dll mscorlib.dll mscorlib.dll mscorlib.dll system.ni.dll mmcex.ni.dll mmcfxcommon.ni.dll accessibility.ni.dll system.deployment.ni.dll ntdll.dll kernelbase.dll sechost.dll rpcrt4.dll ole32.dll user32.dll usp10.dll oleaut32.dll cryptbase.dll cryptsp.dll rpcrtremote.dll clbcatq.dll sxs.dll mscoreei.dll mscorwks.dll profapi.dll mscorlib.ni.dll mscorjit.dll mscorlib.dll version.dll mscorlib.dll mscorlib.dll system.ni.dll system.web.dll system.web.dll system.data.entity.design.ni.dll system.data.entity.ni.dll system.data.ni.dll system.data.dll system.data.dll system.data.dll ws2_32.dll nsi.dll crypt32.dll system.web.services.ni.dll system.directoryservices.protocols.ni.dll system.enterpriseservices.dll system.enterpriseservices.dll system.serviceprocess.ni.dll system.windows.forms.ni.dll system.web.regularexpressions.ni.dll system.transactions.dll system.transactions.dll system.runtime.serialization.formatters.soap.ni.dll system.data.oracleclient.ni.dll system.data.oracleclient.dll system.data.oracleclient.dll system.data.oracleclient.dll system.runtime.serialization.ni.dll ntdll.dll kernelbase.dll msvcrt.dll rpcrt4.dll msvcr120_clr0400.dll gdi32.dll user32.dll lpk.dll usp10.dll imm32.dll rsaenh.dll rpcrtremote.dll clbcatq.dll sxs.dll msvcr80.dll shlwapi.dll shell32.dll mscorlib.ni.dll mscorjit.dll mscorlib.dll mscorlib.dll mscorlib.dll mscorlib.dll system.ni.dll system.web.regularexpressions.ni.dll system.configuration.ni.dll system.xml.ni.dll ntdll.dll wow64.dll wow64win.dll wow64cpu.dll kernel32.dll kernel32.dll kernelbase.dll msvcrt.dll sechost.dll rpcrt4.dll mscoree.dll gdi32.dll user32.dll oleaut32.dll imm32.dll msctf.dll rpcrtremote.dll clbcatq.dll sxs.dll mscorwks.dll msvcr80.dll shlwapi.dll profapi.dll mscorlib.ni.dll mscorjit.dll mscorlib.dll version.dll mscorlib.dll mscorlib.dll presentationcore.ni.dll presentationframework.ni.dll presentationframework.dll presentationframework.dll windowsbase.dll windowsbase.dll system.dll system.dll system.dll presentationcore.dll presentationcore.dll system.xml.ni.dll system.xml.dll system.xml.dll uiautomationprovider.ni.dll uiautomationprovider.dll uiautomationprovider.dll uiautomationprovider.dll system.drawing.dll system.drawing.dll system.deployment.dll system.deployment.dll system.deployment.dll presentationui.dll presentationui.dll system.printing.ni.dll system.printing.dll system.printing.dll reachframework.ni.dll reachframework.dll uiautomationtypes.ni.dll uiautomationtypes.dll uiautomationtypes.dll uiautomationtypes.dll system.data.ni.dll system.data.dll system.data.dll ws2_32.dll nsi.dll msasn1.dll accessibility.ni.dll accessibility.dll system.configuration.ni.dll system.configuration.dll system.configuration.dll system.security.ni.dll system.security.dll system.security.dll system.security.dll microsoft.visualc.ni.dll presentationcffrasterizer.dll ntdll.dll wow64.dll kernel32.dll kernel32.dll user32.dll kernel32.dll kernelbase.dll advapi32.dll msvcrt.dll sspicli.dll msvcr120_clr0400.dll mscoree.dll ole32.dll gdi32.dll user32.dll lpk.dll usp10.dll oleaut32.dll imm32.dll msctf.dll rsaenh.dll rpcrtremote.dll sxs.dll mscoreei.dll clr.dll shlwapi.dll microsoft.office.tools.word.implementation.dll microsoft.office.tools.word.implementation.dll mscorlib.dll mscorlib.dll system.ni.dll system.core.ni.dll microsoft.office.tools.common.implementation.ni.dll microsoft.office.tools.common.implementation.dll microsoft.office.tools.common.implementation.dll microsoft.office.tools.ni.dll microsoft.office.tools.dll microsoft.office.tools.word.ni.dll system.drawing.ni.dll system.windows.forms.dll system.windows.forms.dll system.windows.forms.dll system.windows.forms.dll system.windows.forms.dll system.dll system.drawing.dll system.drawing.dll system.drawing.dll system.drawing.dll system.xml.dll system.xml.dll system.xml.dll microsoft.visualstudio.tools.applications.runtime.dll microsoft.office.tools.v4.0.framework.ni.dll microsoft.office.tools.word.implementation.ni.dll,normal
 ntdll.dll wow64win.dll wow64cpu.dll kernel32.dll kernel32.dll kernel32.dll KernelBase.dll msvcrt.dll ole32.dll user32.dll advapi32.dll rpcrt4.dll sspicli.dll cryptbase.dll lpk.dll usp10.dll version.dll msctf.dll sxs.dll clbcatq.dll wintrust.dll cryptsp.dll comctl32.dll shell32.dll scrobj.dll msi.dll scrrun.dll kernel32.dll user32.dll kernel32.dll KernelBase.dll msvcrt.dll winbrand.dll user32.dll gdi32.dll usp10.dll advapi32.dll sspicli.dll cryptbase.dll imm32.dll apphelp.dll,normal
 ntdll.dll kernel32.dll KernelBase.dll advapi32.dll msvcrt.dll sechost.dll rpcrt4.dll gdi32.dll user32.dll lpk.dll usp10.dll msswch.dll dwmapi.dll GdiPlus.dll oleaut32.dll shlwapi.dll wmsgapi.dll msctf.dll dui70.dll comctl32.dll xmllite.dll clbcatq.dll tabskb.dll rsaenh.dll cfgmgr32.dll WindowsCodecs.dll wow64.dll wow64cpu.dll user32.dll KernelBase.dll sechost.dll rpcrt4.dll mscoree.dll ole32.dll gdi32.dll user32.dll lpk.dll usp10.dll msctf.dll rsaenh.dll sxs.dll mscoreei.dll mscorwks.dll shell32.dll profapi.dll mscorjit.dll mscorlib.dll mscorlib.dll Microsoft.VisualStudio.Tools.Office.Excel.AddInProxy.v9.0.dll Microsoft.VisualStudio.Tools.Office.Excel.AddInProxy.v9.0.dll mscorsec.dll msasn1.dll imagehlp.dll ncrypt.dll gpapi.dll Wldap32.dll Microsoft.VisualStudio.Tools.Office.Excel.AddInProxy.v9.0.dll System.ni.dll System.AddIn.ni.dll Microsoft.VisualStudio.Tools.Office.AddInAdapter.v9.0.dll Microsoft.VisualStudio.Tools.Office.AddInAdapter.v9.0.dll System.ni.dll Microsoft.VisualStudio.Tools.Applications.AddInAdapter.v9.0.ni.dll Microsoft.VisualStudio.Tools.Applications.AddInAdapter.v9.0.dll Microsoft.VisualStudio.Tools.Applications.AddInAdapter.v9.0.dll Microsoft.VisualStudio.Tools.Applications.AddInAdapter.v9.0.dll Microsoft.VisualStudio.Tools.Applications.AddInAdapter.v9.0.dll Microsoft.VisualStudio.Tools.Applications.AddInAdapter.v9.0.dll System.ni.dll System.Core.ni.dll System.AddIn.ni.dll Microsoft.VisualStudio.Tools.Applications.Adapter.v9.0.dll Microsoft.VisualStudio.Tools.Applications.Adapter.v9.0.dll Microsoft.VisualStudio.Tools.Applications.Adapter.v9.0.dll System.ni.dll Microsoft.VisualStudio.Tools.Applications.Runtime.v9.0.ni.dll Microsoft.VisualStudio.Tools.Applications.Runtime.v9.0.dll Microsoft.VisualStudio.Tools.Applications.Runtime.v9.0.dll Microsoft.VisualStudio.Tools.Applications.Runtime.v9.0.dll System.AddIn.ni.dll Microsoft.Office.Tools.v9.0.ni.dll Microsoft.Office.Tools.v9.0.dll System.AddIn.Contract.ni.dll System.AddIn.Contract.dll System.AddIn.Contract.dll System.AddIn.Contract.dll Microsoft.VisualStudio.Tools.Applications.Contract.v9.0.ni.dll Microsoft.VisualStudio.Tools.Applications.Contract.v9.0.dll Microsoft.VisualStudio.Tools.Applications.Contract.v9.0.dll Microsoft.VisualStudio.Tools.Applications.Contract.v9.0.dll Microsoft.VisualStudio.Tools.Office.Contract.v9.0.ni.dll Microsoft.VisualStudio.Tools.Office.Contract.v9.0.dll Microsoft.VisualStudio.Tools.Office.Contract.v9.0.dll Microsoft.VisualStudio.Tools.Office.Contract.v9.0.dll Microsoft.Office.Interop.Excel.dll Microsoft.Office.Interop.Excel.dll Microsoft.Office.Interop.Excel.dll System.ni.dll System.AddIn.ni.dll System.AddIn.dll System.AddIn.dll System.dll System.dll System.Core.ni.dll System.Core.dll System.Core.dll Microsoft.VisualStudio.Tools.Office.Excel.AddInProxy.v9.0.ni.dll Microsoft.VisualStudio.Tools.Office.Excel.AddInProxy.v9.0.ni.dll ntdll.dll wow64.dll kernel32.dll kernel32.dll kernel32.dll KernelBase.dll advapi32.dll sechost.dll rpcrt4.dll cryptbase.dll msvcr120_clr0400.dll mscoree.dll ole32.dll gdi32.dll user32.dll lpk.dll oleaut32.dll imm32.dll msctf.dll mscoreei.dll clr.dll shlwapi.dll mscorlib.ni.dll clrjit.dll System.ni.dll version.dll System.ServiceModel.Activities.dll mscorlib.dll mscorlib.dll System.Core.dll System.Xaml.ni.dll System.Xaml.dll System.ServiceModel.ni.dll System.ServiceModel.dll System.Xml.Linq.ni.dll System.Xml.Linq.dll System.ServiceModel.Internals.ni.dll System.Transactions.ni.dll System.Transactions.dll System.Transactions.dll System.Xml.ni.dll System.Xml.dll System.Runtime.Serialization.ni.dll System.Configuration.dll System.Configuration.dll System.Activities.DurableInstancing.dll System.Activities.DurableInstancing.dll System.IdentityModel.ni.dll System.IdentityModel.dll System.IdentityModel.dll System.Numerics.ni.dll System.Security.ni.dll,normal
 ntdll.dll kernel32.dll KernelBase.dll advapi32.dll msvcrt.dll sechost.dll rpcrt4.dll gdi32full.dll combase.dll ucrtbase.dll msvcp110_win.dll bcryptprimitives.dll shell32.dll kernel.appcore.dll SHCore.dll imm32.dll msctf.dll dwmapi.dll,normal
 ntdll.dll ntdll.dll wow64.dll wow64win.dll kernel32.dll advapi32.dll sspicli.dll ws2_32.dll nsi.dll dhcpcsvc.dll dhcpcsvc6.dll shell32.dll shlwapi.dll user32.dll lpk.dll ole32.dll imm32.dll clbcatq.dll oleaut32.dll cryptsp.dll rsaenh.dll rpcrtremote.dll ntdll.dll wow64win.dll wow64cpu.dll kernel32.dll user32.dll kernelbase.dll winbrand.dll gdi32.dll usp10.dll advapi32.dll sechost.dll rpcrt4.dll sspicli.dll cryptbase.dll msctf.dll apphelp.dll,normal
 kernel32.dll conhostv2.dll bcryptprimitives.dll gdi32.dll win32u.dll imm32.dll oleaut32.dll msvcp_win.dll propsys.dll sechost.dll shcore.dll shell32.dll windows.storage.dll powrprof.dll advapi32.dll kernel.appcore.dll profapi.dll msctf.dll,normal
 wow64.dll wow64win.dll wow64cpu.dll kernel32.dll kernel32.dll KernelBase.dll msvcrt.dll winbrand.dll user32.dll gdi32.dll usp10.dll advapi32.dll sechost.dll sspicli.dll msctf.dll,normal
 kernel32.dll ntdll.dll wow64.dll wow64cpu.dll kernel32.dll oleaut32.dll ole32.dll msvcrt.dll user32.dll advapi32.dll cryptbase.dll lpk.dll shlwapi.dll imm32.dll msctf.dll comctl32.dll wevtapi.dll credui.dll,normal
 ntdll.dll kernel32.dll msvcrt.dll conhostv1.dll user32.dll gdi32.dll oleaut32.dll rpcrt4.dll,normal
 SensApi.dll SensApi.dll SensApi.dll SensApi.dll SensApi.dll SensApi.dll SensApi.dll SensApi.dll SensApi.dll SensApi.dll SensApi.dll SensApi.dll SensApi.dll SensApi.dll SensApi.dll SensApi.dll SensApi.dll SensApi.dll SensApi.dll SensApi.dll SensApi.dll SensApi.dll SensApi.dll SensApi.dll SensApi.dll SensApi.dll SensApi.dll SensApi.dll SensApi.dll SensApi.dll SensApi.dll SensApi.dll SensApi.dll SensApi.dll SensApi.dll SensApi.dll SensApi.dll SensApi.dll SensApi.dll SensApi.dll SensApi.dll SensApi.dll SensApi.dll SensApi.dll SensApi.dll SensApi.dll SensApi.dll SensApi.dll SensApi.dll SensApi.dll SensApi.dll SensApi.dll SensApi.dll SensApi.dll SensApi.dll SensApi.dll SensApi.dll SensApi.dll SensApi.dll SensApi.dll SensApi.dll SensApi.dll SensApi.dll SensApi.dll SensApi.dll SensApi.dll wship6.dll SensApi.dll SensApi.dll SensApi.dll SensApi.dll SensApi.dll SensApi.dll SensApi.dll SensApi.dll SensApi.dll SensApi.dll SensApi.dll SensApi.dll SensApi.dll SensApi.dll SensApi.dll SensApi.dll SensApi.dll SensApi.dll SensApi.dll SensApi.dll SensApi.dll SensApi.dll SensApi.dll SensApi.dll SensApi.dll SensApi.dll SensApi.dll SensApi.dll SensApi.dll SensApi.dll SensApi.dll SensApi.dll SensApi.dll SensApi.dll SensApi.dll SensApi.dll SensApi.dll SensApi.dll SensApi.dll SensApi.dll SensApi.dll SensApi.dll SensApi.dll SensApi.dll SensApi.dll SensApi.dll SensApi.dll SensApi.dll SensApi.dll SensApi.dll SensApi.dll SensApi.dll SensApi.dll SensApi.dll SensApi.dll SensApi.dll SensApi.dll SensApi.dll SensApi.dll SensApi.dll SensApi.dll SensApi.dll SensApi.dll SensApi.dll SensApi.dll uxtheme.dll,normal
 wow64.dll wow64win.dll kernel32.dll kernel32.dll user32.dll kernel32.dll msvcrt.dll sechost.dll rpcrt4.dll cryptbase.dll nsi.dll winnsi.dll dhcpcsvc.dll dhcpcsvc6.dll shell32.dll user32.dll lpk.dll usp10.dll msctf.dll oleaut32.dll rsaenh.dll wevtapi.dll ntdll.dll ntdll.dll wow64.dll kernel32.dll user32.dll kernel32.dll KernelBase.dll msvcrt.dll winbrand.dll lpk.dll usp10.dll sechost.dll sspicli.dll cryptbase.dll imm32.dll apphelp.dll,normal
 ntdll.dll KernelBase.dll msvcrt.dll lpk.dll ole32.dll ntdll.dll wow64win.dll kernel32.dll user32.dll sechost.dll sspicli.dll msvcr120_clr0400.dll mscoree.dll ole32.dll gdi32.dll user32.dll lpk.dll oleaut32.dll imm32.dll msctf.dll cryptsp.dll rsaenh.dll RpcRtRemote.dll clbcatq.dll sxs.dll shlwapi.dll shell32.dll profapi.dll mscorlib.dll mscorlib.dll mscorlib.dll PresentationFramework.Royale.ni.dll WindowsBase.ni.dll PresentationCore.ni.dll PresentationFramework.dll PresentationFramework.dll PresentationFramework.dll PresentationFramework.dll WindowsBase.dll WindowsBase.dll System.dll System.dll System.dll System.dll PresentationCore.dll System.XML.dll System.XML.dll System.XML.dll UIAutomationProvider.ni.dll UIAutomationProvider.dll UIAutomationProvider.dll System.Drawing.ni.dll System.Drawing.dll System.Drawing.dll System.Deployment.dll PresentationUI.ni.dll PresentationUI.dll System.Printing.dll System.Printing.dll ReachFramework.ni.dll ReachFramework.dll ReachFramework.dll UIAutomationTypes.dll UIAutomationTypes.dll UIAutomationTypes.dll System.Data.dll System.Data.dll System.Data.dll System.Data.dll System.Data.dll ws2_32.dll nsi.dll crypt32.dll Accessibility.ni.dll Accessibility.dll Accessibility.dll System.Configuration.ni.dll System.configuration.dll System.configuration.dll System.Security.dll System.Data.SqlXml.ni.dll System.Data.SqlXml.dll System.Data.SqlXml.dll System.Data.SqlXml.dll System.Data.SqlXml.dll Microsoft.VisualC.ni.dll PresentationCFFRasterizer.dll PresentationCFFRasterizer.dll System.Windows.Forms.ni.dll System.Windows.Forms.dll System.Windows.Forms.dll System.Runtime.Serialization.Formatters.Soap.dll System.DirectoryServices.ni.dll System.DirectoryServices.dll System.DirectoryServices.dll System.DirectoryServices.dll System.Transactions.ni.dll System.Transactions.dll System.Transactions.dll System.Transactions.dll System.Transactions.dll System.EnterpriseServices.ni.dll System.EnterpriseServices.dll System.EnterpriseServices.dll System.Runtime.Remoting.ni.dll System.Runtime.Remoting.dll System.Runtime.Remoting.dll System.Web.ni.dll System.Web.dll System.Web.dll System.Web.Services.ni.dll System.DirectoryServices.Protocols.ni.dll System.DirectoryServices.Protocols.dll System.Design.ni.dll System.Design.dll System.Design.dll System.ServiceProcess.ni.dll System.ServiceProcess.dll System.ServiceProcess.dll System.Web.RegularExpressions.ni.dll System.Web.RegularExpressions.dll System.Web.RegularExpressions.dll System.Web.RegularExpressions.dll System.Drawing.Design.dll System.Data.OracleClient.ni.dll System.Data.OracleClient.dll System.Data.OracleClient.dll System.Data.OracleClient.dll System.Data.OracleClient.dll System.Configuration.Install.ni.dll,normal
 sechost.dll rpcrt4.dll usp10.dll ole32.dll shlwapi.dll imm32.dll msctf.dll cryptbase.dll dwmapi.dll xmllite.dll oleacc.dll imecfm.dll version.dll msacm32.dll msdmo.dll MMDevAPI.dll cfgmgr32.dll MSTTSEngine.dll MSTTSFrontendENU.dll MSTTSCommon.dll profapi.dll shfolder.dll ntmarta.dll Wldap32.dll cryptsp.dll RpcRtRemote.dll sxs.dll msasn1.dll wintrust.dll KernelBase.dll advapi32.dll msvcrt.dll rpcrt4.dll msvcr120_clr0400.dll mscoree.dll ole32.dll gdi32.dll lpk.dll usp10.dll oleaut32.dll imm32.dll msctf.dll cryptbase.dll rsaenh.dll mscoreei.dll version.dll System.Drawing.ni.dll System.Windows.Forms.ni.dll Microsoft.VisualBasic.Compatibility.ni.dll System.Core.ni.dll Microsoft.VisualBasic.Compatibility.Data.ni.dll ntdll.dll kernel32.dll advapi32.dll sechost.dll rpcrt4.dll msvcr120_clr0400.dll ole32.dll gdi32.dll user32.dll lpk.dll usp10.dll msctf.dll cryptbase.dll cryptsp.dll rsaenh.dll clbcatq.dll sxs.dll mscoreei.dll shlwapi.dll version.dll mscorlib.dll System.Core.ni.dll System.Workflow.ComponentModel.ni.dll System.Workflow.Runtime.ni.dll System.Drawing.ni.dll System.Windows.Forms.ni.dll System.Runtime.Serialization.ni.dll System.Web.ni.dll System.Web.dll System.ServiceModel.Activation.ni.dll System.Transactions.ni.dll System.Transactions.dll System.Transactions.dll System.Messaging.ni.dll System.Configuration.ni.dll System.Data.ni.dll System.Data.dll SMDiagnostics.ni.dll ntdll.dll ntdll.dll wow64.dll wow64cpu.dll kernel32.dll kernel32.dll user32.dll advapi32.dll msvcrt.dll sspicli.dll msvcr120_clr0400.dll mscoree.dll ole32.dll lpk.dll oleaut32.dll imm32.dll msctf.dll cryptsp.dll rsaenh.dll RpcRtRemote.dll clbcatq.dll sxs.dll mscoreei.dll shlwapi.dll mscorlib.ni.dll PresentationFramework-SystemXmlLinq.ni.dll version.dll mscorlib.dll System.dll WindowsBase.ni.dll WindowsBase.dll System.Core.dll System.Xml.Linq.ni.dll System.Xml.Linq.dll System.Configuration.ni.dll System.Configuration.dll System.Configuration.dll System.Xml.ni.dll System.Xml.dll,normal
 ntdll.dll kernel32.dll kernelbase.dll rpcrt4.dll ucrtbase.dll oleaut32.dll msvcp_win.dll user32.dll gdi32.dll gdi32full.dll kernel.appcore.dll shcore.dll profapi.dll bcrypt.dll userenv.dll settingsynccore.dll tokenbinding.dll wintypes.dll cryptsp.dll tokenbroker.dll crypt32.dll comctl32.dll onecorecommonproxystub.dll vaultcli.dll,normal
 ntdll.dll ntdll.dll wow64win.dll kernel32.dll kernel32.dll user32.dll kernelbase.dll user32.dll gdi32.dll usp10.dll rpcrt4.dll sspicli.dll cryptbase.dll imm32.dll msctf.dll,normal
 ntdll.dll kernel32.dll kernelbase.dll advapi32.dll ole32.dll ucrtbase.dll gdi32.dll user32.dll win32u.dll imm32.dll kernel.appcore.dll clbcatq.dll wsmauto.dll miutils.dll wsmsvc.dll mi.dll userenv.dll profapi.dll wkscli.dll bcrypt.dll netutils.dll ws2_32.dll ondemandconnroutehelper.dll webio.dll nsi.dll dnsapi.dll rasadhlp.dll msv1_0.dll ntlmshared.dll cryptdll.dll,normal
 ntdll.dll kernel32.dll advapi32.dll sechost.dll rpcrt4.dll lpk.dll usp10.dll shlwapi.dll ole32.dll oleaut32.dll shell32.dll cryptbase.dll rsaenh.dll crypt32.dll msasn1.dll ws2_32.dll nsi.dll setupapi.dll cfgmgr32.dll devobj.dll sxs.dll wtsapi32.dll rasman.dll cryptui.dll dwmapi.dll xmllite.dll xmllite.dll oleacc.dll WinSCard.dll slc.dll imecfm.dll sppcommdlg.dll sppcomapi.dll slwga.dll ntdll.dll,normal
 ntdll.dll kernel32.dll lpk.dll usp10.dll msvcrt.dll imm32.dll msctf.dll rpcrt4.dll,normal
 kernel32.dll oleaut32.dll imm32.dll ws2_32.dll sechost.dll nsi.dll msvcrt.dll msctf.dll RpcRtRemote.dll cryptbase.dll bcrypt.dll cryptsp.dll rsaenh.dll ntdsapi.dll wbemcomn2.dll fastprox.dll wbemsvc.dll kernel32.dll KernelBase.dll advapi32.dll rpcrt4.dll usp10.dll ole32.dll oleaut32.dll shell32.dll cryptbase.dll clbcatq.dll cryptsp.dll rsaenh.dll msasn1.dll ws2_32.dll nsi.dll cfgmgr32.dll wtsapi32.dll rasapi32.dll rasman.dll cryptui.dll comctl32.dll uxtheme.dll winbrand.dll sppcommdlg.dll sppc.dll sppcomapi.dll msi.dll slwga.dll,normal
 ntdll.dll kernel32.dll kernelbase.dll msvcrt.dll user32.dll usp10.dll imm32.dll,normal
 ntdll.dll kernel32.dll KernelBase.dll sechost.dll rpcrt4.dll user32.dll gdi32.dll lpk.dll usp10.dll shlwapi.dll imm32.dll msctf.dll msidle.dll cryptsp.dll rsaenh.dll RpcRtRemote.dll mssprxy.dll api-ms-win-downlevel-shlwapi-l1-1-0.dll api-ms-win-downlevel-user32-l1-1-0.dll shell32.dll api-ms-win-downlevel-version-l1-1-0.dll iertutil.dll api-ms-win-downlevel-shlwapi-l2-1-0.dll sspicli.dll mlang.dll propsys.dll wininet.dll api-ms-win-downlevel-advapi32-l2-1-0.dll,normal
 ntdll.dll,normal
 ntdll.dll kernel32.dll gdi32.dll usp10.dll msvcrt.dll msctf.dll ole32.dll rpcrt4.dll cryptbase.dll clbcatq.dll advapi32.dll sechost.dll ntdll.dll ntdll.dll wow64.dll wow64win.dll wow64cpu.dll msvcrt.dll user32.dll lpk.dll usp10.dll advapi32.dll rpcrt4.dll sspicli.dll cryptbase.dll imm32.dll,normal
 ntdll.dll wow64.dll wow64cpu.dll user32.dll advapi32.dll msvcrt.dll sechost.dll rpcrt4.dll dnsapi.dll ws2_32.dll nsi.dll dhcpcsvc6.dll shlwapi.dll user32.dll lpk.dll usp10.dll ole32.dll msctf.dll oleaut32.dll rsaenh.dll rpcrtremote.dll wevtapi.dll wow64cpu.dll kernel32.dll kernel32.dll user32.dll kernelbase.dll msvcrt.dll winbrand.dll user32.dll usp10.dll advapi32.dll sechost.dll sspicli.dll cryptbase.dll imm32.dll msctf.dll apphelp.dll,normal
 ntdll.dll kernel32.dll advapi32.dll sechost.dll ucrtbase.dll msasn1.dll gdi32.dll msvcp_win.dll user32.dll shell32.dll windows.storage.dll kernel.appcore.dll powrprof.dll profapi.dll setupapi.dll cryptdll.dll netapi32.dll samlib.dll secur32.dll userenv.dll version.dll winsta.dll cryptsp.dll cryptbase.dll imm32.dll hid.dll winscard.dll netutils.dll wkscli.dll rsaenh.dll vaultcli.dll wintypes.dll,mimikatz
 ntdll.dll wow64.dll wow64cpu.dll kernel32.dll kernel32.dll kernel32.dll user32.dll msvcrt.dll user32.dll advapi32.dll rpcrt4.dll sspicli.dll cryptbase.dll lpk.dll msctf.dll rpcrtremote.dll shell32.dll shlwapi.dll actxprxy.dll ntdll.dll wow64win.dll wow64cpu.dll kernel32.dll kernel32.dll kernel32.dll user32.dll kernel32.dll winbrand.dll user32.dll gdi32.dll lpk.dll advapi32.dll sechost.dll msctf.dll apphelp.dll ntdll.dll ntdll.dll wow64.dll wow64win.dll kernel32.dll kernel32.dll kernel32.dll kernelbase.dll advapi32.dll rpcrt4.dll sspicli.dll cryptbase.dll msvcr120_clr0400.dll mscoree.dll gdi32.dll user32.dll lpk.dll oleaut32.dll msctf.dll cryptsp.dll rpcrtremote.dll clbcatq.dll sxs.dll mscoreei.dll system.ni.dll system.data.ni.dll version.dll system.data.oracleclient.ni.dll mscorlib.dll mscorlib.dll system.data.dll system.dll system.data.oracleclient.dll system.data.oracleclient.dll system.core.dll system.core.dll system.configuration.dll system.transactions.dll system.xml.ni.dll system.numerics.ni.dll system.numerics.dll system.numerics.dll system.security.dll,normal
 aepic.dll,normal
 kernel32.dll advapi32.dll msvcrt.dll sechost.dll rpcrt4.dll ole32.dll gdi32.dll lpk.dll usp10.dll imm32.dll msctf.dll api-ms-win-core-synch-l1-2-0.dll vcruntime140.dll api-ms-win-core-timezone-l1-1-0.dll api-ms-win-core-processthreads-l1-1-1.dll api-ms-win-crt-heap-l1-1-0.dll api-ms-win-crt-stdio-l1-1-0.dll api-ms-win-crt-convert-l1-1-0.dll api-ms-win-crt-locale-l1-1-0.dll api-ms-win-crt-math-l1-1-0.dll api-ms-win-crt-filesystem-l1-1-0.dll api-ms-win-crt-utility-l1-1-0.dll,normal
 ntdll.dll kernel32.dll KernelBase.dll user32.dll lpk.dll msvcrt.dll imm32.dll msctf.dll rpcrt4.dll ntdll.dll kernel32.dll KernelBase.dll advapi32.dll msvcrt.dll sechost.dll ole32.dll lpk.dll wdscore.dll shell32.dll shlwapi.dll CbsCore.dll wintrust.dll userenv.dll ktmw32.dll dpx.dll dpx.dll dpx.dll wcp.dll DrUpdate.dll setupapi.dll cfgmgr32.dll devobj.dll mpr.dll sxsstore.dll webio.dll winhttp.dll webio.dll cryptsp.dll clbcatq.dll smipi.dll ntdll.dll wow64cpu.dll kernel32.dll kernel32.dll kernel32.dll KernelBase.dll msvcrt.dll lpk.dll usp10.dll advapi32.dll sechost.dll sspicli.dll imm32.dll msctf.dll,normal
 explorerframe.dll cscdll.dll slc.dll imageres.dll imageres.dll imageres.dll imageres.dll imageres.dll imageres.dll imageres.dll imageres.dll imageres.dll ieframe.dll msftedit.dll msls31.dll searchfolder.dll structuredquery.dll secur32.dll mapi32.dll thumbcache.dll psapi.dll shdocvw.dll mssprxy.dll imageres.dll imageres.dll imageres.dll imageres.dll imageres.dll vmhgfs.dll drprov.dll imageres.dll wpdshext.dll winmm.dll imageres.dll imageres.dll imageres.dll imageres.dll imageres.dll imageres.dll imageres.dll imageres.dll imageres.dll portabledeviceapi.dll networkitemfactory.dll imageres.dll wbemcomn.dll fastprox.dll npmproxy.dll msxml6.dll fdproxy.dll fdwnet.dll dfscli.dll dhcpcsvc6.dll dhcpcsvc.dll mssvp.dll mapi32.dll mapi32.dll,normal
 ntdll.dll wow64.dll kernel32.dll KernelBase.dll advapi32.dll msvcrt.dll sechost.dll rpcrt4.dll cryptbase.dll ws2_32.dll nsi.dll shell32.dll shlwapi.dll gdi32.dll user32.dll lpk.dll usp10.dll clbcatq.dll oleaut32.dll rsaenh.dll ntdll.dll wow64win.dll kernel32.dll kernel32.dll kernel32.dll kernel32.dll KernelBase.dll winbrand.dll gdi32.dll usp10.dll advapi32.dll sechost.dll rpcrt4.dll sspicli.dll cryptbase.dll imm32.dll msctf.dll apphelp.dll,normal
 wow64win.dll kernel32.dll kernel32.dll user32.dll kernel32.dll kernelbase.dll user32.dll gdi32.dll lpk.dll usp10.dll advapi32.dll rpcrt4.dll sspicli.dll msctf.dll apphelp.dll,normal
 sxs.dll,normal
 ntdll.dll ntdll.dll wow64.dll wow64win.dll kernel32.dll kernel32.dll KernelBase.dll msvcrt.dll sechost.dll cryptbase.dll gdi32.dll user32.dll lpk.dll oleaut32.dll imm32.dll msctf.dll clbcatq.dll clr.dll mscorlib.ni.dll clrjit.dll Microsoft.Office.Tools.Outlook.Implementation.dll Microsoft.Office.Tools.Outlook.Implementation.dll version.dll mscorlib.dll mscorlib.dll System.ni.dll System.Core.ni.dll Microsoft.Office.Tools.Common.Implementation.ni.dll Microsoft.Office.Tools.Common.Implementation.dll Microsoft.Office.Tools.Common.Implementation.dll Microsoft.Office.Tools.Common.ni.dll Microsoft.Office.Tools.Common.dll Microsoft.Office.Tools.dll Microsoft.Office.Tools.dll Microsoft.Office.Tools.Outlook.dll System.Xml.ni.dll System.Xml.dll System.Xml.dll System.Xml.dll System.dll System.Drawing.dll System.Drawing.dll System.Windows.Forms.ni.dll System.Windows.Forms.dll System.Windows.Forms.dll System.Windows.Forms.dll System.Windows.Forms.dll System.Windows.Forms.dll Microsoft.Office.Tools.v4.0.Framework.dll Microsoft.VisualStudio.Tools.Applications.Runtime.dll Microsoft.VisualStudio.Tools.Applications.Runtime.dll System.Core.dll Microsoft.Office.Tools.Outlook.Implementation.ni.dll,normal
 ntdll.dll kernel32.dll sechost.dll ole32.dll gdi32.dll user32.dll imm32.dll msctf.dll wdscore.dll shell32.dll dbghelp.dll CbsCore.dll crypt32.dll userenv.dll profapi.dll dpx.dll wcp.dll cfgmgr32.dll devobj.dll mpr.dll wrpint.dll winhttp.dll webio.dll webio.dll SensApi.dll cryptsp.dll RpcRtRemote.dll smipi.dll smiengine.dll gdi32.dll user32.dll lpk.dll usp10.dll msvcrt.dll imm32.dll msctf.dll ole32.dll rpcrt4.dll oleaut32.dll,normal
 ntdll.dll ntdll.dll wow64.dll kernel32.dll kernel32.dll kernel32.dll user32.dll kernel32.dll KernelBase.dll msvcrt.dll sspicli.dll dnsapi.dll ws2_32.dll nsi.dll dhcpcsvc.dll dhcpcsvc6.dll shell32.dll user32.dll ole32.dll imm32.dll msctf.dll clbcatq.dll oleaut32.dll rsaenh.dll RpcRtRemote.dll wevtapi.dll ntdll.dll kernel32.dll KernelBase.dll gdi32.dll user32.dll usp10.dll msvcrt.dll imm32.dll msctf.dll ole32.dll cryptbase.dll clbcatq.dll KernelBase.dll user32.dll lpk.dll usp10.dll msvcrt.dll imm32.dll msctf.dll oleaut32.dll kernel32.dll KernelBase.dll user32.dll msvcrt.dll imm32.dll msctf.dll ole32.dll clbcatq.dll advapi32.dll ntdll.dll wow64.dll kernel32.dll kernel32.dll kernel32.dll kernel32.dll user32.dll lpk.dll usp10.dll rpcrt4.dll imm32.dll,normal
 ntdll.dll wow64.dll wow64cpu.dll kernel32.dll kernel32.dll user32.dll kernel32.dll kernelbase.dll msvcrt.dll user32.dll gdi32.dll sechost.dll rpcrt4.dll imm32.dll msctf.dll,normal
 imageres.dll imageres.dll imageres.dll,normal
 ieproxy.dll sfc.dll mpr.dll devrtl.dll psapi.dll mlang.dll,normal
 ntdll.dll,normal
 ntdll.dll wow64win.dll wow64cpu.dll kernel32.dll user32.dll kernel32.dll msvcrt.dll user32.dll gdi32.dll lpk.dll usp10.dll sechost.dll rpcrt4.dll imm32.dll apphelp.dll,normal
 ntdll.dll kernel32.dll KernelBase.dll msvcrt.dll sechost.dll rpcrt4.dll gdi32.dll msswch.dll winmm.dll dwmapi.dll GdiPlus.dll ole32.dll oleacc.dll wmsgapi.dll uxtheme.dll imm32.dll msctf.dll cryptbase.dll clbcatq.dll tabskb.dll cryptsp.dll RpcRtRemote.dll cfgmgr32.dll WindowsCodecs.dll ntdll.dll kernel32.dll KernelBase.dll rpcrt4.dll ole32.dll gdi32.dll user32.dll lpk.dll usp10.dll oleaut32.dll cryptbase.dll cryptsp.dll clbcatq.dll mscoreei.dll msvcr80.dll shell32.dll profapi.dll mscorlib.dll mscorlib.dll version.dll mscorlib.dll mscorlib.dll System.ni.dll Microsoft.Security.ApplicationId.PolicyManagement.XmlHelper.ni.dll System.Xml.ni.dll System.Security.ni.dll ntdll.dll kernel32.dll KernelBase.dll advapi32.dll sechost.dll rpcrt4.dll msvcr120_clr0400.dll mscoree.dll ole32.dll oleaut32.dll imm32.dll RpcRtRemote.dll clbcatq.dll sxs.dll msvcr80.dll shlwapi.dll shell32.dll profapi.dll mscorlib.ni.dll mscorlib.dll mscorlib.dll mscorlib.dll System.ni.dll System.IdentityModel.ni.dll System.Runtime.Serialization.ni.dll System.Xml.ni.dll SMDiagnostics.ni.dll System.Web.dll System.Web.dll System.Configuration.ni.dll System.Drawing.ni.dll System.Data.dll System.Data.dll System.Data.dll nsi.dll msasn1.dll System.Web.Services.ni.dll System.DirectoryServices.ni.dll System.EnterpriseServices.ni.dll System.EnterpriseServices.dll System.EnterpriseServices.dll System.Web.RegularExpressions.ni.dll System.Transactions.dll System.Runtime.Remoting.ni.dll System.Data.OracleClient.ni.dll System.Data.OracleClient.dll Accessibility.ni.dll System.Configuration.Install.ni.dll ntdll.dll kernel32.dll KernelBase.dll advapi32.dll msvcrt.dll sechost.dll rpcrt4.dll gdi32.dll lpk.dll imm32.dll cryptbase.dll cryptsp.dll rsaenh.dll RpcRtRemote.dll clbcatq.dll mscoreei.dll mscorlib.ni.dll clrjit.dll Microsoft.VisualStudio.Tools.Applications.Runtime.ni.dll System.Drawing.ni.dll System.Windows.Forms.ni.dll Microsoft.VisualStudio.Tools.Applications.Hosting.ni.dll ntdll.dll kernel32.dll msvcrt.dll rpcrt4.dll msvcr120_clr0400.dll gdi32.dll user32.dll lpk.dll usp10.dll imm32.dll msctf.dll cryptbase.dll cryptsp.dll rsaenh.dll RpcRtRemote.dll shlwapi.dll mscorlib.ni.dll clrjit.dll System.Core.ni.dll System.Deployment.ni.dll version.dll mscorlib.dll System.Xml.ni.dll System.Configuration.ni.dll ntdll.dll KernelBase.dll advapi32.dll sechost.dll rpcrt4.dll msvcr120_clr0400.dll ole32.dll gdi32.dll user32.dll lpk.dll usp10.dll oleaut32.dll imm32.dll msctf.dll cryptbase.dll rsaenh.dll clbcatq.dll sxs.dll mscoreei.dll shlwapi.dll mscorlib.ni.dll System.ni.dll System.ServiceProcess.ni.dll version.dll mscorlib.dll System.Windows.Forms.ni.dll System.Core.ni.dll System.Configuration.ni.dll System.Xml.ni.dll,normal
 ntdll.dll kernel32.dll kernelbase.dll advapi32.dll msvcrt.dll gdi32.dll user32.dll lpk.dll usp10.dll wmsgapi.dll profapi.dll winsta.dll crypt32.dll msasn1.dll imm32.dll shlwapi.dll secur32.dll cryptbase.dll wintrust.dll rsaenh.dll imagehlp.dll ncrypt.dll gpapi.dll wldap32.dll version.dll clbcatq.dll urlmon.dll api-ms-win-downlevel-ole32-l1-1-0.dll api-ms-win-downlevel-shlwapi-l1-1-0.dll api-ms-win-downlevel-normaliz-l1-1-0.dll cryptnet.dll comctl32.dll msimg32.dll msutb.dll,normal
 chrome_elf.dll version.dll userenv.dll gdi32.dll user32.dll lpk.dll sechost.dll winmm.dll cryptbase.dll ntdll.dll kernel32.dll msvcrt.dll shell32.dll,normal
 kernel32.dll user32.dll usp10.dll msvcrt.dll imm32.dll msctf.dll oleaut32.dll cryptbase.dll clbcatq.dll advapi32.dll sechost.dll ntdll.dll wow64cpu.dll kernel32.dll kernel32.dll user32.dll msvcrt.dll winbrand.dll user32.dll gdi32.dll usp10.dll advapi32.dll rpcrt4.dll cryptbase.dll msctf.dll apphelp.dll,normal
 netprofm.dll netprofm.dll npfproxy.dll npmproxy.dll rmclient.dll netprofm.dll npfproxy.dll npmproxy.dll twinapi.appcore.dll rmclient.dll,normal
 kernel32.dll kernelbase.dll oleaut32.dll msvcp_win.dll ucrtbase.dll combase.dll rpcrt4.dll advapi32.dll windows.storage.dll shlwapi.dll gdi32full.dll win32u.dll kernel.appcore.dll profapi.dll powrprof.dll tquery.dll clbcatq.dll ole32.dll mssprxy.dll,normal
 kernel32.dll msvcrt.dll sechost.dll msvcr120_clr0400.dll mscoree.dll ole32.dll user32.dll lpk.dll msctf.dll rsaenh.dll RpcRtRemote.dll clbcatq.dll mscoreei.dll msvcr80.dll mscorjit.dll mscorlib.dll mscorlib.dll System.ni.dll System.Management.Automation.ni.dll Microsoft.PowerShell.ConsoleHost.ni.dll System.Transactions.ni.dll System.Transactions.dll System.Transactions.dll System.Transactions.dll System.DirectoryServices.ni.dll System.Data.dll System.Data.dll System.Data.dll nsi.dll msasn1.dll System.Configuration.ni.dll System.Data.SqlXml.ni.dll System.Runtime.Serialization.Formatters.Soap.ni.dll System.Drawing.ni.dll Accessibility.ni.dll System.Deployment.ni.dll System.EnterpriseServices.dll System.EnterpriseServices.dll System.Runtime.Remoting.ni.dll System.Web.ni.dll System.Web.dll System.Web.dll System.Web.dll System.Web.Services.ni.dll System.DirectoryServices.Protocols.ni.dll System.Design.ni.dll System.Web.RegularExpressions.ni.dll System.Drawing.Design.ni.dll System.Data.OracleClient.ni.dll System.Data.OracleClient.dll System.Data.OracleClient.dll System.Data.OracleClient.dll System.Data.OracleClient.dll Microsoft.JScript.ni.dll Microsoft.Vsa.ni.dll,normal
 kernel32.dll msvcrt.dll sechost.dll ole32.dll combase.dll gdi32.dll user32.dll oleaut32.dll atl.dll imm32.dll kernel.appcore.dll clbcatq.dll windows.storage.dll powrprof.dll profapi.dll shell32.dll propsys.dll cfgmgr32.dll cryptsp.dll cryptbase.dll linkinfo.dll sspicli.dll mscoreei.dll clr.dll msvcr120_clr0400.dll mscorlib.ni.dll system.ni.dll cscapi.dll system.xml.ni.dll clrjit.dll system.configuration.dll system.configuration.ni.dll secur32.dll crypt32.dll msasn1.dll diasymreader.dll amsi.dll system.configuration.install.ni.dll system.transactions.ni.dll system.transactions.dll microsoft.powershell.security.ni.dll mpclient.dll ws2_32.dll system.data.ni.dll system.data.dll system.runtime.serialization.dll smdiagnostics.ni.dll system.servicemodel.internals.dll mswsock.dll ondemandconnroutehelper.dll dhcpcsvc6.dll dhcpcsvc.dll rtutils.dll winhttp.dll system.security.dll system.security.ni.dll wbemcomn.dll wbemprox.dll microsoft.powershell.commands.management.ni.dll wmiutils.dll wminet_utils.dll wminet_utils.dll napinsp.dll rasadhlp.dll nlaapi.dll wshbth.dll,empire
 kernel32.dll gdi32.dll user32.dll lpk.dll usp10.dll imm32.dll msctf.dll ole32.dll rpcrt4.dll cryptbase.dll advapi32.dll sechost.dll ntdll.dll kernel32.dll kernel32.dll user32.dll kernel32.dll KernelBase.dll advapi32.dll msvcrt.dll sechost.dll rpcrt4.dll cryptbase.dll usp10.dll imm32.dll ws2_32.dll nsi.dll winnsi.dll dhcpcsvc6.dll shell32.dll rsaenh.dll ntdll.dll ntdll.dll wow64.dll wow64win.dll kernel32.dll kernel32.dll KernelBase.dll rpcrt4.dll cryptbase.dll dnsapi.dll nsi.dll winnsi.dll dhcpcsvc6.dll shell32.dll shlwapi.dll gdi32.dll lpk.dll usp10.dll ole32.dll imm32.dll clbcatq.dll oleaut32.dll cryptsp.dll rsaenh.dll RpcRtRemote.dll,normal
 ntdll.dll kernel32.dll KernelBase.dll lpk.dll imm32.dll msctf.dll ole32.dll rpcrt4.dll oleaut32.dll cryptbase.dll sechost.dll,normal
 kernel32.dll advapi32.dll msvcrt.dll sechost.dll rpcrt4.dll gdi32.dll lpk.dll ole32.dll shlwapi.dll oleaut32.dll srvcli.dll setupapi.dll devobj.dll imm32.dll rpcrtremote.dll cryptsp.dll rsaenh.dll netutils.dll version.dll wkscli.dll samcli.dll vsstrace.dll samlib.dll resutils.dll mfcsubs.dll virtdisk.dll fltlib.dll vss_ps.dll,normal
 kernelbase.dll user32.dll lpk.dll usp10.dll msvcrt.dll imm32.dll rpcrt4.dll oleaut32.dll cryptbase.dll ntdll.dll ntdll.dll wow64win.dll wow64cpu.dll kernel32.dll kernel32.dll user32.dll kernel32.dll winbrand.dll user32.dll advapi32.dll sechost.dll rpcrt4.dll cryptbase.dll imm32.dll msctf.dll apphelp.dll,normal
 ntdll.dll kernel32.dll kernelbase.dll gdi32.dll user32.dll usp10.dll ole32.dll rpcrt4.dll,normal
 kernel32.dll gdi32.dll lpk.dll msvcrt.dll ole32.dll cryptbase.dll wow64.dll ntdll.dll wow64win.dll kernel32.dll kernel32.dll kernel32.dll kernel32.dll KernelBase.dll msvcrt.dll oleaut32.dll ole32.dll gdi32.dll advapi32.dll sechost.dll rpcrt4.dll lpk.dll imm32.dll msctf.dll clbcatq.dll wintrust.dll crypt32.dll msasn1.dll cryptsp.dll msisip.dll comctl32.dll scrobj.dll msi.dll scrrun.dll sxs.dll shlwapi.dll,normal
 ntdll.dll wow64win.dll kernel32.dll oleaut32.dll gdi32.dll user32.dll rpcrt4.dll sspicli.dll cryptbase.dll imm32.dll version.dll clbcatq.dll msctf.dll mscoree.dll mscoreei.dll fusion.dll clr.dll msvcr120_clr0400.dll ntdll.dll ntdll.dll kernel32.dll kernel32.dll KernelBase.dll rpcrt4.dll user32.dll usp10.dll ole32.dll oleaut32.dll mscorsvc.dll taskschd.dll,normal
 kernel32.dll KernelBase.dll user32.dll lpk.dll usp10.dll msvcrt.dll imm32.dll ole32.dll oleaut32.dll clbcatq.dll advapi32.dll sechost.dll ntdll.dll wow64.dll kernel32.dll kernel32.dll kernel32.dll user32.dll lpk.dll usp10.dll sechost.dll rpcrt4.dll sspicli.dll imm32.dll msctf.dll apphelp.dll,normal
 ntdll.dll wow64cpu.dll kernel32.dll oleaut32.dll ole32.dll gdi32.dll user32.dll sechost.dll rpcrt4.dll sspicli.dll cryptbase.dll lpk.dll imm32.dll msctf.dll version.dll mscoreei.dll fusion.dll clr.dll clr.dll msvcr120_clr0400.dll ntdll.dll kernel32.dll kernel32.dll msvcrt.dll advapi32.dll sechost.dll rpcrt4.dll gdi32.dll usp10.dll ole32.dll imm32.dll devobj.dll mscorsvc.dll msidle.dll winsta.dll msvcr120_clr0400.dll mscoree.dll mscoreei.dll version.dll clr.dll wtsapi32.dll powrprof.dll clbcatq.dll taskschd.dll clr.dll mscorwks.dll mscorwks.dll mscorwks.dll mscorwks.dll mscorwks.dll mscorwks.dll mscorwks.dll mscorwks.dll mscorwks.dll mscorwks.dll mscorwks.dll mscorwks.dll mscorwks.dll mscorwks.dll mscorwks.dll mscorwks.dll mscorwks.dll mscorwks.dll mscorwks.dll mscorwks.dll mscorwks.dll mscorwks.dll mscorwks.dll mscorwks.dll mscorwks.dll mscorwks.dll mscorwks.dll mscorwks.dll mscorwks.dll mscorwks.dll rsaenh.dll sxs.dll,normal
 ntdll.dll wow64.dll wow64cpu.dll kernel32.dll kernel32.dll kernelbase.dll oleaut32.dll gdi32.dll user32.dll advapi32.dll rpcrt4.dll sspicli.dll cryptbase.dll msctf.dll sxs.dll clbcatq.dll advapi32.dll wintrust.dll cryptsp.dll rsaenh.dll msisip.dll shell32.dll shlwapi.dll scrobj.dll msi.dll scrrun.dll,normal
 advapi32.dll esent.dll tdh.dll wevtapi.dll urlmon.dll xmllite.dll ole32.dll shlwapi.dll iertutil.dll wininet.dll cryptsp.dll appxstreamingdatasourceps.dll,normal
 ntdll.dll kernel32.dll kernelbase.dll msvcrt.dll ole32.dll lpk.dll usp10.dll rpcrt4.dll cryptbase.dll clbcatq.dll advapi32.dll sechost.dll rsaenh.dll uxtheme.dll thumbcache.dll psapi.dll shell32.dll,normal
 ntdll.dll wow64win.dll kernel32.dll user32.dll KernelBase.dll msvcrt.dll sechost.dll cryptbase.dll msvcr120_clr0400.dll mscoree.dll gdi32.dll lpk.dll imm32.dll rsaenh.dll RpcRtRemote.dll clbcatq.dll sxs.dll clr.dll mscorlib.ni.dll clrjit.dll System.ni.dll PresentationCore.ni.dll PresentationCore.dll mscorlib.dll WindowsBase.dll WindowsBase.dll System.Core.dll System.dll System.Xaml.dll UIAutomationTypes.dll UIAutomationTypes.dll System.Configuration.ni.dll System.Configuration.dll UIAutomationProvider.ni.dll UIAutomationProvider.dll UIAutomationProvider.dll System.Windows.Input.Manipulations.ni.dll System.Xml.ni.dll System.Xml.dll System.Deployment.ni.dll System.Deployment.dll System.Deployment.dll Accessibility.dll System.Security.dll System.Security.dll System.Numerics.ni.dll System.Numerics.dll System.Numerics.dll,normal
 ntdll.dll kernel32.dll advapi32.dll sechost.dll rpcrt4.dll lpk.dll usp10.dll shlwapi.dll dui70.dll imm32.dll cryptbase.dll ntdll.dll kernel32.dll KernelBase.dll gdi32.dll usp10.dll imm32.dll msctf.dll ole32.dll rpcrt4.dll oleaut32.dll cryptbase.dll clbcatq.dll ntdll.dll kernel32.dll kernel32.dll kernel32.dll user32.dll kernel32.dll msvcrt.dll oleaut32.dll gdi32.dll advapi32.dll sechost.dll cryptbase.dll usp10.dll msctf.dll clbcatq.dll vbscript.dll wintrust.dll crypt32.dll msasn1.dll rsaenh.dll msisip.dll shlwapi.dll scrobj.dll msi.dll scrrun.dll,normal
 dwmapi.dll dwmapi.dll,normal
 ntdll.dll ntdll.dll wow64win.dll kernel32.dll kernel32.dll user32.dll KernelBase.dll rpcrt4.dll msvcr120_clr0400.dll mscoree.dll ole32.dll usp10.dll oleaut32.dll imm32.dll msctf.dll cryptsp.dll clbcatq.dll clr.dll shlwapi.dll Microsoft.Powershell.Workflow.ServiceCore.dll Microsoft.Powershell.Workflow.ServiceCore.dll version.dll mscorlib.dll mscorlib.dll System.Activities.ni.dll System.Activities.dll System.Activities.dll System.Activities.dll System.Activities.dll System.Activities.dll System.Core.dll System.Core.dll System.dll System.Runtime.DurableInstancing.ni.dll System.Runtime.DurableInstancing.dll System.Runtime.DurableInstancing.dll System.Runtime.DurableInstancing.dll System.Management.ni.dll Microsoft.Management.Infrastructure.ni.dll Microsoft.Management.Infrastructure.dll System.Transactions.dll System.Transactions.dll System.Transactions.dll System.Transactions.dll System.Transactions.dll System.ServiceModel.Internals.dll System.ServiceModel.Internals.dll System.ServiceModel.Internals.dll System.ServiceModel.Internals.dll System.Xml.Linq.ni.dll System.Xml.Linq.dll System.Xml.Linq.dll System.Xaml.dll System.Xaml.dll System.Xaml.dll System.Xml.dll System.Xml.dll System.Xml.dll System.Xml.dll System.Xml.dll System.Xml.dll Microsoft.Build.dll Microsoft.Build.Framework.dll System.Runtime.Serialization.ni.dll System.Runtime.Serialization.dll System.Runtime.Serialization.dll System.Runtime.Serialization.dll System.Security.ni.dll System.Security.dll System.Security.dll System.Security.dll System.Security.dll System.Security.dll Microsoft.Management.Infrastructure.CimCmdlets.ni.dll Microsoft.Powershell.Commands.Management.dll Microsoft.Management.Infrastructure.CimCmdlets.dll SMDiagnostics.ni.dll SMDiagnostics.dll SMDiagnostics.dll SMDiagnostics.dll SMDiagnostics.dll SMDiagnostics.dll Microsoft.Management.Infrastructure.Native.ni.dll Microsoft.Management.Infrastructure.Native.dll Microsoft.PowerShell.Workflow.ServiceCore.ni.dll ntdll.dll kernel32.dll KernelBase.dll msvcrt.dll sechost.dll advapi32.dll ole32.dll gdi32.dll lpk.dll imm32.dll msctf.dll cryptbase.dll oleaut32.dll ws2_32.dll secur32.dll RpcRtRemote.dll authz.dll mswsock.dll version.dll winnsi.dll dhcpcsvc6.dll dhcpcsvc.dll,normal
 ntdll.dll wow64cpu.dll kernel32.dll kernel32.dll kernel32.dll msvcrt.dll user32.dll gdi32.dll usp10.dll advapi32.dll sechost.dll sspicli.dll cryptbase.dll imm32.dll msctf.dll kernel32.dll advapi32.dll rpcrt4.dll msvcr120_clr0400.dll mscoree.dll user32.dll imm32.dll cryptbase.dll cryptsp.dll clbcatq.dll mscoreei.dll shlwapi.dll System.Core.ni.dll System.Data.ni.dll System.Data.dll System.Data.dll mscorlib.dll System.Data.dll System.Xml.ni.dll System.Transactions.ni.dll System.Transactions.dll System.Numerics.ni.dll System.EnterpriseServices.ni.dll System.Security.ni.dll ntdll.dll ntdll.dll wow64cpu.dll kernel32.dll kernel32.dll user32.dll msvcrt.dll sechost.dll rpcrt4.dll sspicli.dll cryptbase.dll msvcr120_clr0400.dll mscoree.dll gdi32.dll user32.dll lpk.dll oleaut32.dll msctf.dll rsaenh.dll RpcRtRemote.dll clbcatq.dll sxs.dll shlwapi.dll mscorjit.dll version.dll mscorlib.dll MMCFxCommon.dll System.dll System.dll System.dll System.Drawing.ni.dll System.Windows.Forms.dll System.Windows.Forms.dll System.Windows.Forms.dll System.Drawing.dll System.Drawing.dll System.Configuration.ni.dll System.configuration.dll System.configuration.dll System.configuration.dll System.configuration.dll System.Xml.ni.dll System.XML.dll System.XML.dll System.Security.ni.dll System.Security.dll System.Data.SqlXml.ni.dll System.Data.SqlXml.dll System.Data.SqlXml.dll System.Data.SqlXml.dll System.Data.SqlXml.dll Accessibility.dll System.Runtime.Serialization.Formatters.Soap.ni.dll System.Runtime.Serialization.Formatters.Soap.dll System.Deployment.ni.dll System.Deployment.dll ntdll.dll ntdll.dll wow64.dll wow64win.dll wow64cpu.dll kernel32.dll user32.dll KernelBase.dll advapi32.dll sechost.dll rpcrt4.dll sspicli.dll msvcr120_clr0400.dll mscoree.dll gdi32.dll user32.dll lpk.dll rsaenh.dll RpcRtRemote.dll clbcatq.dll sxs.dll mscoreei.dll msvcr80.dll shell32.dll profapi.dll mscorjit.dll mscorlib.dll mscorlib.dll PresentationFramework.Royale.ni.dll WindowsBase.ni.dll PresentationFramework.Royale.dll PresentationFramework.Royale.dll PresentationFramework.Royale.dll PresentationCore.ni.dll PresentationFramework.dll PresentationFramework.dll PresentationFramework.dll PresentationFramework.dll WindowsBase.dll WindowsBase.dll WindowsBase.dll System.dll System.dll System.dll System.dll PresentationCore.dll PresentationCore.dll PresentationCore.dll,normal
 kernel32.dll KernelBase.dll gdi32.dll usp10.dll msvcrt.dll msctf.dll ole32.dll advapi32.dll comctl32.dll shlwapi.dll cryptbase.dll clbcatq.dll shell32.dll comctl32.dll oleacc.dll imecfm.dll,normal
 xmllite.dll xmllite.dll mfmediaengine.dll windows.shell.servicehostbuilder.dll windows.shell.servicehostbuilder.dll ws2_32.dll windows.media.dll windows.media.dll mfsrcsnk.dll resampledmo.dll msdmo.dll mfmediaengine.dll windows.shell.servicehostbuilder.dll windows.media.dll windows.media.dll mfsrcsnk.dll msdmo.dll xmllite.dll xmllite.dll ws2_32.dll mfmediaengine.dll mfmediaengine.dll windows.shell.servicehostbuilder.dll windows.shell.servicehostbuilder.dll mfsrcsnk.dll resampledmo.dll msdmo.dll windows.shell.servicehostbuilder.dll windows.shell.servicehostbuilder.dll,normal
 taskschd.dll xmllite.dll,normal
 ntdll.dll wow64.dll kernel32.dll kernel32.dll kernel32.dll user32.dll kernel32.dll sechost.dll sspicli.dll cryptbase.dll ws2_32.dll nsi.dll winnsi.dll dhcpcsvc.dll dhcpcsvc6.dll shlwapi.dll user32.dll ole32.dll imm32.dll cryptsp.dll wevtapi.dll ntdll.dll ntdll.dll wow64win.dll wow64cpu.dll kernel32.dll kernel32.dll user32.dll kernel32.dll msvcrt.dll user32.dll gdi32.dll advapi32.dll rpcrt4.dll sspicli.dll cryptbase.dll imm32.dll apphelp.dll,normal
 ntdll.dll kernel32.dll KernelBase.dll sechost.dll rpcrt4.dll sspicli.dll cryptbase.dll ole32.dll usp10.dll imm32.dll shlwapi.dll wtsapi32.dll cfgmgr32.dll mscoree.dll fusion.dll clr.dll clr.dll msvcr120_clr0400.dll ntdll.dll kernel32.dll kernel32.dll user32.dll mscorsvc.dll taskschd.dll powrprof.dll mscorwks.dll mscorwks.dll mscorwks.dll mscorwks.dll mscorwks.dll mscorwks.dll mscorwks.dll mscorwks.dll mscorwks.dll mscorwks.dll mscorwks.dll mscorwks.dll mscorwks.dll mscorwks.dll mscorwks.dll mscorwks.dll mscorwks.dll mscorwks.dll mscorwks.dll mscorwks.dll mscorwks.dll mscorwks.dll mscorwks.dll mscorwks.dll mscorwks.dll mscorwks.dll mscorwks.dll mscorwks.dll mscorwks.dll mscorwks.dll mscorwks.dll cryptsp.dll rsaenh.dll RpcRtRemote.dll mscorwks.dll mscorwks.dll mscorwks.dll mscorwks.dll mscorwks.dll mscorwks.dll mscorwks.dll mscorwks.dll mscorwks.dll mscorwks.dll mscorwks.dll mscorwks.dll mscorwks.dll mscorwks.dll mscorwks.dll mscorwks.dll mscorwks.dll mscorwks.dll mscorwks.dll mscorwks.dll mscorwks.dll mscorwks.dll mscorwks.dll mscorwks.dll mscorwks.dll mscorwks.dll mscorwks.dll mscorwks.dll mscorwks.dll mscorwks.dll mscorwks.dll,normal
 ntdll.dll ntdll.dll wow64win.dll kernel32.dll kernel32.dll user32.dll KernelBase.dll user32.dll lpk.dll usp10.dll advapi32.dll rpcrt4.dll sspicli.dll cryptbase.dll msctf.dll,normal
 ntdll.dll kernel32.dll KernelBase.dll msvcrt.dll ole32.dll user32.dll rpcrt4.dll advapi32.dll sechost.dll shlwapi.dll msctf.dll shell32.dll wucltux.dll shell32.dll oleacc.dll slc.dll cabinet.dll msasn1.dll WindowsCodecs.dll wintrust.dll clbcatq.dll cryptsp.dll rsaenh.dll RpcRtRemote.dll wups2.dll KernelBase.dll msvcrt.dll gdi32.dll user32.dll usp10.dll msimg32.dll wmsgapi.dll wtsapi32.dll userenv.dll winsta.dll msasn1.dll imm32.dll msutb.dll shlwapi.dll secur32.dll shell32.dll cryptbase.dll uxtheme.dll wintrust.dll cryptsp.dll bcryptprimitives.dll ncrypt.dll gpapi.dll version.dll oleaut32.dll urlmon.dll api-ms-win-downlevel-ole32-l1-1-0.dll api-ms-win-downlevel-shlwapi-l1-1-0.dll api-ms-win-downlevel-user32-l1-1-0.dll api-ms-win-downlevel-version-l1-1-0.dll api-ms-win-downlevel-normaliz-l1-1-0.dllnormaliz.dll iertutil.dll credui.dll authui.dll MMDevAPI.dll propsys.dll imecfm.dll imageres.dll setupapi.dll cfgmgr32.dll msutb.dll,normal
 msftedit.dll,normal
 sendmail.dll mydocs.dll,normal
 kernelbase.dll gdi32.dll lpk.dll usp10.dll imm32.dll msctf.dll ole32.dll oleaut32.dll cryptbase.dll clbcatq.dll advapi32.dll sechost.dll kernelbase.dll gdi32.dll user32.dll lpk.dll usp10.dll imm32.dll msctf.dll ole32.dll rpcrt4.dll clbcatq.dll advapi32.dll ntdll.dll wow64.dll wow64cpu.dll kernel32.dll kernel32.dll user32.dll kernelbase.dll msvcrt.dll sechost.dll rpcrt4.dll sspicli.dll cryptbase.dll dnsapi.dll winnsi.dll dhcpcsvc.dll dhcpcsvc6.dll shell32.dll user32.dll lpk.dll usp10.dll ole32.dll oleaut32.dll cryptsp.dll wevtapi.dll ntdll.dll kernel32.dll gdi32.dll msvcrt.dll imm32.dll oleaut32.dll cryptbase.dll clbcatq.dll advapi32.dll sechost.dll ntdll.dll user32.dll usp10.dll imm32.dll ole32.dll rpcrt4.dll sechost.dll,normal
 ntdll.dll kernel32.dll advapi32.dll msvcrt.dll oleaut32.dll ole32.dll rpcrt4.dll secur32.dll combase.dll gdi32.dll sspicli.dll userenv.dll version.dll version.dll version.dll,normal
 ntdll.dll kernel32.dll gdi32.dll user32.dll lpk.dll msvcrt.dll imm32.dll msctf.dll ole32.dll rpcrt4.dll cryptbase.dll wow64cpu.dll kernel32.dll kernel32.dll kernel32.dll KernelBase.dll winbrand.dll gdi32.dll lpk.dll usp10.dll advapi32.dll sechost.dll sspicli.dll cryptbase.dll imm32.dll apphelp.dll,normal
 ntdll.dll kernel32.dll kernelbase.dll msvcrt.dll bcryptprimitives.dll clbcatq.dll user32.dll gdi32.dll bcrypt.dll rsaenh.dll cryptbase.dll userenv.dll,normal
 ntdll.dll kernel32.dll KernelBase.dll advapi32.dll msvcrt.dll sechost.dll rpcrt4.dll user32.dll gdi32.dll lpk.dll usp10.dll comctl32.dll shell32.dll winbrand.dll slc.dll sppcommdlg.dll cryptbase.dll cryptsp.dll RpcRtRemote.dll msasn1.dll sppcext.dll WinSCard.dll webio.dll rasapi32.dll ws2_32.dll nsi.dll tapi32.dll cryptui.dll msi.dll,normal
 ntdll.dll KernelBase.dll user32.dll lpk.dll usp10.dll sechost.dll shell32.dll shlwapi.dll api-ms-win-downlevel-user32-l1-1-0.dll imm32.dll msctf.dll cryptbase.dll ieframe.dll ole32.dll oleaut32.dll IEShims.dll uxtheme.dll sspicli.dll mswsock.dll api-ms-win-downlevel-shell32-l1-1-0.dll netprofm.dll rsaenh.dll RpcRtRemote.dll wship6.dll winnsi.dll api-ms-win-downlevel-version-l1-1-0.dll version.dll comctl32.dll dnsapi.dll comdlg32.dll ieproxy.dll netutils.dll wininet.dll apphelp.dll crypt32.dll msasn1.dll winmm.dll WindowsCodecs.dll nlaapi.dll duser.dll dui70.dll npmproxy.dll msimg32.dll msswch.dll ExplorerFrame.dll dhcpcsvc6.dll dhcpcsvc.dll mlang.dll setupapi.dll devobj.dll ntmarta.dll msxml3.dll msxml3.dll msxml3.dll wshqos.dll schannel.dll ncrypt.dll bcryptprimitives.dll wintrust.dll bcrypt.dll cryptnet.dll SensApi.dll api-ms-win-core-timezone-l1-1-0.dll api-ms-win-core-file-l2-1-0.dll api-ms-win-core-localization-l1-2-0.dll api-ms-win-core-synch-l1-2-0.dll api-ms-win-core-file-l1-2-0.dll api-ms-win-crt-string-l1-1-0.dll api-ms-win-crt-stdio-l1-1-0.dll msswch.dll winmm.dll mssprxy.dll wmp.dll wmp.dll wmp.dll wmp.dll linkinfo.dll Wpc.dll wevtapi.dll samlib.dll samcli.dll cscapi.dll slc.dll msswch.dll winmm.dll,normal
 user32.dll usp10.dll msvcrt.dll imm32.dll msctf.dll ole32.dll rpcrt4.dll oleaut32.dll clbcatq.dll advapi32.dll ntdll.dll kernel32.dll gdi32.dll user32.dll usp10.dll msctf.dll rpcrt4.dll cryptbase.dll clbcatq.dll advapi32.dll sechost.dll,normal
 ntdll.dll kernel32.dll kernelbase.dll crypt32.dll netapi32.dll oleaut32.dll secur32.dll user32.dll userenv.dll version.dll setupapi.dll sechost.dll netutils.dll srvcli.dll combase.dll profapi.dll cfgmgr32.dll devobj.dll logoncli.dll msctf.dll winscard.dll wldap32.dll bcryptprimitives.dll rsaenh.dll wintrust.dll vaultcli.dll bcrypt.dll,mimikatz
 ntdll.dll wow64.dll wow64win.dll wow64cpu.dll kernel32.dll kernel32.dll user32.dll advapi32.dll msvcrt.dll rpcrt4.dll sspicli.dll cryptbase.dll dnsapi.dll ws2_32.dll winnsi.dll dhcpcsvc.dll dhcpcsvc6.dll shell32.dll imm32.dll msctf.dll rsaenh.dll rpcrtremote.dll wevtapi.dll,normal
 ntdll.dll wow64cpu.dll kernel32.dll user32.dll advapi32.dll sechost.dll sspicli.dll ole32.dll gdi32.dll lpk.dll credui.dll imm32.dll wevtapi.dll comctl32.dll ntdll.dll advapi32.dll msvcrt.dll gdi32.dll lpk.dll imm32.dll msctf.dll ole32.dll cryptbase.dll api-ms-win-core-xstate-l2-1-0.dll clrjit.dll cryptsp.dll rsaenh.dll System.Drawing.ni.dll System.Windows.Forms.ni.dll ntmarta.dll RpcRtRemote.dll System.Xml.ni.dll dnsapi.dll psapi.dll netutils.dll comctl32.dll nsi.dll winnsi.dll System.Runtime.Serialization.ni.dll urlmon.dll api-ms-win-downlevel-ole32-l1-1-0.dll api-ms-win-downlevel-shlwapi-l1-1-0.dll api-ms-win-downlevel-advapi32-l1-1-0.dll api-ms-win-downlevel-normaliz-l1-1-0.dllnormaliz.dll wininet.dll userenv.dll profapi.dll secur32.dll sspicli.dll api-ms-win-downlevel-advapi32-l2-1-0.dll credssp.dll mscoree.dll mscoreei.dll version.dll clr.dll msvcr120_clr0400.dll uxtheme.dll nlssorting.dll dwmapi.dll GdiPlus.dll System.Data.ni.dll System.Data.dll crypt32.dll msasn1.dll pnrpnsp.dll winrnr.dll netapi32.dll wkscli.dll dhcpcsvc6.dll clbcatq.dll oleacc.dll msswch.dll winmm.dll System.ServiceModel.Web.ni.dll System.WorkflowServices.ni.dll System.IdentityModel.ni.dll System.EnterpriseServices.ni.dll System.EnterpriseServices.Wrapper.dll System.EnterpriseServices.Wrapper.dll System.EnterpriseServices.Wrapper.dll cryptdll.dll System.Xaml.ni.dll diasymreader.dll,normal
 ntdll.dll ntdll.dll wow64.dll wow64win.dll kernel32.dll kernel32.dll kernelbase.dll msvcrt.dll sechost.dll rpcrt4.dll cryptbase.dll ole32.dll user32.dll lpk.dll credui.dll imm32.dll msctf.dll wevtapi.dll kernel32.dll kernelbase.dll sechost.dll shlwapi.dll gdi32.dll usp10.dll msctf.dll mscorlib.ni.dll ole32.dll cryptbase.dll clrjit.dll oleaut32.dll system.ni.dll system.drawing.ni.dll ntmarta.dll rpcrtremote.dll system.core.ni.dll system.configuration.ni.dll system.xml.ni.dll nlaapi.dll comctl32.dll comctl32.dll ws2_32.dll nsi.dll system.runtime.serialization.ni.dll urlmon.dll api-ms-win-downlevel-ole32-l1-1-0.dll api-ms-win-downlevel-shlwapi-l1-1-0.dll api-ms-win-downlevel-version-l1-1-0.dll api-ms-win-downlevel-normaliz-l1-1-0.dll normaliz.dll iertutil.dll userenv.dll profapi.dll secur32.dll system.transactions.ni.dll system.transactions.dll mscoreei.dll clr.dll clr.dll clr.dll msvcr120_clr0400.dll nlssorting.dll dwmapi.dll gdiplus.dll system.data.dll crypt32.dll msasn1.dll mswsock.dll napinsp.dll pnrpnsp.dll dhcpcsvc6.dll clbcatq.dll oleacc.dll imecfm.dll winmm.dll windowscodecs.dll system.servicemodel.web.ni.dll system.identitymodel.ni.dll system.enterpriseservices.wrapper.dll system.enterpriseservices.wrapper.dll system.enterpriseservices.wrapper.dll msv1_0.dll system.numerics.ni.dll system.xaml.ni.dll,normal
 sfc.dll sfc_os.dll,normal
 ntdll.dll wow64.dll wow64win.dll kernel32.dll kernel32.dll kernel32.dll kernel32.dll advapi32.dll msvcrt.dll sechost.dll rpcrt4.dll sspicli.dll cryptbase.dll dnsapi.dll ws2_32.dll nsi.dll winnsi.dll dhcpcsvc.dll shell32.dll user32.dll usp10.dll imm32.dll clbcatq.dll,normal
 advapi32.dll msvcrt.dll sechost.dll rpcrt4.dll user32.dll lpk.dll usp10.dll wmsgapi.dll wtsapi32.dll winsta.dll msasn1.dll msctf.dll imm32.dll msutb.dll shlwapi.dll secur32.dll sspicli.dll shell32.dll uxtheme.dll cryptsp.dll imagehlp.dll bcryptprimitives.dll ncrypt.dll gpapi.dll sensapi.dll version.dll clbcatq.dll oleaut32.dll urlmon.dll api-ms-win-downlevel-shlwapi-l1-1-0.dll api-ms-win-downlevel-version-l1-1-0.dll api-ms-win-downlevel-normaliz-l1-1-0.dll normaliz.dll iertutil.dll,normal
 gdi32.dll user32.dll lpk.dll msvcrt.dll imm32.dll msctf.dll ole32.dll rpcrt4.dll cryptbase.dll clbcatq.dll advapi32.dll sechost.dll kernel32.dll advapi32.dll msvcrt.dll rpcrt4.dll usp10.dll msimg32.dll wmsgapi.dll wtsapi32.dll profapi.dll winsta.dll MsCtfMonitor.dll imm32.dll msutb.dll shlwapi.dll secur32.dll cryptbase.dll uxtheme.dll cryptsp.dll rsaenh.dll bcrypt.dll cryptnet.dll Wldap32.dll SensApi.dll version.dll clbcatq.dll oleaut32.dll urlmon.dll api-ms-win-downlevel-advapi32-l1-1-0.dll api-ms-win-downlevel-user32-l1-1-0.dll api-ms-win-downlevel-normaliz-l1-1-0.dllnormaliz.dll iertutil.dll wininet.dll,normal
 msctf.dll kernel32.dll msvcrt.dll rpcrt4.dll usp10.dll ole32.dll oleaut32.dll imm32.dll,normal
 ntdll.dll wow64.dll wow64cpu.dll kernel32.dll kernel32.dll user32.dll kernel32.dll msvcrt.dll user32.dll advapi32.dll sechost.dll sspicli.dll cryptbase.dll lpk.dll usp10.dll oleaut32.dll cryptsp.dll rsaenh.dll RpcRtRemote.dll shlwapi.dll uxtheme.dll,normal
 ntdll.dll kernel32.dll msvcrt.dll combase.dll rpcrt4.dll kernel.appcore.dll cryptbase.dll bcryptprimitives.dll clbcatq.dll user32.dll idstore.dll profapi.dll,normal
 ntdll.dll kernel32.dll KernelBase.dll lpk.dll usp10.dll msvcrt.dll imm32.dll ole32.dll rpcrt4.dll cryptbase.dll clbcatq.dll advapi32.dll ntdll.dll wow64.dll wow64win.dll kernel32.dll kernel32.dll user32.dll kernel32.dll winbrand.dll user32.dll gdi32.dll lpk.dll cryptbase.dll msctf.dll apphelp.dll,normal
 ntdll.dll ntdll.dll kernel32.dll kernelbase.dll kernelbase.dll advapi32.dll gdi32.dll user32.dll msvcrt.dll msvcrt.dll comdlg32.dll comdlg32.dll ole32.dll shlwapi.dll comctl32.dll rpcrt4.dll winmm.dll xmllite.dll xmllite.dll sechost.dll odbc32.dll odbc32.dll combase.dll iertutil.dll iertutil.dll wininet.dll shcore.dll cfgmgr32.dll userenv.dll userenv.dll imm32.dll msctf.dll kernel.appcore.dll kernel.appcore.dll cryptbase.dll bcryptprimitives.dll uxtheme.dll clbcatq.dll msxml3.dll bcrypt.dll msftedit.dll uiribbon.dll dwmapi.dll dwmapi.dll windows.globalization.dll bcp47lang.dll globinputhost.dll rsaenh.dll rsaenh.dll oleacc.dll msxml6.dll ntdll.dll advapi32.dll advapi32.dll msvcrt.dll ole32.dll oleaut32.dll shcore.dll sechost.dll rpcrt4.dll combase.dll shlwapi.dll msctf.dll kernel.appcore.dll cryptbase.dll cryptbase.dll bcryptprimitives.dll bcryptprimitives.dll msidle.dll tquery.dll msshooks.dll msshooks.dll clbcatq.dll cryptsp.dll rsaenh.dll rsaenh.dll bcrypt.dll bcrypt.dll mssprxy.dll mssph.dll,normal
 conhostv2.dll combase.dll rpcrt4.dll gdi32full.dll user32.dll win32u.dll imm32.dll oleaut32.dll msvcp_win.dll propsys.dll sechost.dll shcore.dll shell32.dll windows.storage.dll shlwapi.dll profapi.dll uxtheme.dll msvcrt.dll ntdll.dll combase.dll ucrtbase.dll bcryptprimitives.dll shcore.dll imagehlp.dll twinapi.appcore.dll win32u.dll gdi32.dll windows.storage.applicationdata.dll,normal
 ntdll.dll kernel32.dll kernelbase.dll msvcrt.dll msvcrt.dll wininet.dll iertutil.dll iertutil.dll gdi32.dll sechost.dll profapi.dll secur32.dll sspicli.dll shell32.dll shlwapi.dll shcore.dll ws2_32.dll ws2_32.dll ondemandconnroutehelper.dll ondemandconnroutehelper.dll kernel.appcore.dll kernel.appcore.dll winhttp.dll winhttp.dll urlmon.dll urlmon.dll advapi32.dll advapi32.dll iphlpapi.dll winnsi.dll mswsock.dll mswsock.dll,normal
 kernel32.dll sechost.dll rpcrt4.dll mscoree.dll ole32.dll user32.dll lpk.dll oleaut32.dll imm32.dll cryptsp.dll rpcrtremote.dll clbcatq.dll sxs.dll msvcr80.dll shell32.dll mscorlib.ni.dll mscorjit.dll mscorlib.dll mscorlib.dll mscorlib.dll stdole.ni.dll mscorsec.dll wintrust.dll crypt32.dll comctl32.dll riched20.dll imagehlp.dll bcrypt.dll bcryptprimitives.dll cryptnet.dll wldap32.dll sensapi.dll microsoft-windows-homegroupdiagnostic.netlistmgr.interop.dll microsoft-windows-homegroupdiagnostic.netlistmgr.interop.ni.dll ntdll.dll kernel32.dll kernelbase.dll advapi32.dll msvcrt.dll sechost.dll rpcrt4.dll msvcr120_clr0400.dll mscoree.dll gdi32.dll user32.dll usp10.dll imm32.dll msctf.dll cryptbase.dll cryptsp.dll rsaenh.dll clbcatq.dll sxs.dll mscoreei.dll msvcr80.dll shlwapi.dll shell32.dll profapi.dll mscorjit.dll mscorlib.dll version.dll mscorlib.dll mscorlib.dll mscorsec.dll riched20.dll imagehlp.dll ncrypt.dll bcryptprimitives.dll userenv.dll sensapi.dll system.configuration.ni.dll system.drawing.ni.dll accessibility.ni.dll system.deployment.ni.dll microsoft.jscript.ni.dll microsoft.vsa.ni.dll,normal
 ntdll.dll kernel32.dll gdi32.dll lpk.dll usp10.dll msvcrt.dll oleaut32.dll clbcatq.dll advapi32.dll sechost.dll ntdll.dll wow64.dll wow64win.dll wow64cpu.dll kernel32.dll kernel32.dll kernel32.dll winbrand.dll user32.dll gdi32.dll lpk.dll usp10.dll advapi32.dll imm32.dll msctf.dll apphelp.dll,normal
 ntdll.dll kernel32.dll msvcrt.dll combase.dll rpcrt4.dll oleaut32.dll imm32.dll user32.dll gdi32.dll kernel.appcore.dll bcryptprimitives.dll rsaenh.dll cryptbase.dll mssprxy.dll shcore.dll,normal
 ntdll.dll kernel32.dll kernelbase.dll advapi32.dll msvcrt.dll crypt32.dll netapi32.dll wkscli.dll ole32.dll user32.dll lpk.dll usp10.dll oleaut32.dll samlib.dll secur32.dll shell32.dll userenv.dll profapi.dll version.dll hid.dll cfgmgr32.dll winscard.dll msctf.dll vaultcli.dll srvcli.dll bcrypt.dll bcryptprimitives.dll,mimikatz
 kernel32.dll advapi32.dll sechost.dll rpcrt4.dll gdi32.dll user32.dll oleaut32.dll imm32.dll clbcatq.dll mscorwks.dll msvcr80.dll profapi.dll mscorlib.ni.dll mscorjit.dll mscorlib.dll version.dll mscorlib.dll mscorlib.dll mscorsec.dll wintrust.dll comctl32.dll riched20.dll imagehlp.dll ncrypt.dll bcrypt.dll bcryptprimitives.dll gpapi.dll cryptnet.dll Wldap32.dll SensApi.dll Microsoft.VisualStudio.Tools.Applications.Contract.v10.0.dll Microsoft.VisualStudio.Tools.Applications.Contract.v10.0.ni.dll Microsoft.VisualStudio.Tools.Applications.Contract.v10.0.ni.dll ntdll.dll kernel32.dll msvcrt.dll sechost.dll rpcrt4.dll mscoree.dll user32.dll lpk.dll oleaut32.dll imm32.dll msctf.dll cryptbase.dll rsaenh.dll RpcRtRemote.dll clbcatq.dll mscoreei.dll clr.dll shlwapi.dll clrjit.dll System.ni.dll System.AddIn.ni.dll version.dll System.Xml.ni.dll ntdll.dll ntdll.dll wow64.dll wow64cpu.dll kernel32.dll user32.dll KernelBase.dll advapi32.dll msvcrt.dll sechost.dll sspicli.dll cryptbase.dll user32.dll lpk.dll usp10.dll imm32.dll cryptsp.dll RpcRtRemote.dll clbcatq.dll mscoreei.dll mscorwks.dll shlwapi.dll shell32.dll profapi.dll mscorjit.dll mscorlib.dll version.dll mscorlib.dll System.IdentityModel.dll System.IdentityModel.dll System.IdentityModel.dll System.dll System.dll System.Runtime.Serialization.dll System.Runtime.Serialization.dll System.Runtime.Serialization.dll System.XML.dll System.XML.dll SMdiagnostics.dll SMdiagnostics.dll SMdiagnostics.dll System.Web.ni.dll System.Web.dll System.Web.dll System.Web.dll System.Security.dll System.Security.dll System.Security.dll System.configuration.dll System.configuration.dll System.configuration.dll System.Data.SqlXml.ni.dll System.Data.SqlXml.dll System.Data.SqlXml.dll System.Data.SqlXml.dll System.Data.SqlXml.dll System.Drawing.dll System.Drawing.dll System.Data.dll System.Data.dll System.Data.dll System.Data.dll crypt32.dll msasn1.dll System.Web.Services.ni.dll System.Web.Services.dll System.Web.Services.dll System.Web.Services.dll System.Web.Services.dll System.DirectoryServices.dll System.DirectoryServices.Protocols.ni.dll System.DirectoryServices.Protocols.dll System.DirectoryServices.Protocols.dll System.EnterpriseServices.ni.dll System.EnterpriseServices.dll System.Design.ni.dll System.Design.dll System.ServiceProcess.ni.dll System.ServiceProcess.dll System.Windows.Forms.ni.dll System.Windows.Forms.dll System.Windows.Forms.dll System.Windows.Forms.dll System.Windows.Forms.dll System.Web.RegularExpressions.ni.dll System.Web.RegularExpressions.dll System.Web.RegularExpressions.dll System.Web.RegularExpressions.dll Microsoft.VisualC.ni.dll System.Transactions.ni.dll System.Transactions.dll System.Transactions.dll System.Transactions.dll System.Transactions.dll System.Runtime.Remoting.dll System.Runtime.Serialization.Formatters.Soap.ni.dll System.Runtime.Serialization.Formatters.Soap.dll System.Drawing.Design.ni.dll System.Drawing.Design.dll System.Drawing.Design.dll System.Data.OracleClient.dll System.Data.OracleClient.dll Accessibility.ni.dll Accessibility.dll Accessibility.dll System.Deployment.ni.dll System.Deployment.dll System.Deployment.dll System.Deployment.dll System.Configuration.Install.ni.dll System.Configuration.Install.dll ntdll.dll kernel32.dll kernel32.dll msvcrt.dll sechost.dll rpcrt4.dll sspicli.dll mscoree.dll oleaut32.dll imm32.dll msctf.dll cryptsp.dll rsaenh.dll clbcatq.dll sxs.dll mscoreei.dll clr.dll shlwapi.dll System.IO.Compression.FileSystem.ni.dll System.dll System.dll System.Configuration.dll System.Configuration.dll System.Core.dll System.Xml.dll System.Xml.dll ntdll.dll wow64.dll wow64cpu.dll kernel32.dll kernel32.dll kernel32.dll KernelBase.dll advapi32.dll msvcrt.dll sspicli.dll cryptbase.dll msvcr120_clr0400.dll mscoree.dll ole32.dll gdi32.dll user32.dll lpk.dll oleaut32.dll imm32.dll msctf.dll rsaenh.dll clbcatq.dll sxs.dll clr.dll shlwapi.dll clrjit.dll System.ni.dll version.dll System.dll System.ServiceModel.ni.dll System.ServiceModel.dll System.Transactions.ni.dll System.Transactions.dll System.Runtime.DurableInstancing.ni.dll System.ServiceModel.Internals.ni.dll System.ServiceModel.Internals.dll System.Runtime.Serialization.dll System.Runtime.Serialization.dll System.Configuration.ni.dll System.Xml.ni.dll System.Xml.dll System.Xml.dll System.Numerics.ni.dll System.Numerics.dll System.Numerics.dll System.Security.dll,normal
 kernel32.dll kernelbase.dll chrome_elf.dll shell32.dll gdi32.dll user32.dll usp10.dll advapi32.dll sechost.dll rpcrt4.dll profapi.dll oleaut32.dll oleacc.dll uiautomationcore.dll psapi.dll wintrust.dll msasn1.dll comctl32.dll winhttp.dll secur32.dll sspicli.dll cryptbase.dll ws2_32.dll dhcpcsvc.dll chrome_child.dll dwmapi.dll dbghelp.dll urlmon.dll wininet.dll,normal
 sendmail.dll mydocs.dll wpdshext.dll,normal
 ntdll.dll wow64win.dll wow64cpu.dll kernel32.dll kernel32.dll user32.dll kernel32.dll kernelbase.dll advapi32.dll msvcrt.dll sechost.dll sspicli.dll winnsi.dll dhcpcsvc6.dll gdi32.dll user32.dll lpk.dll ole32.dll clbcatq.dll oleaut32.dll cryptsp.dll rpcrtremote.dll wevtapi.dll ntdll.dll ntdll.dll wow64.dll wow64cpu.dll kernel32.dll kernelbase.dll msvcrt.dll winbrand.dll user32.dll gdi32.dll usp10.dll advapi32.dll rpcrt4.dll sspicli.dll imm32.dll,normal
 kernel32.dll kernelbase.dll advapi32.dll msvcrt.dll bcryptprimitives.dll version.dll,normal
 ntdll.dll wow64.dll wow64cpu.dll kernel32.dll msvcrt.dll user32.dll gdi32.dll usp10.dll advapi32.dll sechost.dll rpcrt4.dll cryptbase.dll imm32.dll msctf.dll apphelp.dll,normal
 ntdll.dll kernel32.dll kernelbase.dll msvcrt.dll gdi32.dll lpk.dll imm32.dll msctf.dll cryptbase.dll oleaut32.dll rpcrtremote.dll shacct.dll comctl32.dll shlwapi.dll userenv.dll profapi.dll,normal
 ntdll.dll kernel32.dll KernelBase.dll gdi32.dll user32.dll usp10.dll msctf.dll rpcrt4.dll oleaut32.dll msswch.dll advapi32.dll cryptbase.dll shlwapi.dll comctl32.dll oleacc.dll version.dll uxtheme.dll ntdll.dll ntdll.dll wow64cpu.dll kernel32.dll user32.dll KernelBase.dll msvcrt.dll gdi32.dll usp10.dll advapi32.dll rpcrt4.dll sspicli.dll cryptbase.dll msctf.dll,normal
 ntdll.dll ntdll.dll wow64win.dll wow64cpu.dll kernel32.dll kernel32.dll kernel32.dll KernelBase.dll msvcrt.dll ole32.dll gdi32.dll advapi32.dll sspicli.dll lpk.dll usp10.dll clbcatq.dll advapi32.dll wintrust.dll shell32.dll shlwapi.dll scrobj.dll scrrun.dll kernel32.dll KernelBase.dll gdi32.dll lpk.dll msvcrt.dll imm32.dll ole32.dll rpcrt4.dll oleaut32.dll sechost.dll wow64win.dll wow64cpu.dll kernel32.dll kernel32.dll kernel32.dll kernel32.dll KernelBase.dll msvcrt.dll sspicli.dll dnsapi.dll nsi.dll winnsi.dll dhcpcsvc.dll dhcpcsvc6.dll shell32.dll user32.dll usp10.dll ole32.dll imm32.dll clbcatq.dll oleaut32.dll rsaenh.dll RpcRtRemote.dll wevtapi.dll kernel32.dll lpk.dll usp10.dll imm32.dll msctf.dll ole32.dll oleaut32.dll advapi32.dll sechost.dll ntdll.dll wow64.dll wow64win.dll kernel32.dll kernel32.dll user32.dll kernel32.dll KernelBase.dll msvcrt.dll ole32.dll gdi32.dll rpcrt4.dll lpk.dll usp10.dll imm32.dll msctf.dll sxs.dll clbcatq.dll vbscript.dll wintrust.dll crypt32.dll msasn1.dll cryptsp.dll wshext.dll comctl32.dll shell32.dll ntdll.dll kernel32.dll user32.dll lpk.dll usp10.dll imm32.dll msctf.dll ole32.dll rpcrt4.dll oleaut32.dll cryptbase.dll clbcatq.dll advapi32.dll sechost.dll ntdll.dll wow64win.dll kernel32.dll kernel32.dll user32.dll KernelBase.dll winbrand.dll user32.dll gdi32.dll usp10.dll advapi32.dll sechost.dll rpcrt4.dll cryptbase.dll msctf.dll,normal
 kernel32.dll kernelbase.dll lpk.dll msvcrt.dll imm32.dll msctf.dll ole32.dll rpcrt4.dll clbcatq.dll advapi32.dll sechost.dll,normal
 chrome_elf.dll gdi32.dll user32.dll lpk.dll usp10.dll advapi32.dll sechost.dll winmm.dll imm32.dll msctf.dll cryptbase.dll kernelbase.dll shell32.dll,normal
 ntdll.dll kernel32.dll kernelbase.dll lpk.dll cryptbase.dll clbcatq.dll advapi32.dll sechost.dll ntdll.dll kernel32.dll gdi32.dll user32.dll usp10.dll msvcrt.dll msctf.dll cryptbase.dll advapi32.dll sechost.dll ntdll.dll wow64win.dll wow64cpu.dll kernel32.dll kernel32.dll user32.dll kernel32.dll msvcrt.dll winbrand.dll user32.dll gdi32.dll lpk.dll advapi32.dll sechost.dll rpcrt4.dll sspicli.dll imm32.dll msctf.dll,normal
 ntdll.dll kernel32.dll kernelbase.dll kernelbase.dll advapi32.dll oleaut32.dll user32.dll tquery.dll tquery.dll msshooks.dll rpcrt4.dll gdi32.dll msctf.dll kernel.appcore.dll cryptbase.dll bcryptprimitives.dll clbcatq.dll cryptsp.dll cryptsp.dll rsaenh.dll bcrypt.dll mssprxy.dll mssprxy.dll shcore.dll shcore.dll,normal
 msftedit.dll,normal
 ntdll.dll kernel32.dll KernelBase.dll msvcrt.dll sechost.dll ole32.dll user32.dll oleaut32.dll msctf.dll cryptsp.dll rsaenh.dll clbcatq.dll mscoreei.dll mscorwks.dll msvcr80.dll shell32.dll profapi.dll mscorlib.ni.dll mscorjit.dll mscorlib.dll version.dll mscorlib.dll System.ni.dll System.Xml.ni.dll,normal
 ntdll.dll ntdll.dll wow64win.dll wow64cpu.dll kernel32.dll kernel32.dll KernelBase.dll msvcrt.dll advapi32.dll sspicli.dll apphelp.dll ntdll.dll kernel32.dll advapi32.dll msvcrt.dll mscoree.dll user32.dll lpk.dll usp10.dll oleaut32.dll imm32.dll msctf.dll cryptsp.dll clbcatq.dll mscoreei.dll msvcr80.dll shell32.dll mscorlib.ni.dll mscorjit.dll mscorlib.dll version.dll mscorlib.dll System.ni.dll PresentationCore.ni.dll PresentationCore.dll UIAutomationProvider.ni.dll UIAutomationTypes.ni.dll System.Xml.ni.dll PresentationCFFRasterizer.ni.dll System.Configuration.ni.dll System.Security.ni.dll System.Data.SqlXml.ni.dll System.Windows.Forms.ni.dll System.Runtime.Serialization.Formatters.Soap.ni.dll ntdll.dll wow64win.dll wow64cpu.dll kernel32.dll KernelBase.dll sechost.dll sspicli.dll cryptbase.dll mscoree.dll lpk.dll oleaut32.dll imm32.dll msctf.dll cryptsp.dll rsaenh.dll clbcatq.dll mscoreei.dll clr.dll mscorlib.ni.dll clrjit.dll System.Core.ni.dll System.Web.ni.dll version.dll mscorlib.dll System.dll System.dll System.Core.dll System.Core.dll System.Drawing.ni.dll System.Drawing.dll System.Configuration.dll System.Data.ni.dll System.Data.dll System.Data.dll System.Xml.ni.dll System.Xml.dll System.Xml.dll System.DirectoryServices.ni.dll System.DirectoryServices.dll System.Web.ApplicationServices.ni.dll System.Web.ApplicationServices.dll System.Web.ApplicationServices.dll System.ComponentModel.DataAnnotations.ni.dll System.ComponentModel.DataAnnotations.dll System.ComponentModel.DataAnnotations.dll System.DirectoryServices.Protocols.dll System.Security.ni.dll System.Security.dll System.Security.dll System.Runtime.Caching.ni.dll System.Runtime.Caching.dll System.Runtime.Caching.dll System.ServiceProcess.ni.dll System.Web.Services.ni.dll System.Web.Services.dll System.Web.Services.dll Microsoft.Build.Utilities.v4.0.ni.dll Microsoft.Build.Tasks.v4.0.ni.dll System.Windows.Forms.dll System.Windows.Forms.dll System.Numerics.ni.dll System.Numerics.dll System.Numerics.dll,normal
 ntdll.dll kernelbase.dll advapi32.dll msvcrt.dll sechost.dll rpcrt4.dll user32.dll gdi32.dll lpk.dll ole32.dll tquery.dll mssrch.dll mssrch.dll msctf.dll shell32.dll profapi.dll cryptbase.dll secur32.dll esent.dll powrprof.dll cfgmgr32.dll rsaenh.dll rpcrtremote.dll msidle.dll propsys.dll tquery.dll ntmarta.dll wldap32.dll atl.dll winsta.dll samcli.dll samlib.dll sxs.dll apphelp.dll msasn1.dll nlslexicons0009.dll comctl32.dll setupapi.dll elscore.dll elslad.dll nlsdata000c.dll nlsdata0009.dll nlslexicons0009.dll nlsdata000c.dll powrprof.dll,normal
 kernelbase.dll conhostv2.dll ucrtbase.dll rpcrt4.dll bcryptprimitives.dll gdi32full.dll win32u.dll imm32.dll oleaut32.dll msvcp_win.dll propsys.dll sechost.dll shell32.dll cfgmgr32.dll powrprof.dll shlwapi.dll profapi.dll uxtheme.dll msctf.dll,normal
 kernel32.dll kernelbase.dll lpk.dll msvcrt.dll msctf.dll ole32.dll rpcrt4.dll oleaut32.dll cryptbase.dll wow64.dll wow64win.dll kernel32.dll kernel32.dll user32.dll kernel32.dll kernelbase.dll winbrand.dll user32.dll gdi32.dll lpk.dll usp10.dll advapi32.dll sechost.dll sspicli.dll cryptbase.dll imm32.dll,normal
 ntdll.dll KernelBase.dll advapi32.dll sechost.dll rpcrt4.dll ole32.dll user32.dll lpk.dll imm32.dll msctf.dll wdscore.dll shell32.dll shlwapi.dll dbghelp.dll cryptbase.dll CbsCore.dll version.dll crypt32.dll ktmw32.dll dpx.dll dpx.dll wcp.dll devobj.dll mpr.dll wrpint.dll sqmapi.dll webio.dll winhttp.dll webio.dll RpcRtRemote.dll clbcatq.dll smipi.dll ntdll.dll wow64win.dll wow64cpu.dll kernel32.dll kernel32.dll KernelBase.dll winbrand.dll user32.dll lpk.dll advapi32.dll sechost.dll rpcrt4.dll sspicli.dll imm32.dll apphelp.dll,normal
 ntdll.dll wow64win.dll kernel32.dll user32.dll kernel32.dll advapi32.dll msvcrt.dll sechost.dll rpcrt4.dll sspicli.dll ws2_32.dll winnsi.dll dhcpcsvc.dll shlwapi.dll gdi32.dll user32.dll lpk.dll usp10.dll ole32.dll imm32.dll clbcatq.dll cryptsp.dll wevtapi.dll kernelbase.dll user32.dll lpk.dll usp10.dll msvcrt.dll uxtheme.dll imm32.dll msctf.dll advapi32.dll sechost.dll rpcrt4.dll windowscodecs.dll ole32.dll setupapi.dll oleaut32.dll devobj.dll wintrust.dll crypt32.dll msasn1.dll oleaut32.dll d3d10_1.dll,normal
 ntdll.dll ntdll.dll wow64.dll wow64cpu.dll kernel32.dll kernel32.dll user32.dll KernelBase.dll msvcrt.dll oleaut32.dll ole32.dll advapi32.dll sechost.dll sspicli.dll cryptbase.dll usp10.dll version.dll msctf.dll vbscript.dll crypt32.dll msasn1.dll msisip.dll wshext.dll shell32.dll scrrun.dll ntdll.dll KernelBase.dll user32.dll usp10.dll msvcrt.dll msctf.dll rpcrt4.dll ntdll.dll ntdll.dll wow64win.dll wow64cpu.dll kernel32.dll kernel32.dll kernel32.dll KernelBase.dll msvcrt.dll winbrand.dll user32.dll lpk.dll usp10.dll sechost.dll rpcrt4.dll msctf.dll apphelp.dll,normal
 bcp47langs.dll globinputhost.dll mssvp.dll mapi32.dll powrprof.dll idstore.dll provsvc.dll networkitemfactory.dll cscdll.dll dtsh.dll npmproxy.dll fdproxy.dll wcnapi.dll fdwnet.dll mapi32.dll winmm.dll devobj.dll,normal
 ntdll.dll wow64.dll wow64win.dll kernel32.dll kernel32.dll user32.dll kernelbase.dll msvcrt.dll advapi32.dll sechost.dll sspicli.dll cryptbase.dll version.dll user32.dll gdi32.dll lpk.dll shlwapi.dll msctf.dll iertutil.dll ieframe.dll api-ms-win-downlevel-user32-l1-1-0.dll oleaut32.dll comctl32.dll secur32.dll api-ms-win-downlevel-advapi32-l2-1-0.dll nsi.dll winhttp.dll mswsock.dll wship6.dll winnsi.dll api-ms-win-downlevel-normaliz-l1-1-0.dll cryptsp.dll rpcrtremote.dll sqmapi.dll normaliz.dll d2d1.dll dwrite.dll setupapi.dll cfgmgr32.dll devobj.dll crypt32.dll bcrypt.dll bcryptprimitives.dll vm3dum_10.dll winmm.dll vm3dum.dll d3d10level9.dll comdlg32.dll msimg32.dll comctl32.dll olepro32.dll api-ms-win-downlevel-ole32-l1-1-0.dll uxtheme.dll sxs.dll urlmon.dll wininet.dll mshtml.dll ieframe.dll dnsapi.dll wininet.dll mlang.dll lspweb.dll lspweb.dll ieapfltr.dll msctf.dll devobj.dll vm3dum_10.dll d3d10level9.dll setupapi.dll cfgmgr32.dll setupapi.dll cfgmgr32.dll oleacc.dll psapi.dll xmllite.dll wshqos.dll wshqos.dll credssp.dll ncrypt.dll gpapi.dll p2pcollab.dll cryptnet.dll sensapi.dll imagehlp.dll powrprof.dll setupapi.dll cfgmgr32.dll devobj.dll winmm.dll imgutil.dll msrating.dll msxml6.dll netutils.dll wkscli.dll dhcpcsvc6.dll ws2_32.dll kernel32.dll mfplat.dll mf.dll ksuser.dll uianimation.dll msxml3.dll netprofm.dll actxprxy.dll,normal
 msvcr120_clr0400.dll mscoree.dll mscoreei.dll version.dll clr.dll clr.dll wtsapi32.dll powrprof.dll msctf.dll ntdll.dll KernelBase.dll rpcrt4.dll shlwapi.dll user32.dll lpk.dll usp10.dll ole32.dll oleaut32.dll devobj.dll cryptbase.dll mscorsvc.dll msidle.dll ntdll.dll ntdll.dll wow64.dll kernel32.dll user32.dll kernel32.dll sechost.dll rpcrt4.dll sspicli.dll msvcr120_clr0400.dll mscoree.dll ole32.dll user32.dll lpk.dll usp10.dll oleaut32.dll imm32.dll msctf.dll cryptsp.dll rsaenh.dll RpcRtRemote.dll clbcatq.dll mscoreei.dll shlwapi.dll clrjit.dll Microsoft.Powershell.Commands.Utility.dll mscorlib.dll System.ni.dll System.dll System.Web.ni.dll System.Web.Extensions.dll System.Web.Extensions.dll System.Core.dll System.Core.dll System.Xml.ni.dll System.Xml.dll System.Drawing.ni.dll System.Drawing.dll System.Numerics.ni.dll System.Numerics.dll System.Numerics.dll Microsoft.JScript.dll Microsoft.JScript.dll Microsoft.JScript.dll System.Runtime.Serialization.ni.dll System.Runtime.Serialization.dll System.Runtime.Serialization.dll System.Security.dll System.Configuration.ni.dll System.Configuration.dll ntdll.dll wow64cpu.dll kernel32.dll kernel32.dll rpcrt4.dll mscoree.dll user32.dll lpk.dll msctf.dll RpcRtRemote.dll clbcatq.dll mscoreei.dll mscorwks.dll msvcr80.dll shlwapi.dll shell32.dll mscorlib.ni.dll mscorlib.dll mscorlib.dll version.dll System.Design.ni.dll System.Design.dll System.dll System.dll System.Data.ni.dll System.Data.dll ws2_32.dll nsi.dll System.Xml.ni.dll System.XML.dll System.XML.dll System.Drawing.ni.dll System.Drawing.dll System.Drawing.dll System.Drawing.dll System.Windows.Forms.ni.dll System.Windows.Forms.dll System.Windows.Forms.dll System.Windows.Forms.dll System.Windows.Forms.dll System.Drawing.Design.dll System.Web.ni.dll System.Web.dll System.Web.dll System.Web.dll System.configuration.dll System.configuration.dll System.configuration.dll System.Data.OracleClient.ni.dll System.Data.OracleClient.dll System.Data.OracleClient.dll System.Data.OracleClient.dll System.Data.OracleClient.dll System.Runtime.Serialization.Formatters.Soap.ni.dll System.Runtime.Serialization.Formatters.Soap.dll System.Runtime.Serialization.Formatters.Soap.dll Accessibility.dll Accessibility.dll Accessibility.dll System.Web.RegularExpressions.ni.dll System.Web.RegularExpressions.dll System.Web.RegularExpressions.dll System.Web.RegularExpressions.dll,normal
 ntdll.dll ntdll.dll wow64win.dll kernel32.dll user32.dll KernelBase.dll msvcrt.dll winbrand.dll gdi32.dll sechost.dll rpcrt4.dll sspicli.dll cryptbase.dll imm32.dll apphelp.dll,normal
 ntdll.dll ntdll.dll wow64cpu.dll kernel32.dll user32.dll kernelbase.dll python27.dll lpk.dll usp10.dll msvcrt.dll advapi32.dll sechost.dll cryptbase.dll shell32.dll shlwapi.dll msvcr90.dll msctf.dll,normal
 ntdll.dll,normal
 ntdll.dll ntdll.dll wow64cpu.dll kernel32.dll kernel32.dll user32.dll kernelbase.dll sechost.dll rpcrt4.dll cryptbase.dll dnsapi.dll ws2_32.dll shlwapi.dll gdi32.dll user32.dll lpk.dll usp10.dll imm32.dll msctf.dll clbcatq.dll cryptsp.dll rsaenh.dll wevtapi.dll,normal
 samlib.dll mpr.dll,normal
 ntdll.dll kernel32.dll kernelbase.dll msvcrt.dll imm32.dll rpcrt4.dll sspicli.dll kernel.appcore.dll cryptbase.dll bcryptprimitives.dll clbcatq.dll,normal
 ntdll.dll kernel32.dll advapi32.dll msvcrt.dll sechost.dll rpcrt4.dll user32.dll win32u.dll gdi32.dll gdi32full.dll ucrtbase.dll bcryptprimitives.dll windows.storage.dll shcore.dll ole32.dll imm32.dll oleaut32.dll msvcp_win.dll,normal
 ntdll.dll kernel32.dll kernelbase.dll conhostv1.dll msctf.dll oleaut32.dll combase.dll rpcrt4.dll,normal
 ntdll.dll,normal
 diagperf.dll diagperf.dll pnpts.dll pnpts.dll diagperf.dll diagperf.dll diagperf.dll pnpts.dll,normal
 ntdll.dll wow64win.dll wow64cpu.dll kernel32.dll kernel32.dll user32.dll kernel32.dll msvcrt.dll dnsapi.dll nsi.dll winnsi.dll dhcpcsvc.dll shell32.dll gdi32.dll lpk.dll usp10.dll ole32.dll imm32.dll msctf.dll oleaut32.dll cryptsp.dll rsaenh.dll wevtapi.dll ntdll.dll kernel32.dll KernelBase.dll advapi32.dll msvcrt.dll rpcrt4.dll lpk.dll usp10.dll shlwapi.dll dui70.dll msctf.dll ntdll.dll ntdll.dll wow64win.dll wow64cpu.dll kernel32.dll KernelBase.dll oleaut32.dll ole32.dll user32.dll advapi32.dll rpcrt4.dll sspicli.dll cryptbase.dll lpk.dll usp10.dll imm32.dll msctf.dll clbcatq.dll vbscript.dll wintrust.dll crypt32.dll cryptsp.dll msisip.dll shell32.dll scrobj.dll msi.dll scrrun.dll ntdll.dll KernelBase.dll msvcrt.dll rpcrt4.dll usp10.dll msimg32.dll wmsgapi.dll winmm.dll userenv.dll profapi.dll winsta.dll msctf.dll shlwapi.dll secur32.dll sspicli.dll shell32.dll cryptbase.dll cryptsp.dll bcrypt.dll bcryptprimitives.dll ncrypt.dll gpapi.dll SensApi.dll setupapi.dll cfgmgr32.dll oleaut32.dll devobj.dll cabinet.dll devrtl.dll clbcatq.dll urlmon.dll kernel32.dll KernelBase.dll user32.dll lpk.dll usp10.dll rpcrt4.dll msctf.dll cryptbase.dll advapi32.dll oleaut32.dll cryptsp.dll rsaenh.dll shlwapi.dll comctl32.dll ntdll.dll kernel32.dll KernelBase.dll gdi32.dll user32.dll usp10.dll msctf.dll rpcrt4.dll oleaut32.dll clbcatq.dll advapi32.dll sechost.dll,normal
 kernel32.dll KernelBase.dll advapi32.dll rpcrt4.dll gdi32.dll user32.dll lpk.dll winmm.dll dwmapi.dll ole32.dll oleacc.dll oleaut32.dll shlwapi.dll wmsgapi.dll duser.dll uxtheme.dll imm32.dll msctf.dll ntdll.dll ntdll.dll wow64.dll wow64win.dll kernel32.dll user32.dll KernelBase.dll winbrand.dll sechost.dll rpcrt4.dll cryptbase.dll imm32.dll,normal
 ntdll.dll ole32.dll oleaut32.dll shlwapi.dll shell32.dll KernelBase.dll gdi32.dll user32.dll lpk.dll usp10.dll GdiPlus.dll shell32.dll oleacc.dll duser.dll cryptbase.dll msctf.dll cryptsp.dll RpcRtRemote.dll wucltux.dll msimg32.dll slc.dll uxtheme.dll cabinet.dll WindowsCodecs.dll cfgmgr32.dll devobj.dll propsys.dll dui70.dll sxs.dll shdocvw.dll dui70.dll shdocvw.dll dui70.dll,normal
 ntdll.dll kernelbase.dll gdi32.dll lpk.dll usp10.dll imm32.dll msctf.dll ole32.dll oleaut32.dll cryptbase.dll advapi32.dll sechost.dll kernel32.dll kernelbase.dll msvcrt.dll sechost.dll rpcrt4.dll msvcr120_clr0400.dll ole32.dll gdi32.dll lpk.dll usp10.dll oleaut32.dll msctf.dll cryptbase.dll cryptsp.dll rpcrtremote.dll sxs.dll mscoreei.dll mscorlib.ni.dll system.ni.dll version.dll mscorlib.dll system.xml.ni.dll kernel32.dll kernelbase.dll advapi32.dll rpcrt4.dll msvcr120_clr0400.dll mscoree.dll ole32.dll user32.dll oleaut32.dll cryptsp.dll rsaenh.dll rpcrtremote.dll clbcatq.dll sxs.dll clr.dll system.ni.dll mscorlib.dll mscorlib.dll system.core.ni.dll system.web.dll system.xml.ni.dll system.runtime.serialization.formatters.soap.ni.dll system.directoryservices.ni.dll,normal
 ntdll.dll kernel32.dll kernelbase.dll msvcrt.dll oleaut32.dll tquery.dll tquery.dll shcore.dll imm32.dll sechost.dll rpcrt4.dll gdi32.dll shlwapi.dll kernel.appcore.dll kernel.appcore.dll cryptbase.dll cryptbase.dll bcryptprimitives.dll bcryptprimitives.dll msidle.dll clbcatq.dll cryptsp.dll rsaenh.dll bcrypt.dll bcrypt.dll mssprxy.dll mssph.dll mssph.dll,normal
 kernel32.dll kernelbase.dll msvcrt.dll combase.dll gdi32.dll gdi32full.dll user32.dll win32u.dll oleaut32.dll kernel.appcore.dll profapi.dll cfgmgr32.dll windows.storage.dll powrprof.dll shlwapi.dll clbcatq.dll msctf.dll shell32.dll,normal
 kernel32.dll KernelBase.dll gdi32.dll user32.dll usp10.dll msvcrt.dll imm32.dll msctf.dll oleaut32.dll cryptbase.dll sechost.dll ntdll.dll ntdll.dll kernel32.dll KernelBase.dll msvcrt.dll winbrand.dll user32.dll gdi32.dll advapi32.dll rpcrt4.dll sspicli.dll cryptbase.dll imm32.dll msctf.dll apphelp.dll,normal
 sendmail.dll mydocs.dll audiodev.dll,normal
 ntdll.dll ntdll.dll wow64.dll wow64win.dll kernel32.dll kernel32.dll wow64cpu.dll kernel32.dll oleaut32.dll msvcp_win.dll ucrtbase.dll combase.dll rpcrt4.dll sechost.dll user32.dll win32u.dll gdi32full.dll msvcr120_clr0400.dll mscoree.dll version.dll fusion.dll clbcatq.dll xmllite.dll,normal
 kernel32.dll kernelbase.dll msvcrt.dll sechost.dll rpcrt4.dll mscoree.dll ole32.dll gdi32.dll usp10.dll msctf.dll cryptbase.dll cryptsp.dll rsaenh.dll rpcrtremote.dll clbcatq.dll shlwapi.dll system.ni.dll mscorlib.dll system.drawing.ni.dll system.windows.forms.datavisualization.ni.dll system.windows.forms.ni.dll system.core.ni.dll system.data.ni.dll system.data.dll system.xml.ni.dll system.configuration.ni.dll,normal
 ntdll.dll kernel32.dll kernelbase.dll msvcrt.dll cmdext.dll,normal
 kernel32.dll kernelbase.dll advapi32.dll rpcrt4.dll wmsgapi.dll userenv.dll winsta.dll msasn1.dll msctfmonitor.dll comctl32.dll shlwapi.dll secur32.dll sspicli.dll shell32.dll cryptbase.dll uxtheme.dll cryptsp.dll rsaenh.dll imagehlp.dll bcryptprimitives.dll gpapi.dll wldap32.dll sensapi.dll version.dll urlmon.dll api-ms-win-downlevel-ole32-l1-1-0.dll api-ms-win-downlevel-shlwapi-l1-1-0.dll api-ms-win-downlevel-advapi32-l1-1-0.dll api-ms-win-downlevel-user32-l1-1-0.dll api-ms-win-downlevel-version-l1-1-0.dll api-ms-win-downlevel-normaliz-l1-1-0.dll normaliz.dll iertutil.dll wininet.dll ntdll.dll wow64.dll wow64win.dll wow64cpu.dll kernel32.dll kernel32.dll user32.dll kernel32.dll kernelbase.dll msvcrt.dll user32.dll lpk.dll rpcrt4.dll cryptbase.dll apphelp.dll,normal
 kernel32.dll KernelBase.dll msvcrt.dll lpk.dll usp10.dll ole32.dll rpcrt4.dll shlwapi.dll imm32.dll version.dll sechost.dll clbcatq.dll taskschd.dll sspicli.dll,normal
 kernel32.dll KernelBase.dll msvcrt.dll sechost.dll msvcr120_clr0400.dll ole32.dll lpk.dll imm32.dll msctf.dll cryptbase.dll rsaenh.dll RpcRtRemote.dll clbcatq.dll sxs.dll shell32.dll profapi.dll mscorjit.dll mscorlib.dll version.dll mscorlib.dll mscorlib.dll mscorsec.dll wintrust.dll crypt32.dll msasn1.dll comctl32.dll riched20.dll imagehlp.dll ncrypt.dll bcrypt.dll gpapi.dll cryptnet.dll Wldap32.dll System.ni.dll System.AddIn.ni.dll Microsoft.VisualStudio.Tools.Office.AddInAdapter.v9.0.ni.dll System.ni.dll System.AddIn.ni.dll Microsoft.VisualStudio.Tools.Applications.AddInAdapter.v9.0.ni.dll System.ni.dll System.AddIn.ni.dll System.AddIn.Contract.ni.dll Microsoft.VisualStudio.Tools.Office.Excel.AddInAdapter.v9.0.ni.dll Microsoft.VisualStudio.Tools.Office.Excel.AddInAdapter.v9.0.ni.dll Microsoft.VisualStudio.Tools.Office.Excel.AddInAdapter.v9.0.ni.dll ntdll.dll ntdll.dll kernel32.dll kernel32.dll user32.dll kernel32.dll KernelBase.dll msvcrt.dll cryptbase.dll msvcr120_clr0400.dll mscoree.dll ole32.dll lpk.dll oleaut32.dll msctf.dll cryptsp.dll clbcatq.dll mscoreei.dll mscorwks.dll shlwapi.dll shell32.dll profapi.dll mscorlib.ni.dll mscorjit.dll mscorlib.dll version.dll mscorlib.dll System.Data.Entity.dll System.Data.Entity.dll System.Core.dll System.Core.dll System.Core.dll System.dll System.dll System.dll System.Data.dll nsi.dll crypt32.dll System.XML.dll System.Transactions.ni.dll System.Transactions.dll System.Transactions.dll System.Transactions.dll System.Runtime.Serialization.ni.dll System.Runtime.Serialization.dll System.Runtime.Serialization.dll System.Runtime.Serialization.dll System.Runtime.Serialization.dll System.configuration.dll System.Security.dll System.Security.dll System.Data.SqlXml.dll System.Data.SqlXml.dll System.Data.SqlXml.dll System.EnterpriseServices.ni.dll System.EnterpriseServices.dll System.DirectoryServices.ni.dll System.DirectoryServices.dll System.DirectoryServices.dll System.DirectoryServices.dll System.DirectoryServices.dll System.Runtime.Remoting.dll System.Runtime.Remoting.dll System.Web.ni.dll System.Web.dll System.Web.dll System.Web.dll System.Runtime.Serialization.Formatters.Soap.dll System.Drawing.ni.dll System.Drawing.dll System.Drawing.dll System.Web.Services.ni.dll System.Web.Services.dll System.Web.Services.dll System.Web.Services.dll System.DirectoryServices.Protocols.ni.dll System.DirectoryServices.Protocols.dll System.DirectoryServices.Protocols.dll System.DirectoryServices.Protocols.dll System.Design.dll System.ServiceProcess.dll System.ServiceProcess.dll System.Windows.Forms.ni.dll System.Windows.Forms.dll System.Web.RegularExpressions.ni.dll System.Web.RegularExpressions.dll System.Drawing.Design.dll System.Data.OracleClient.ni.dll System.Data.OracleClient.dll System.Data.OracleClient.dll System.Data.OracleClient.dll Accessibility.ni.dll Accessibility.dll Accessibility.dll System.Deployment.ni.dll System.Deployment.dll System.Deployment.dll System.Configuration.Install.ni.dll System.Configuration.Install.dll System.Configuration.Install.dll SMDiagnostics.ni.dll SMdiagnostics.dll SMdiagnostics.dll SMdiagnostics.dll ntdll.dll ntdll.dll wow64win.dll wow64cpu.dll kernel32.dll kernel32.dll kernel32.dll KernelBase.dll advapi32.dll sechost.dll rpcrt4.dll ole32.dll gdi32.dll user32.dll oleaut32.dll msctf.dll cryptsp.dll rsaenh.dll sxs.dll mscoreei.dll mscorlib.ni.dll clrjit.dll System.ni.dll version.dll AspNetMMCExt.ni.dll mscorlib.dll System.dll System.Drawing.ni.dll System.Drawing.dll System.Windows.Forms.dll System.Web.ni.dll System.Core.dll System.Configuration.dll System.Xml.ni.dll System.Xml.dll,normal
 ntdll.dll ntdll.dll kernel32.dll kernelbase.dll rpcrt4.dll rpcrt4.dll ucrtbase.dll bcryptprimitives.dll kernel.appcore.dll kernel.appcore.dll msvcrt.dll win32u.dll gdi32full.dll wldp.dll msasn1.dll msasn1.dll wintrust.dll advapi32.dll powrprof.dll wtsapi32.dll wtsapi32.dll winsta.dll winsta.dll wdi.dll wdi.dll radardt.dll,normal
 kernel32.dll user32.dll gdi32.dll msvcrt.dll shlwapi.dll rpcrt4.dll msctf.dll comctl32.dll advapi32.dll cryptbase.dll dsrole.dll samcli.dll samlib.dll clbcatq.dll netplwiz.dll imecfm.dll version.dll netutils.dll,normal
 ntdll.dll wow64.dll wow64win.dll wow64cpu.dll kernel32.dll kernel32.dll kernel32.dll kernel32.dll kernelbase.dll msvcrt.dll rpcrt4.dll sspicli.dll gdi32.dll lpk.dll usp10.dll shlwapi.dll shell32.dll ole32.dll crypt32.dll msctf.dll urlmon.dll comctl32.dll ws2_32.dll nsi.dll dnsapi.dll clbcatq.dll nlaapi.dll rsaenh.dll wininet.dll sensapi.dll nlaapi.dll napinsp.dll mswsock.dll winrnr.dll uxtheme.dll netprofm.dll propsys.dll setupapi.dll npmproxy.dll cfgmgr32.dll ole32.dll ole32.dll msctf.dll msctf.dll ntmarta.dll wldap32.dll ieframe.dll rasman.dll rtutils.dll shell32.dll wship6.dll url.dll duser.dll dui70.dll msfeeds.dll mlang.dll wsock32.dll msxml3.dll,normal
 kernel32.dll gdi32.dll lpk.dll imm32.dll msctf.dll clbcatq.dll advapi32.dll ntdll.dll kernel32.dll KernelBase.dll advapi32.dll msvcrt.dll sechost.dll rpcrt4.dll ole32.dll user32.dll lpk.dll cryptsp.dll rsaenh.dll clbcatq.dll sxs.dll profapi.dll mscorlib.ni.dll mscorjit.dll mscorlib.dll version.dll mscorlib.dll System.ni.dll System.Management.Automation.ni.dll System.Transactions.ni.dll System.Transactions.dll System.Transactions.dll System.Transactions.dll Microsoft.Windows.Diagnosis.SDHost.ni.dll System.Data.ni.dll System.Data.dll System.Data.dll System.Data.dll ws2_32.dll crypt32.dll msasn1.dll System.Security.ni.dll System.Data.SqlXml.ni.dll System.Drawing.ni.dll System.Windows.Forms.ni.dll System.EnterpriseServices.ni.dll System.EnterpriseServices.dll System.EnterpriseServices.dll System.Runtime.Remoting.ni.dll System.Web.ni.dll System.Web.Services.ni.dll System.DirectoryServices.Protocols.ni.dll System.Design.ni.dll System.ServiceProcess.ni.dll System.Web.RegularExpressions.ni.dll System.Data.OracleClient.ni.dll System.Data.OracleClient.dll System.Data.OracleClient.dll System.Data.OracleClient.dll Microsoft.JScript.ni.dll Microsoft.Vsa.ni.dll Microsoft.Windows.Diagnosis.Commands.WriteDiagProgress.ni.dll ntdll.dll kernel32.dll KernelBase.dll advapi32.dll msvcrt.dll rpcrt4.dll mscoree.dll gdi32.dll user32.dll msctf.dll rsaenh.dll sxs.dll mscoreei.dll shlwapi.dll mscorlib.ni.dll version.dll mscorlib.dll mscorlib.dll System.ni.dll Microsoft.Office.Tools.v4.0.Framework.ni.dll ntdll.dll kernel32.dll kernel32.dll user32.dll KernelBase.dll advapi32.dll msvcrt.dll sechost.dll rpcrt4.dll sspicli.dll msvcr120_clr0400.dll ole32.dll gdi32.dll user32.dll lpk.dll usp10.dll oleaut32.dll msctf.dll rsaenh.dll RpcRtRemote.dll mscoreei.dll mscorwks.dll shlwapi.dll mscorlib.dll version.dll mscorlib.dll mscorlib.dll System.ni.dll System.Xml.ni.dll System.XML.dll System.XML.dll System.dll System.dll System.dll System.Configuration.ni.dll System.configuration.dll System.configuration.dll System.configuration.dll System.configuration.dll System.Data.SqlXml.ni.dll System.Data.SqlXml.dll System.Data.SqlXml.dll System.Data.SqlXml.dll System.Data.SqlXml.dll,normal
 ntdll.dll kernel32.dll kernelbase.dll advapi32.dll rpcrt4.dll winnsi.dll imm32.dll msctf.dll nsi.dll ws2_32.dll mswsock.dll,normal
 fltlib.dll bcd.dll msi.dll storageusage.dll storsvc.dll unistore.dll mpr.dll wtsapi32.dll,normal
 ntdll.dll wow64win.dll wow64cpu.dll kernel32.dll kernel32.dll kernel32.dll advapi32.dll msvcrt.dll sechost.dll sspicli.dll dnsapi.dll winnsi.dll dhcpcsvc.dll lpk.dll usp10.dll ole32.dll imm32.dll clbcatq.dll rsaenh.dll rpcrtremote.dll ntdll.dll ntdll.dll wow64win.dll wow64cpu.dll kernel32.dll kernel32.dll kernel32.dll user32.dll kernelbase.dll advapi32.dll sechost.dll rpcrt4.dll sspicli.dll dnsapi.dll ws2_32.dll nsi.dll winnsi.dll dhcpcsvc6.dll shlwapi.dll gdi32.dll user32.dll lpk.dll usp10.dll ole32.dll rpcrtremote.dll ntdll.dll wow64.dll wow64cpu.dll kernel32.dll advapi32.dll msvcrt.dll sechost.dll rpcrt4.dll dhcpcsvc6.dll shell32.dll shlwapi.dll gdi32.dll user32.dll usp10.dll imm32.dll msctf.dll clbcatq.dll cryptsp.dll rsaenh.dll rpcrtremote.dll wevtapi.dll ntdll.dll wow64.dll wow64cpu.dll kernel32.dll kernel32.dll user32.dll kernel32.dll kernelbase.dll msvcrt.dll sechost.dll rpcrt4.dll sspicli.dll cryptbase.dll dnsapi.dll ws2_32.dll nsi.dll winnsi.dll dhcpcsvc.dll shell32.dll shlwapi.dll lpk.dll usp10.dll imm32.dll rsaenh.dll rpcrtremote.dll wevtapi.dll,normal
 ntdll.dll wow64cpu.dll kernel32.dll kernel32.dll kernel32.dll advapi32.dll msvcrt.dll sechost.dll cryptbase.dll dnsapi.dll ws2_32.dll winnsi.dll dhcpcsvc.dll dhcpcsvc6.dll gdi32.dll user32.dll lpk.dll usp10.dll ole32.dll imm32.dll msctf.dll clbcatq.dll oleaut32.dll wevtapi.dll ntdll.dll ntdll.dll wow64.dll kernel32.dll kernel32.dll user32.dll KernelBase.dll advapi32.dll msvcrt.dll rpcrt4.dll dnsapi.dll winnsi.dll dhcpcsvc.dll shell32.dll shlwapi.dll user32.dll lpk.dll ole32.dll msctf.dll oleaut32.dll RpcRtRemote.dll wevtapi.dll,normal
 ntdll.dll kernel32.dll user32.dll ntdll.dll wow64cpu.dll kernel32.dll kernelbase.dll oleaut32.dll msvcrt.dll user32.dll advapi32.dll sechost.dll sspicli.dll cryptbase.dll lpk.dll shell32.dll msctf.dll dnsapi.dll cryptsp.dll rsaenh.dll winnsi.dll dhcpcsvc.dll rpcrtremote.dll,normal
 ntdll.dll gdi32.dll user32.dll lpk.dll msvcrt.dll imm32.dll ole32.dll rpcrt4.dll oleaut32.dll cryptbase.dll advapi32.dll shell32.dll comctl32.dll oleacc.dll imecfm.dll,normal
 wow64.dll kernel32.dll kernel32.dll kernel32.dll KernelBase.dll advapi32.dll sechost.dll sspicli.dll cryptbase.dll oleaut32.dll ole32.dll gdi32.dll user32.dll lpk.dll wevtapi.dll imm32.dll msctf.dll comctl32.dll ntdll.dll wow64.dll kernel32.dll sechost.dll cryptbase.dll usp10.dll shlwapi.dll shell32.dll urlmon.dll wininet.dll crypt32.dll msasn1.dll imm32.dll msctf.dll ieframe.dll psapi.dll comctl32.dll clbcatq.dll propsys.dll profapi.dll cfgmgr32.dll devobj.dll sqmapi.dll ws2_32.dll nsi.dll winnsi.dll cryptsp.dll rsaenh.dll ieframe.dll KernelBase.dll ntmarta.dll Wldap32.dll msvcrt.dll sxs.dll lpk.dll IEShims.dll ieproxy.dll comctl32.dll imecfm.dll mshtml.dll dwmapi.dll msimtf.dll ole32.dll msctf.dll shell32.dll imagehlp.dll,normal
 kernel32.dll kernelbase.dll advapi32.dll msvcrt.dll sechost.dll user32.dll gdi32.dll lpk.dll usp10.dll mpr.dll oleaut32.dll secur32.dll sspicli.dll netutils.dll srvcli.dll wkscli.dll logoncli.dll version.dll imm32.dll msctf.dll cryptbase.dll clbcatq.dll wbemcomn.dll gdi32.dll lpk.dll imm32.dll rpcrt4.dll cryptbase.dll clbcatq.dll advapi32.dll sechost.dll,normal
 ntdll.dll wow64cpu.dll kernel32.dll kernel32.dll kernel32.dll user32.dll kernel32.dll kernelbase.dll oleaut32.dll gdi32.dll advapi32.dll sechost.dll rpcrt4.dll sspicli.dll cryptbase.dll lpk.dll usp10.dll version.dll clbcatq.dll advapi32.dll wintrust.dll cryptsp.dll msisip.dll wshext.dll comctl32.dll shlwapi.dll scrobj.dll scrrun.dll ntdll.dll kernel32.dll gdi32.dll user32.dll lpk.dll usp10.dll imm32.dll msctf.dll ole32.dll ntdll.dll wow64cpu.dll user32.dll kernel32.dll msvcrt.dll winbrand.dll user32.dll lpk.dll usp10.dll advapi32.dll sechost.dll apphelp.dll,normal
 ntdll.dll ntdll.dll wow64win.dll kernel32.dll user32.dll kernel32.dll msvcrt.dll winbrand.dll user32.dll lpk.dll usp10.dll sechost.dll rpcrt4.dll sspicli.dll imm32.dll,normal
 ntdll.dll kernel32.dll KernelBase.dll user32.dll imm32.dll ole32.dll rpcrt4.dll oleaut32.dll cryptbase.dll clbcatq.dll sechost.dll,normal
 kernel32.dll KernelBase.dll user32.dll gdi32.dll msvcrt.dll shlwapi.dll shell32.dll mpr.dll msctf.dll comctl32.dll uxtheme.dll dwmapi.dll sechost.dll cryptbase.dll samcli.dll msswch.dll winmm.dll oleaut32.dll,normal
 taskschd.dll xmllite.dll xmllite.dll netprofm.dll npmproxy.dll taskschd.dll,normal
 kernel32.dll gdi32.dll user32.dll lpk.dll usp10.dll ole32.dll ntdll.dll wow64.dll wow64cpu.dll kernel32.dll kernel32.dll user32.dll KernelBase.dll advapi32.dll msvcrt.dll rpcrt4.dll sspicli.dll shlwapi.dll gdi32.dll ole32.dll msctf.dll clbcatq.dll cryptsp.dll rsaenh.dll dnsapi.dll RpcRtRemote.dll nsi.dll winnsi.dll dhcpcsvc.dll dhcpcsvc6.dll shell32.dll,normal
 wow64win.dll kernel32.dll kernel32.dll msvcrt.dll user32.dll gdi32.dll lpk.dll usp10.dll advapi32.dll sechost.dll rpcrt4.dll sspicli.dll imm32.dll msctf.dll apphelp.dll,normal
 ntdll.dll KernelBase.dll advapi32.dll sechost.dll rpcrt4.dll shlwapi.dll gdi32.dll usp10.dll imm32.dll,normal
 ntdll.dll ntdll.dll wow64win.dll kernel32.dll kernel32.dll kernelbase.dll msvcrt.dll sechost.dll rpcrt4.dll sspicli.dll cryptbase.dll dnsapi.dll ws2_32.dll nsi.dll dhcpcsvc.dll shlwapi.dll user32.dll imm32.dll msctf.dll clbcatq.dll oleaut32.dll wevtapi.dll ntdll.dll wow64.dll wow64win.dll wow64cpu.dll kernel32.dll kernel32.dll kernel32.dll user32.dll kernel32.dll msvcrt.dll user32.dll lpk.dll advapi32.dll cryptbase.dll msctf.dll apphelp.dll,normal
 kernel32.dll msvcrt.dll rpcrt4.dll msvcr120_clr0400.dll ole32.dll user32.dll lpk.dll usp10.dll oleaut32.dll msctf.dll cryptbase.dll rsaenh.dll clbcatq.dll mscoreei.dll mscorwks.dll msvcr80.dll shlwapi.dll profapi.dll mscorlib.ni.dll mscorjit.dll mscorlib.dll version.dll mscorlib.dll mscorlib.dll Microsoft.Build.Utilities.ni.dll Microsoft.Build.Framework.ni.dll System.Security.ni.dll,normal
 ntdll.dll ntdll.dll wow64cpu.dll kernel32.dll kernel32.dll user32.dll kernel32.dll KernelBase.dll rpcrt4.dll cryptbase.dll msvcr120_clr0400.dll mscoree.dll ole32.dll gdi32.dll user32.dll lpk.dll usp10.dll rsaenh.dll RpcRtRemote.dll clbcatq.dll clr.dll shlwapi.dll mscorlib.ni.dll clrjit.dll version.dll mscorlib.dll System.ni.dll System.Core.ni.dll Microsoft.Management.Infrastructure.ni.dll Microsoft.Management.Infrastructure.dll Microsoft.Management.Infrastructure.dll System.Management.Automation.dll System.Management.Automation.dll Microsoft.Management.Infrastructure.Native.dll System.Core.dll ntdll.dll KernelBase.dll gdi32.dll lpk.dll usp10.dll rpcrt4.dll msctf.dll cryptbase.dll clbcatq.dll sechost.dll oleaut32.dll cryptsp.dll rsaenh.dll shacct.dll shlwapi.dll IDStore.dll ntdll.dll KernelBase.dll ole32.dll lpk.dll usp10.dll rpcrt4.dll cryptbase.dll advapi32.dll sechost.dll oleaut32.dll crypt32.dll comctl32.dll uxtheme.dll dui70.dll hid.dll MMDevAPI.dll setupapi.dll devobj.dll dwmapi.dll winbrand.dll VaultCredProvider.dll winsta.dll secur32.dll sspicli.dll winbio.dll credui.dll vaultcli.dll netapi32.dll netutils.dll srvcli.dll rasplap.dll rasapi32.dll nsi.dll rtutils.dll UIAutomationCore.dll psapi.dll samcli.dll cryptsp.dll rsaenh.dll shell32.dll,normal
 ntdll.dll ntdll.dll wow64.dll wow64win.dll kernel32.dll kernel32.dll kernel32.dll kernel32.dll KernelBase.dll rpcrt4.dll cryptbase.dll ole32.dll user32.dll oleaut32.dll rsaenh.dll RpcRtRemote.dll mscoreei.dll shlwapi.dll mscorlib.ni.dll Microsoft.PowerShell.Utility.Activities.dll version.dll mscorlib.dll Microsoft.Powershell.Workflow.ServiceCore.dll Microsoft.Powershell.Workflow.ServiceCore.dll System.ni.dll System.Core.ni.dll System.Activities.dll System.Activities.dll System.Activities.dll System.Management.Automation.dll System.Management.Automation.dll System.Core.dll System.Core.dll System.Core.dll System.Management.dll Microsoft.PowerShell.Commands.Utility.ni.dll Microsoft.Powershell.Commands.Utility.dll Microsoft.Powershell.Commands.Utility.dll System.Xml.ni.dll System.Xml.dll System.Xml.dll System.Xml.dll System.Xml.dll System.Xml.dll System.ServiceModel.Internals.ni.dll System.ServiceModel.Internals.dll System.ServiceModel.Internals.dll System.ServiceModel.Internals.dll System.ServiceModel.Internals.dll System.Transactions.ni.dll System.Transactions.dll System.Transactions.dll System.Transactions.dll System.Transactions.dll System.Transactions.dll ntdll.dll kernel32.dll KernelBase.dll user32.dll lpk.dll usp10.dll msvcrt.dll imm32.dll msctf.dll ole32.dll advapi32.dll,normal
 secur32.dll wldap32.dll,normal
 ntdll.dll kernelbase.dll combase.dll ucrtbase.dll oleaut32.dll msvcp_win.dll kernel.appcore.dll sechost.dll dismcoreps.dll advapi32.dll api-ms-win-base-util-l1-1-0.dll api-ms-win-core-com-l1-1-0.dll api-ms-win-core-datetime-l1-1-1.dll api-ms-win-core-debug-l1-1-0.dll api-ms-win-core-errorhandling-l1-1-0.dll api-ms-win-core-errorhandling-l1-1-1.dll api-ms-win-core-file-l1-1-0.dll api-ms-win-core-file-l1-2-1.dll api-ms-win-core-file-l2-1-0.dll api-ms-win-core-file-l2-1-1.dll api-ms-win-core-handle-l1-1-0.dll api-ms-win-core-heap-l1-1-0.dll logprovider.dll api-ms-win-core-interlocked-l1-1-0.dll dbghelp.dll dbgcore.dll api-ms-win-core-io-l1-1-1.dll api-ms-win-core-kernel32-legacy-l1-1-0.dll api-ms-win-core-kernel32-private-l1-1-0.dll api-ms-win-core-kernel32-private-l1-1-1.dll api-ms-win-core-libraryloader-l1-1-0.dll api-ms-win-core-libraryloader-l1-1-1.dll api-ms-win-core-localization-obsolete-l1-2-0.dll ssshim.dll api-ms-win-base-util-l1-1-0.dll api-ms-win-core-console-l1-1-0.dll api-ms-win-core-datetime-l1-1-1.dll api-ms-win-core-debug-l1-1-0.dll api-ms-win-core-debug-l1-1-1.dll api-ms-win-core-delayload-l1-1-0.dll api-ms-win-core-errorhandling-l1-1-1.dll api-ms-win-core-memory-l1-1-0.dll api-ms-win-core-file-l1-2-0.dll api-ms-win-core-file-l1-2-1.dll api-ms-win-core-file-l2-1-0.dll api-ms-win-core-file-l2-1-1.dll api-ms-win-core-kernel32-legacy-l1-1-1.dll api-ms-win-core-kernel32-private-l1-1-0.dll api-ms-win-core-kernel32-private-l1-1-1.dll api-ms-win-core-libraryloader-l1-1-0.dll api-ms-win-core-localization-obsolete-l1-2-0.dll api-ms-win-core-memory-l1-1-1.dll api-ms-win-core-memory-l1-1-2.dll api-ms-win-core-namedpipe-l1-1-0.dll api-ms-win-core-namedpipe-l1-1-0.dll api-ms-win-core-privateprofile-l1-1-0.dll api-ms-win-core-privateprofile-l1-1-1.dll api-ms-win-core-processenvironment-l1-1-0.dll api-ms-win-core-processenvironment-l1-2-0.dll api-ms-win-core-processenvironment-l1-2-0.dll api-ms-win-core-processthreads-l1-1-0.dll api-ms-win-core-processthreads-l1-1-0.dll api-ms-win-core-processthreads-l1-1-1.dll api-ms-win-core-processthreads-l1-1-2.dll api-ms-win-core-processthreads-l1-1-2.dll api-ms-win-core-processtopology-obsolete-l1-1-0.dll api-ms-win-core-profile-l1-1-0.dll api-ms-win-core-realtime-l1-1-0.dll api-ms-win-core-realtime-l1-1-0.dll api-ms-win-core-registry-l1-1-0.dll api-ms-win-core-registry-l1-1-0.dll api-ms-win-core-rtlsupport-l1-1-0.dll api-ms-win-core-shlwapi-legacy-l1-1-0.dll api-ms-win-core-shlwapi-obsolete-l1-1-0.dll api-ms-win-core-shutdown-l1-1-0.dll api-ms-win-core-shutdown-l1-1-0.dll api-ms-win-core-string-l1-1-0.dll api-ms-win-core-string-l1-1-0.dll api-ms-win-core-stringansi-l1-1-0.dll api-ms-win-core-stringansi-l1-1-0.dll api-ms-win-core-stringloader-l1-1-1.dll api-ms-win-core-synch-l1-1-0.dll api-ms-win-core-synch-l1-1-0.dll api-ms-win-core-sysinfo-l1-1-0.dll api-ms-win-core-sysinfo-l1-1-0.dll api-ms-win-core-sysinfo-l1-2-0.dll api-ms-win-core-sysinfo-l1-2-1.dll api-ms-win-core-sysinfo-l1-2-1.dll api-ms-win-core-threadpool-legacy-l1-1-0.dll api-ms-win-core-threadpool-private-l1-1-0.dll api-ms-win-core-timezone-l1-1-0.dll api-ms-win-core-timezone-l1-1-0.dll api-ms-win-core-url-l1-1-0.dll api-ms-win-core-url-l1-1-0.dll api-ms-win-core-version-l1-1-0.dll api-ms-win-core-wow64-l1-1-0.dll api-ms-win-core-xstate-l1-1-0.dll api-ms-win-core-xstate-l1-1-0.dll api-ms-win-core-xstate-l2-1-0.dll api-ms-win-core-xstate-l2-1-0.dll api-ms-win-devices-config-l1-1-0.dll api-ms-win-devices-config-l1-1-0.dll api-ms-win-eventing-classicprovider-l1-1-0.dll api-ms-win-eventing-consumer-l1-1-0.dll api-ms-win-eventing-consumer-l1-1-0.dll api-ms-win-eventing-legacy-l1-1-0.dll api-ms-win-eventing-provider-l1-1-0.dll api-ms-win-eventing-provider-l1-1-0.dll api-ms-win-security-base-l1-1-0.dll api-ms-win-security-base-l1-1-0.dll api-ms-win-security-cryptoapi-l1-1-0.dll api-ms-win-security-cryptoapi-l1-1-0.dll api-ms-win-security-lsalookup-l2-1-0.dll api-ms-win-security-lsalookup-l2-1-1.dll api-ms-win-security-lsapolicy-l1-1-0.dll api-ms-win-security-provider-l1-1-0.dll api-ms-win-security-provider-l1-1-0.dll api-ms-win-service-core-l1-1-0.dll api-ms-win-service-core-l1-1-1.dll api-ms-win-service-management-l1-1-0.dll api-ms-win-service-management-l1-1-0.dll api-ms-win-service-management-l2-1-0.dll api-ms-win-service-private-l1-1-0.dll api-ms-win-service-private-l1-1-0.dll api-ms-win-service-private-l1-1-1.dll api-ms-win-service-winsvc-l1-1-0.dll api-ms-win-base-util-l1-1-0.dll api-ms-win-core-com-l1-1-0.dll api-ms-win-core-comm-l1-1-0.dll api-ms-win-core-datetime-l1-1-0.dll api-ms-win-core-datetime-l1-1-1.dll api-ms-win-core-errorhandling-l1-1-1.dll api-ms-win-core-fibers-l1-1-1.dll api-ms-win-core-file-l1-2-0.dll api-ms-win-core-file-l1-2-1.dll api-ms-win-core-file-l2-1-0.dll api-ms-win-core-file-l2-1-1.dll api-ms-win-core-heap-obsolete-l1-1-0.dll api-ms-win-core-interlocked-l1-1-0.dll api-ms-win-core-io-l1-1-0.dll api-ms-win-core-io-l1-1-1.dll api-ms-win-core-kernel32-legacy-l1-1-1.dll api-ms-win-core-localization-l1-2-0.dll api-ms-win-core-localization-l1-2-1.dll api-ms-win-core-memory-l1-1-0.dll api-ms-win-core-memory-l1-1-1.dll api-ms-win-core-memory-l1-1-2.dll api-ms-win-core-privateprofile-l1-1-0.dll api-ms-win-core-privateprofile-l1-1-1.dll api-ms-win-core-processenvironment-l1-2-0.dll api-ms-win-core-processthreads-l1-1-1.dll api-ms-win-core-processtopology-obsolete-l1-1-0.dll api-ms-win-core-profile-l1-1-0.dll api-ms-win-core-realtime-l1-1-0.dll api-ms-win-core-registry-l2-1-0.dll api-ms-win-core-shlwapi-legacy-l1-1-0.dll api-ms-win-core-shlwapi-obsolete-l1-1-0.dll api-ms-win-core-string-l1-1-0.dll api-ms-win-core-string-l2-1-0.dll api-ms-win-core-string-obsolete-l1-1-0.dll api-ms-win-core-synch-l1-1-0.dll api-ms-win-core-sysinfo-l1-1-0.dll api-ms-win-core-sysinfo-l1-2-0.dll api-ms-win-core-sysinfo-l1-2-1.dll api-ms-win-core-threadpool-l1-2-0.dll api-ms-win-core-threadpool-private-l1-1-0.dll api-ms-win-core-timezone-l1-1-0.dll api-ms-win-core-util-l1-1-0.dll api-ms-win-core-wow64-l1-1-0.dll api-ms-win-devices-config-l1-1-0.dll api-ms-win-devices-config-l1-1-1.dll api-ms-win-eventing-consumer-l1-1-0.dll api-ms-win-eventing-controller-l1-1-0.dll api-ms-win-eventing-legacy-l1-1-0.dll api-ms-win-eventing-provider-l1-1-0.dll api-ms-win-security-base-l1-1-0.dll api-ms-win-security-cryptoapi-l1-1-0.dll api-ms-win-security-lsalookup-l2-1-0.dll api-ms-win-security-lsalookup-l2-1-1.dll api-ms-win-security-lsapolicy-l1-1-0.dll api-ms-win-security-provider-l1-1-0.dll api-ms-win-service-core-l1-1-1.dll api-ms-win-service-management-l1-1-0.dll api-ms-win-service-management-l2-1-0.dll api-ms-win-service-winsvc-l1-1-0.dll api-ms-win-base-util-l1-1-0.dll api-ms-win-core-comm-l1-1-0.dll api-ms-win-core-debug-l1-1-1.dll api-ms-win-core-delayload-l1-1-0.dll api-ms-win-core-errorhandling-l1-1-1.dll api-ms-win-core-file-l1-1-0.dll api-ms-win-core-file-l1-2-0.dll api-ms-win-core-file-l1-2-1.dll api-ms-win-core-file-l2-1-0.dll api-ms-win-core-handle-l1-1-0.dll api-ms-win-core-heap-l1-1-0.dll api-ms-win-core-heap-obsolete-l1-1-0.dll api-ms-win-core-io-l1-1-0.dll api-ms-win-core-io-l1-1-1.dll api-ms-win-core-kernel32-legacy-l1-1-0.dll api-ms-win-core-kernel32-legacy-l1-1-1.dll api-ms-win-core-kernel32-private-l1-1-0.dll api-ms-win-core-kernel32-private-l1-1-1.dll api-ms-win-core-libraryloader-l1-1-0.dll api-ms-win-core-libraryloader-l1-1-1.dll api-ms-win-core-localization-l1-2-0.dll api-ms-win-core-memory-l1-1-0.dll api-ms-win-core-namedpipe-l1-1-0.dll api-ms-win-core-processenvironment-l1-1-0.dll api-ms-win-core-processthreads-l1-1-0.dll api-ms-win-core-processthreads-l1-1-1.dll api-ms-win-core-processthreads-l1-1-2.dll api-ms-win-core-profile-l1-1-0.dll api-ms-win-core-registry-l1-1-0.dll api-ms-win-core-registry-l2-1-0.dll api-ms-win-core-shlwapi-obsolete-l1-1-0.dll api-ms-win-core-shutdown-l1-1-0.dll api-ms-win-core-string-l1-1-0.dll api-ms-win-core-string-l2-1-0.dll api-ms-win-core-string-obsolete-l1-1-0.dll api-ms-win-core-synch-l1-1-0.dll api-ms-win-core-sysinfo-l1-1-0.dll api-ms-win-core-sysinfo-l1-2-0.dll api-ms-win-core-sysinfo-l1-2-1.dll api-ms-win-core-threadpool-private-l1-1-0.dll api-ms-win-core-url-l1-1-0.dll api-ms-win-core-util-l1-1-0.dll api-ms-win-core-version-l1-1-0.dll api-ms-win-core-wow64-l1-1-0.dll api-ms-win-core-xstate-l1-1-0.dll api-ms-win-core-xstate-l2-1-0.dll api-ms-win-devices-config-l1-1-0.dll api-ms-win-devices-config-l1-1-1.dll api-ms-win-eventing-classicprovider-l1-1-0.dll api-ms-win-eventing-controller-l1-1-0.dll api-ms-win-eventing-legacy-l1-1-0.dll api-ms-win-security-lsalookup-l2-1-0.dll api-ms-win-security-lsalookup-l2-1-1.dll api-ms-win-service-core-l1-1-0.dll api-ms-win-service-core-l1-1-1.dll api-ms-win-service-management-l1-1-0.dll api-ms-win-service-management-l2-1-0.dll api-ms-win-service-private-l1-1-1.dll api-ms-win-service-winsvc-l1-1-0.dll api-ms-win-base-util-l1-1-0.dll api-ms-win-core-com-l1-1-0.dll api-ms-win-core-console-l1-1-0.dll api-ms-win-core-datetime-l1-1-1.dll api-ms-win-core-debug-l1-1-0.dll api-ms-win-core-errorhandling-l1-1-0.dll api-ms-win-core-errorhandling-l1-1-1.dll api-ms-win-core-fibers-l1-1-1.dll api-ms-win-core-file-l1-1-0.dll api-ms-win-core-file-l1-2-1.dll api-ms-win-core-heap-l1-1-0.dll api-ms-win-core-heap-obsolete-l1-1-0.dll api-ms-win-core-interlocked-l1-1-0.dll api-ms-win-core-io-l1-1-0.dll api-ms-win-core-kernel32-legacy-l1-1-0.dll api-ms-win-core-kernel32-legacy-l1-1-1.dll api-ms-win-core-kernel32-private-l1-1-1.dll api-ms-win-core-libraryloader-l1-1-0.dll api-ms-win-core-localization-l1-2-0.dll api-ms-win-core-localization-l1-2-1.dll api-ms-win-core-localization-obsolete-l1-2-0.dll api-ms-win-core-memory-l1-1-1.dll api-ms-win-core-namedpipe-l1-1-0.dll api-ms-win-core-privateprofile-l1-1-0.dll api-ms-win-core-privateprofile-l1-1-1.dll api-ms-win-core-processenvironment-l1-1-0.dll api-ms-win-core-processthreads-l1-1-0.dll api-ms-win-core-processthreads-l1-1-1.dll api-ms-win-core-processthreads-l1-1-2.dll api-ms-win-core-profile-l1-1-0.dll api-ms-win-core-realtime-l1-1-0.dll api-ms-win-core-rtlsupport-l1-1-0.dll api-ms-win-core-shlwapi-legacy-l1-1-0.dll api-ms-win-core-shlwapi-obsolete-l1-1-0.dll api-ms-win-core-string-l1-1-0.dll api-ms-win-core-string-l2-1-0.dll api-ms-win-core-string-obsolete-l1-1-0.dll api-ms-win-core-synch-l1-1-0.dll api-ms-win-core-synch-l1-2-0.dll api-ms-win-core-sysinfo-l1-1-0.dll api-ms-win-core-threadpool-legacy-l1-1-0.dll api-ms-win-core-timezone-l1-1-0.dll api-ms-win-core-version-l1-1-0.dll api-ms-win-core-wow64-l1-1-0.dll api-ms-win-core-xstate-l2-1-0.dll api-ms-win-eventing-classicprovider-l1-1-0.dll api-ms-win-eventing-consumer-l1-1-0.dll api-ms-win-eventing-provider-l1-1-0.dll api-ms-win-security-base-l1-1-0.dll api-ms-win-security-lsalookup-l2-1-0.dll api-ms-win-security-lsalookup-l2-1-1.dll api-ms-win-security-lsapolicy-l1-1-0.dll api-ms-win-security-provider-l1-1-0.dll api-ms-win-service-core-l1-1-0.dll api-ms-win-service-core-l1-1-1.dll api-ms-win-service-management-l2-1-0.dll api-ms-win-service-private-l1-1-0.dll api-ms-win-service-winsvc-l1-1-0.dll,normal
 wow64win.dll KernelBase.dll oleaut32.dll msvcrt.dll gdi32.dll rpcrt4.dll cryptbase.dll lpk.dll usp10.dll imm32.dll shlwapi.dll version.dll clbcatq.dll fusion.dll clr.dll msvcr120_clr0400.dll ntdll.dll user32.dll mscorsvc.dll ntdll.dll kernel32.dll user32.dll ntdll.dll wow64.dll wow64win.dll wow64cpu.dll KernelBase.dll ole32.dll msvcrt.dll gdi32.dll user32.dll advapi32.dll sechost.dll rpcrt4.dll sspicli.dll cryptbase.dll lpk.dll usp10.dll msimg32.dll shell32.dll shell32.dll shlwapi.dll wsock32.dll nsi.dll netapi32.dll srvcli.dll wkscli.dll msctf.dll mpr.dll comctl32.dll olepro32.dll pnrpnsp.dll winrnr.dll cryptsp.dll setupapi.dll cfgmgr32.dll devobj.dll profapi.dll dwmapi.dll propsys.dll ntmarta.dll cscapi.dll GdiPlus.dll WindowsCodecs.dll shdocvw.dll shdocvw.dll vcruntime140.dll ucrtbase.dll api-ms-win-core-timezone-l1-1-0.dll api-ms-win-core-file-l2-1-0.dll api-ms-win-core-synch-l1-2-0.dll api-ms-win-core-file-l1-2-0.dll api-ms-win-crt-string-l1-1-0.dll api-ms-win-crt-heap-l1-1-0.dll api-ms-win-crt-multibyte-l1-1-0.dll api-ms-win-crt-time-l1-1-0.dll api-ms-win-crt-filesystem-l1-1-0.dll api-ms-win-crt-utility-l1-1-0.dll EhStorShell.dll ntshrui.dll ntshrui.dll ntshrui.dll imageres.dll imageres.dll imageres.dll imageres.dll imageres.dll imageres.dll imageres.dll,normal
 ntdll.dll urlmon.dll psapi.dll imm32.dll kernel32.dll sechost.dll shlwapi.dll wininet.dllnormaliz.dll msctf.dll Wldap32.dll iertutil.dll ws2_32.dll oleaut32.dll advapi32.dll clbcatq.dll nsi.dll msvcrt.dll user32.dll api-ms-win-downlevel-normaliz-l1-1-0.dll crypt32.dll api-ms-win-downlevel-advapi32-l1-1-0.dll api-ms-win-downlevel-shlwapi-l1-1-0.dll KernelBase.dll userenv.dll msasn1.dll RpcRtRemote.dll winsta.dll sspicli.dll secur32.dll srvcli.dll cryptdll.dll bcrypt.dll sxs.dll netjoin.dll cryptsp.dll cryptsp.dll msv1_0.dll dnsapi.dll schannel.dll bcryptprimitives.dll netutils.dll credssp.dll gpapi.dll mscoreei.dll clr.dll msvcr120_clr0400.dll mscorlib.ni.dll clrjit.dll System.Configuration.ni.dll System.Xml.ni.dll nlssorting.dll System.ServiceProcess.ni.dll nlaapi.dll NapiNSP.dll pnrpnsp.dll winrnr.dll netapi32.dll wkscli.dll System.Data.dll SQLite.Interop.dll wtsapi32.dll System.Security.ni.dll System.EnterpriseServices.Wrapper.dll System.EnterpriseServices.Wrapper.dll System.EnterpriseServices.Wrapper.dll System.EnterpriseServices.Wrapper.dll winhttp.dll SensApi.dll atl.dll atl.dll dsrole.dll System.ServiceModel.ni.dll System.Runtime.Serialization.ni.dll System.ServiceModel.Internals.ni.dll System.Xml.Linq.ni.dll wshqos.dll wshqos.dll ntdsapi.dll wmiutils.dll wbemcomn2.dll wbemprox.dll System.DirectoryServices.ni.dll activeds.dll adsldpc.dll diasymreader.dll pdh.dll aspnet_counters.dll esentprf.dll Aspnet_perf.dll Aspnet_perf.dll msdtcuiu.dll mtxclu.dll clusapi.dll resutils.dll ktmw32.dll msscntrs.dll api-ms-win-crt-runtime-l1-1-0.dll ucrtbase.dll api-ms-win-core-file-l2-1-0.dll api-ms-win-core-localization-l1-2-0.dll api-ms-win-core-synch-l1-2-0.dll api-ms-win-core-processthreads-l1-1-1.dll api-ms-win-core-file-l1-2-0.dll api-ms-win-crt-string-l1-1-0.dll api-ms-win-crt-heap-l1-1-0.dll api-ms-win-crt-stdio-l1-1-0.dll api-ms-win-crt-convert-l1-1-0.dll api-ms-win-crt-math-l1-1-0.dll api-ms-win-crt-multibyte-l1-1-0.dll api-ms-win-crt-time-l1-1-0.dll api-ms-win-crt-filesystem-l1-1-0.dll api-ms-win-crt-environment-l1-1-0.dll GdiPlus.dll perfdisk.dll sysmain.dll devobj.dll rasctrs.dll perfctrs.dll utildll.dll samcli.dll WmiApRpl.dll loadperf.dll tquery.dll,normal
 ntdll.dll,normal
 ntdll.dll wow64.dll kernel32.dll kernel32.dll user32.dll kernelbase.dll winbrand.dll lpk.dll usp10.dll sechost.dll rpcrt4.dll cryptbase.dll imm32.dll msctf.dll apphelp.dll,normal
 ntdll.dll ntdll.dll wow64.dll wow64win.dll wow64cpu.dll kernel32.dll kernel32.dll kernel32.dll KernelBase.dll advapi32.dll msvcrt.dll rpcrt4.dll sspicli.dll dnsapi.dll nsi.dll dhcpcsvc6.dll shell32.dll gdi32.dll lpk.dll usp10.dll msctf.dll clbcatq.dll oleaut32.dll cryptsp.dll rsaenh.dll RpcRtRemote.dll wevtapi.dll kernel32.dll gdi32.dll user32.dll msvcrt.dll msctf.dll ole32.dll advapi32.dll KernelBase.dll user32.dll msctf.dll ole32.dll oleaut32.dll cryptbase.dll clbcatq.dll sechost.dll ntdll.dll wow64.dll wow64cpu.dll kernel32.dll user32.dll advapi32.dll sechost.dll rpcrt4.dll cryptbase.dll dnsapi.dll ws2_32.dll dhcpcsvc6.dll shell32.dll shlwapi.dll gdi32.dll user32.dll usp10.dll imm32.dll msctf.dll rsaenh.dll wevtapi.dll ntdll.dll KernelBase.dll user32.dll lpk.dll usp10.dll imm32.dll msctf.dll ole32.dll oleaut32.dll ntdll.dll kernel32.dll KernelBase.dll gdi32.dll user32.dll lpk.dll usp10.dll imm32.dll ole32.dll clbcatq.dll advapi32.dll sechost.dll,normal
 kernelbase.dll combase.dll bcryptprimitives.dll kernel.appcore.dll msvcrt.dll clbcatq.dll user32.dll gdi32.dll gdi32full.dll imm32.dll sechost.dll userenv.dll profapi.dll idstore.dll,normal
 ntdll.dll kernelbase.dll advapi32.dll msvcrt.dll user32.dll gdi32.dll lpk.dll usp10.dll tquery.dll cryptbase.dll mscoree.dll clbcatq.dll cryptsp.dll rsaenh.dll mscoreei.dll mssprxy.dll,normal
 kernel32.dll advapi32.dll msvcrt.dll sechost.dll rpcrt4.dll gdi32.dll lpk.dll ole32.dll oleaut32.dll secur32.dll sspicli.dll ws2_32.dll nsi.dll wkscli.dll framedynos.dll ntdsapi.dll version.dll slc.dll imm32.dll msctf.dll wbemcomn.dll,normal
 ntdll.dll kernelbase.dll sechost.dll rpcrt4.dll rpcrt4.dll nsi.dll nsi.dll ucrtbase.dll ucrtbase.dll ucrtbase.dll ucrtbase.dll vcruntime140.dll mswsock.dll,HTran
 ntdll.dll kernel32.dll kernelbase.dll ws2_32.dll ws2_32.dll rpcrt4.dll rpcrt4.dll nsi.dll vcruntime140.dll ucrtbase.dll mswsock.dll mswsock.dll,HTran
 ntdll.dll kernelbase.dll advapi32.dll sechost.dll user32.dll lpk.dll ole32.dll oleaut32.dll shlwapi.dll imm32.dll msctf.dll msshooks.dll mscoree.dll mscoreei.dll clbcatq.dll rsaenh.dll rpcrtremote.dll,normal
 ntdll.dll wow64.dll wow64win.dll wow64cpu.dll kernel32.dll kernel32.dll kernel32.dll kernel32.dll kernelbase.dll advapi32.dll sspicli.dll cryptbase.dll usp10.dll shlwapi.dll shell32.dll ole32.dll nsi.dll dnsapi.dll wininet.dll oleaut32.dll nlaapi.dll crypt32.dll msasn1.dll profapi.dll npmproxy.dll clbcatq.dll cryptsp.dll rsaenh.dll ntmarta.dll comdlg32.dll wship6.dll version.dll uxtheme.dll rasapi32.dll rasman.dll nlaapi.dll wshbth.dll apphelp.dll ieframe.dll url.dll ole32.dll propsys.dll setupapi.dll cfgmgr32.dll explorerframe.dll msfeeds.dll duser.dll sxs.dll normaliz.dll shell32.dll msxml3.dll mssprxy.dll naturallanguage6.dll nlslexicons0009.dll shell32.dll linkinfo.dll structuredquery.dll secur32.dll wevtapi.dll samlib.dll netutils.dll ntshrui.dll cscapi.dll slc.dll kernel32.dll gdi32.dll user32.dll lpk.dll usp10.dll rpcrt4.dll msctf.dll sechost.dll advapi32.dll clbcatq.dll racengn.dll wevtapi.dll aepic.dll sfc.dll sfc_os.dll version.dll profapi.dll sqlceqp30.dll dxgi.dll dwmapi.dll gdiplus.dll setupapi.dll cfgmgr32.dll devobj.dll wintrust.dll crypt32.dll msasn1.dll taskschd.dll sspicli.dll,normal
 sendmail.dll PlayToDevice.dll wpdshext.dll,normal
 ntdll.dll kernel32.dll gdi32.dll lpk.dll usp10.dll msvcrt.dll oleaut32.dll cryptbase.dll advapi32.dll ntdll.dll wow64.dll wow64win.dll wow64cpu.dll kernel32.dll advapi32.dll msvcrt.dll sechost.dll rpcrt4.dll sspicli.dll cryptbase.dll dnsapi.dll dhcpcsvc.dll shlwapi.dll user32.dll lpk.dll usp10.dll ole32.dll imm32.dll msctf.dll clbcatq.dll oleaut32.dll rsaenh.dll ntdll.dll kernelbase.dll user32.dll usp10.dll msvcrt.dll imm32.dll ole32.dll rpcrt4.dll oleaut32.dll ntdll.dll wow64.dll wow64cpu.dll kernel32.dll kernel32.dll kernelbase.dll msvcrt.dll oleaut32.dll ole32.dll gdi32.dll sechost.dll cryptbase.dll lpk.dll usp10.dll version.dll imm32.dll sxs.dll advapi32.dll wintrust.dll msasn1.dll cryptsp.dll rsaenh.dll shell32.dll msi.dll kernelbase.dll gdi32.dll lpk.dll usp10.dll msvcrt.dll imm32.dll msctf.dll oleaut32.dll clbcatq.dll advapi32.dll sechost.dll ntdll.dll ntdll.dll wow64win.dll wow64cpu.dll kernel32.dll kernel32.dll user32.dll msvcrt.dll rpcrt4.dll sspicli.dll cryptbase.dll nsi.dll winnsi.dll dhcpcsvc.dll shell32.dll gdi32.dll user32.dll usp10.dll ole32.dll msctf.dll clbcatq.dll oleaut32.dll cryptsp.dll wevtapi.dll wow64cpu.dll ntdll.dll advapi32.dll msvcrt.dll rpcrt4.dll cryptbase.dll gdi32.dll lpk.dll usp10.dll shell32.dll ole32.dll urlmon.dll oleaut32.dll crypt32.dll msasn1.dll imm32.dll msctf.dll ieframe.dll psapi.dll kernel32.dll profapi.dll ws2_32.dll nsi.dll winnsi.dll netprofm.dll nlaapi.dll rpcrtremote.dll comdlg32.dll ntmarta.dll apphelp.dll ieframe.dll rasapi32.dll rasman.dll rtutils.dll sensapi.dll nlaapi.dll msimg32.dll mswsock.dll wship6.dll ieproxy.dll uxtheme.dll version.dll xmllite.dll cfgmgr32.dll explorerframe.dll duser.dll ole32.dll comctl32.dll msctf.dll msctf.dll msfeeds.dll sxs.dll shell32.dll normaliz.dll shell32.dll lspwaoie.dll imagehlp.dll wsock32.dll msxml3.dll shell32.dll userenv.dll,normal
 ntdll.dll wow64.dll wow64win.dll kernel32.dll kernel32.dll user32.dll kernel32.dll kernelbase.dll msvcrt.dll sechost.dll rpcrt4.dll cryptbase.dll dnsapi.dll nsi.dll winnsi.dll dhcpcsvc6.dll shell32.dll lpk.dll ole32.dll imm32.dll clbcatq.dll oleaut32.dll cryptsp.dll rpcrtremote.dll ntdll.dll ntdll.dll wow64.dll kernel32.dll kernel32.dll kernel32.dll kernel32.dll kernelbase.dll advapi32.dll msvcrt.dll rpcrt4.dll sspicli.dll cryptbase.dll dnsapi.dll ws2_32.dll nsi.dll dhcpcsvc.dll dhcpcsvc6.dll gdi32.dll lpk.dll usp10.dll ole32.dll clbcatq.dll oleaut32.dll cryptsp.dll rsaenh.dll wow64cpu.dll kernel32.dll user32.dll kernel32.dll kernelbase.dll msvcrt.dll user32.dll lpk.dll advapi32.dll cryptbase.dll apphelp.dll,normal
 ntdll.dll kernel32.dll advapi32.dll msvcrt.dll sechost.dll rpcrt4.dll user32.dll lpk.dll usp10.dll winmm.dll GdiPlus.dll ole32.dll oleacc.dll oleaut32.dll shlwapi.dll duser.dll uxtheme.dll msctf.dll cryptbase.dll comctl32.dll xmllite.dll clbcatq.dll WindowsCodecs.dll,normal
 advapi32.dll msvcrt.dll sechost.dll oleaut32.dll ucrtbase.dll bcryptprimitives.dll ole32.dll gdi32.dll gdi32full.dll user32.dll crypt32.dll msasn1.dll wintrust.dll secur32.dll slc.dll bcrypt.dll sspicli.dll gpapi.dll,normal
 ntdll.dll advapi32.dll msvcrt.dll user32.dll gdi32.dll lpk.dll ole32.dll oleaut32.dll msctf.dll clbcatq.dll cryptsp.dll RpcRtRemote.dll uxtheme.dll shell32.dll shlwapi.dll,normal
 ntdll.dll kernelbase.dll gdi32.dll user32.dll msvcrt.dll imm32.dll msctf.dll rpcrt4.dll sspicli.dll cryptbase.dll bcryptprimitives.dll,normal
 ntdll.dll ntdll.dll wow64win.dll wow64cpu.dll kernel32.dll user32.dll gdi32.dll usp10.dll msvcrt.dll advapi32.dll sspicli.dll ws2_32.dll nsi.dll shlwapi.dll msctf.dll ntdll.dll ntdll.dll wow64.dll wow64cpu.dll kernel32.dll user32.dll kernelbase.dll advapi32.dll msvcrt.dll rpcrt4.dll sspicli.dll nsi.dll dhcpcsvc.dll dhcpcsvc6.dll shell32.dll gdi32.dll lpk.dll usp10.dll msctf.dll clbcatq.dll rsaenh.dll rpcrtremote.dll ntdll.dll wow64.dll wow64win.dll kernel32.dll kernel32.dll kernel32.dll kernel32.dll user32.dll lpk.dll usp10.dll advapi32.dll sechost.dll rpcrt4.dll sspicli.dll cryptbase.dll imm32.dll msctf.dll,normal
 ntdll.dll ntdll.dll kernelbase.dll kernelbase.dll msvcrt.dll combase.dll rpcrt4.dll bcryptprimitives.dll twinapi.appcore.dll sechost.dll sechost.dll rmclient.dll wintypes.dll wintypes.dll shcore.dll shcore.dll user32.dll win32u.dll msvcp_win.dll imm32.dll mrmcorer.dll profapi.dll onecoreuapcommonproxystub.dll windows.ui.dll windows.ui.dll inputhost.dll coremessaging.dll coremessaging.dll coreuicomponents.dll coreuicomponents.dll coreuicomponents.dll advapi32.dll languageoverlayutil.dll languageoverlayutil.dll uxtheme.dll biwinrt.dll slc.dll slc.dll wldp.dll crypt32.dll msasn1.dll wincorlib.dll wintrust.dll sppc.dll cdp.dll ws2_32.dll ws2_32.dll cfgmgr32.dll ncrypt.dll sspicli.dll ntasn1.dll windows.storage.applicationdata.dll windows.storage.applicationdata.dll msvcp110_win.dll winhttp.dll iphlpapi.dll threadpoolwinrt.dll threadpoolwinrt.dll windows.applicationmodel.background.timebroker.dll logoncli.dll windows.applicationmodel.background.systemeventsbroker.dll windows.applicationmodel.background.systemeventsbroker.dll,normal
 ntdll.dll ntdll.dll wow64.dll wow64win.dll wow64cpu.dll kernel32.dll kernel32.dll kernel32.dll KernelBase.dll msvcrt.dll usp10.dll rpcrt4.dll sspicli.dll cryptbase.dll msctf.dll,normal
 kernelbase.dll msvcrt.dll ole32.dll gdi32.dll user32.dll lpk.dll usp10.dll rpcrt4.dll imm32.dll msctf.dll clbcatq.dll oleaut32.dll cryptsp.dll rpcrtremote.dll shlwapi.dll userenv.dll profapi.dll,normal
 kernel32.dll gdi32.dll user32.dll lpk.dll usp10.dll imm32.dll msctf.dll ole32.dll rpcrt4.dll oleaut32.dll cryptbase.dll,normal
 kernelbase.dll advapi32.dll user32.dll msvcrt.dll ole32.dll wer.dll shell32.dll shlwapi.dll rpcrt4.dll gdi32.dll imm32.dll msctf.dll cryptbase.dll uxtheme.dll rsaenh.dll bcrypt.dll msctfp.dll,normal
 ntdll.dll kernelbase.dll advapi32.dll msvcrt.dll sechost.dll shell32.dll gdi32.dll lpk.dll usp10.dll msctf.dll cryptbase.dll oleaut32.dll clbcatq.dll ntmarta.dll wldap32.dll api-ms-win-downlevel-shlwapi-l1-1-0.dll api-ms-win-downlevel-user32-l1-1-0.dll version.dll api-ms-win-downlevel-normaliz-l1-1-0.dll normaliz.dll iertutil.dll sspicli.dll api-ms-win-downlevel-advapi32-l2-1-0.dll setupapi.dll devobj.dll comctl32.dll mpr.dll,normal
 aelupsvc.dll apphelp.dll,normal
 appxdeploymentclient.dll windows.applicationmodel.dll advpack.dll ddores.dll appxstreamingdatasourceps.dll,normal
 ntdll.dll kernel32.dll kernelbase.dll sechost.dll rpcrt4.dll rpcrt4.dll bcryptprimitives.dll msvcrt.dll user32.dll gdi32full.dll msvcp_win.dll appxdeploymentserver.dll shcore.dll shcore.dll oleaut32.dll staterepository.core.dll advapi32.dll filterlib.dll profapi.dll tdh.dll crypt32.dll mrmcorer.dll mrmdeploy.dll mintdh.dll mintdh.dll msasn1.dll msasn1.dll ntmarta.dll userenv.dll bcrypt.dll wer.dll wer.dll wldp.dll wldp.dll wintrust.dll wtsapi32.dll winsta.dll tdlmigration.dll msvcp110_win.dll msvcp110_win.dll esent.dll esent.dll clbcatq.dll windows.staterepositoryps.dll windows.staterepositoryps.dll,normal
 ntdll.dll kernelbase.dll user32.dll lpk.dll usp10.dll msvcrt.dll msctf.dll rpcrt4.dll oleaut32.dll cryptbase.dll clbcatq.dll ntdll.dll kernel32.dll kernelbase.dll gdi32.dll lpk.dll msctf.dll ole32.dll rpcrt4.dll clbcatq.dll advapi32.dll,normal
 ntdll.dll wow64cpu.dll kernel32.dll kernel32.dll kernel32.dll kernel32.dll KernelBase.dll advapi32.dll msvcrt.dll rpcrt4.dll sspicli.dll cryptbase.dll msvcr120_clr0400.dll ole32.dll gdi32.dll user32.dll usp10.dll imm32.dll cryptsp.dll rsaenh.dll RpcRtRemote.dll mscoreei.dll shlwapi.dll clrjit.dll Microsoft.Powershell.Workflow.ServiceCore.dll mscorlib.dll System.ni.dll System.Core.ni.dll System.Activities.ni.dll System.dll System.Management.Automation.dll System.Management.Automation.dll Microsoft.PowerShell.Management.Activities.dll System.ServiceProcess.ni.dll Microsoft.PowerShell.Activities.ni.dll System.Configuration.ni.dll System.Configuration.dll System.Xml.ni.dll System.Xml.dll,normal
 ntdll.dll kernel32.dll kernelbase.dll apphelp.dll bcryptprimitives.dll kernel.appcore.dll twinapi.appcore.dll msvcrt.dll rmclient.dll shcore.dll shcore.dll win32u.dll gdi32.dll ucrtbase.dll ucrtbase.dll profapi.dll textinputframework.dll inputhost.dll coreuicomponents.dll coreuicomponents.dll advapi32.dll advapi32.dll ntmarta.dll coremessaging.dll coremessaging.dll rpcrt4.dll rpcrt4.dll uxtheme.dll vcruntime140_app.dll vcruntime140_app.dll msvcp_win.dll vccorlib140_app.dll msvcp140_app.dll ws2_32.dll ncrypt.dll ncrypt.dll msasn1.dll msasn1.dll iphlpapi.dll bcrypt.dll bcrypt.dll sspicli.dll sspicli.dll ntasn1.dll msvcp110_win.dll msvcp110_win.dll ole32.dll dpapi.dll dpapi.dll mrt100.dll windows.storage.applicationdata.dll logoncli.dll windows.applicationmodel.dll windows.applicationmodel.dll windows.globalization.dll windows.globalization.dll bcp47lang.dll bcp47langs.dll usermgrproxy.dll appxdeploymentclient.dll appxdeploymentclient.dll iertutil.dll onecorecommonproxystub.dll onecorecommonproxystub.dll userenv.dll userenv.dll profext.dll cabinet.dll cabinet.dll winhttp.dll winhttp.dll cryptsp.dll cryptsp.dll webservices.dll webservices.dll windows.storage.dll shlwapi.dll powrprof.dll filterlib.dll fltlib.dll propsys.dll tokenbinding.dll tokenbinding.dll ondemandconnroutehelper.dll mswsock.dll fwbase.dll winnsi.dll winnsi.dll nsi.dll nsi.dll wintrust.dll rsaenh.dll rsaenh.dll cryptbase.dll urlmon.dll rasadhlp.dll rasadhlp.dll schannel.dll schannel.dll cryptnet.dll certenroll.dll dsparse.dll dsparse.dll mlang.dll dmcmnutils.dll sharedlibrary.dll normaliz.dll windows.system.profile.platformdiagnosticsandusagedatasettings.dll rometadata.dll winstore.preview.dll windows.security.authentication.web.core.dll windows.security.authentication.web.core.dll wininet.dll mskeyprotect.dll mskeyprotect.dll,normal
 kernel32.dll kernelbase.dll lpk.dll usp10.dll msvcrt.dll msctf.dll ole32.dll cryptbase.dll clbcatq.dll advapi32.dll wow64cpu.dll kernel32.dll kernel32.dll user32.dll sechost.dll sspicli.dll cryptbase.dll nsi.dll winnsi.dll dhcpcsvc.dll shell32.dll shlwapi.dll user32.dll usp10.dll ole32.dll imm32.dll clbcatq.dll oleaut32.dll cryptsp.dll wevtapi.dll ntdll.dll advapi32.dll sechost.dll kernelbase.dll msvcrt.dll shlwapi.dll user32.dll gdi32.dll lpk.dll usp10.dll imm32.dll msctf.dll ntdll.dll ntdll.dll kernel32.dll kernel32.dll kernel32.dll user32.dll kernelbase.dll advapi32.dll sspicli.dll cryptbase.dll gdi32.dll user32.dll lpk.dll usp10.dll wevtapi.dll imm32.dll msctf.dll comctl32.dll,normal
 wow64.dll wow64win.dll kernel32.dll user32.dll kernel32.dll KernelBase.dll msvcrt.dll winbrand.dll gdi32.dll usp10.dll advapi32.dll sechost.dll rpcrt4.dll cryptbase.dll msctf.dll,normal
 KernelBase.dll combase.dll bcryptprimitives.dll kernel.appcore.dll msvcrt.dll clbcatq.dll user32.dll win32u.dll gdi32full.dll sechost.dll IDStore.dll userenv.dll,normal
 scecli.dll auditcse.dll,normal
 ntdll.dll ntdll.dll kernel32.dll msvcrt.dll msvcrt.dll oleaut32.dll msvcp_win.dll tquery.dll ucrtbase.dll ucrtbase.dll combase.dll rpcrt4.dll rpcrt4.dll rpcrt4.dll advapi32.dll sechost.dll sechost.dll bcryptprimitives.dll windows.storage.dll windows.storage.dll shlwapi.dll cryptdll.dll win32u.dll kernel.appcore.dll kernel.appcore.dll shcore.dll profapi.dll powrprof.dll fltlib.dll imm32.dll mssprxy.dll,normal
 ntdll.dll wow64.dll user32.dll kernel32.dll kernelbase.dll msvcrt.dll sechost.dll rpcrt4.dll dnsapi.dll winnsi.dll dhcpcsvc.dll dhcpcsvc6.dll shell32.dll user32.dll lpk.dll usp10.dll ole32.dll imm32.dll msctf.dll oleaut32.dll rsaenh.dll rpcrtremote.dll wevtapi.dll,normal
 sendmail.dll mydocs.dll,normal
 kernel32.dll advapi32.dll shell32.dll shlwapi.dll user32.dll usp10.dll msctf.dll ole32.dll cryptbase.dll uxtheme.dll propsys.dll oleaut32.dll comctl32.dll clbcatq.dll ntmarta.dll profapi.dll api-ms-win-downlevel-ole32-l1-1-0.dll api-ms-win-downlevel-shlwapi-l1-1-0.dll api-ms-win-downlevel-user32-l1-1-0.dll version.dll api-ms-win-downlevel-normaliz-l1-1-0.dll normaliz.dll userenv.dll secur32.dll sspicli.dll cfgmgr32.dll devobj.dll api-ms-win-downlevel-ole32-l1-1-0.dll api-ms-win-downlevel-version-l1-1-0.dll version.dll wininet.dll userenv.dll,normal
 ntdll.dll kernelbase.dll gdi32.dll user32.dll lpk.dll usp10.dll ole32.dll rpcrt4.dll clbcatq.dll advapi32.dll kernel32.dll gdi32.dll user32.dll lpk.dll msvcrt.dll msctf.dll rpcrt4.dll oleaut32.dll cryptbase.dll clbcatq.dll ntdll.dll ntdll.dll wow64win.dll wow64cpu.dll kernel32.dll msvcrt.dll sechost.dll rpcrt4.dll sspicli.dll dnsapi.dll ws2_32.dll nsi.dll shell32.dll gdi32.dll lpk.dll usp10.dll ole32.dll imm32.dll msctf.dll oleaut32.dll rpcrtremote.dll kernel32.dll gdi32.dll user32.dll lpk.dll usp10.dll imm32.dll ole32.dll cryptbase.dll clbcatq.dll advapi32.dll sechost.dll ntdll.dll ntdll.dll wow64.dll wow64win.dll kernel32.dll kernel32.dll user32.dll kernel32.dll msvcrt.dll winbrand.dll lpk.dll usp10.dll advapi32.dll rpcrt4.dll cryptbase.dll msctf.dll apphelp.dll,normal
 wow64cpu.dll kernel32.dll user32.dll advapi32.dll msvcrt.dll rpcrt4.dll sspicli.dll dnsapi.dll ws2_32.dll nsi.dll shell32.dll gdi32.dll user32.dll usp10.dll ole32.dll imm32.dll cryptsp.dll rpcrtremote.dll kernelbase.dll gdi32.dll lpk.dll imm32.dll msctf.dll ole32.dll rpcrt4.dll oleaut32.dll cryptbase.dll clbcatq.dll advapi32.dll sechost.dll ntdll.dll wow64.dll kernel32.dll kernel32.dll kernelbase.dll advapi32.dll sechost.dll sspicli.dll cryptbase.dll dnsapi.dll ws2_32.dll nsi.dll winnsi.dll dhcpcsvc.dll dhcpcsvc6.dll shell32.dll shlwapi.dll gdi32.dll user32.dll usp10.dll ole32.dll imm32.dll msctf.dll clbcatq.dll rpcrtremote.dll wevtapi.dll wow64.dll wow64cpu.dll kernel32.dll kernel32.dll user32.dll kernel32.dll rpcrt4.dll dnsapi.dll ws2_32.dll nsi.dll winnsi.dll dhcpcsvc.dll dhcpcsvc6.dll shell32.dll gdi32.dll user32.dll lpk.dll ole32.dll imm32.dll msctf.dll clbcatq.dll oleaut32.dll rsaenh.dll rpcrtremote.dll wevtapi.dll ntdll.dll wow64.dll kernel32.dll kernel32.dll user32.dll winbrand.dll gdi32.dll advapi32.dll sechost.dll rpcrt4.dll sspicli.dll msctf.dll apphelp.dll,normal
 ntdll.dll kernel32.dll kernelbase.dll advapi32.dll msvcrt.dll sechost.dll rpcrt4.dll gdi32.dll user32.dll lpk.dll msimg32.dll wtsapi32.dll winmm.dll userenv.dll profapi.dll msasn1.dll msctfmonitor.dll imm32.dll comctl32.dll shlwapi.dll secur32.dll cryptsp.dll bcrypt.dll wldap32.dll sensapi.dll version.dll clbcatq.dll oleaut32.dll urlmon.dll api-ms-win-downlevel-ole32-l1-1-0.dll api-ms-win-downlevel-shlwapi-l1-1-0.dll api-ms-win-downlevel-advapi32-l1-1-0.dll api-ms-win-downlevel-version-l1-1-0.dll api-ms-win-downlevel-normaliz-l1-1-0.dll,normal
 kernel32.dll msvcrt.dll shell32.dll shlwapi.dll user32.dll lpk.dll usp10.dll imm32.dll ole32.dll cryptbase.dll uxtheme.dll propsys.dll oleaut32.dll comctl32.dll profapi.dll urlmon.dll api-ms-win-downlevel-version-l1-1-0.dll version.dll api-ms-win-downlevel-normaliz-l1-1-0.dll normaliz.dll iertutil.dll wininet.dll userenv.dll sspicli.dll setupapi.dll,normal
 ntdll.dll wow64.dll wow64win.dll kernel32.dll kernel32.dll kernel32.dll advapi32.dll msvcrt.dll sechost.dll sspicli.dll cryptbase.dll ole32.dll gdi32.dll user32.dll lpk.dll oleaut32.dll rpcrtremote.dll clbcatq.dll sxs.dll mscoreei.dll clr.dll shlwapi.dll clrjit.dll system.management.automation.dll mscorlib.dll system.ni.dll system.dll system.dll microsoft.powershell.scheduledjob.dll system.core.ni.dll system.runtime.serialization.dll system.runtime.serialization.dll system.xml.ni.dll system.xml.dll system.xml.dll system.configuration.ni.dll system.configuration.dll system.numerics.ni.dll system.numerics.dll system.numerics.dll system.security.ni.dll system.security.dll system.security.dll ntdll.dll ntdll.dll wow64.dll kernel32.dll kernel32.dll user32.dll kernelbase.dll advapi32.dll sspicli.dll cryptbase.dll ws2_32.dll shlwapi.dll gdi32.dll usp10.dll dnsapi.dll ole32.dll clbcatq.dll cryptsp.dll dhcpcsvc6.dll wevtapi.dll,normal
 explorerframe.dll imageres.dll imageres.dll imageres.dll imageres.dll imageres.dll imageres.dll msftedit.dll msls31.dll thumbcache.dll samlib.dll shdocvw.dll imageres.dll imageres.dll imageres.dll imageres.dll drprov.dll ntlanman.dll imageres.dll imageres.dll ehstorapi.dll networkexplorer.dll mpr.dll imageres.dll imageres.dll ieproxy.dll imageres.dll imageres.dll imageres.dll imageres.dll imageres.dll actxprxy.dll imageres.dll,normal
 kernel32.dll advapi32.dll sechost.dll rpcrt4.dll vcruntime140.dll ucrtbase.dll api-ms-win-core-file-l2-1-0.dll api-ms-win-core-localization-l1-2-0.dll api-ms-win-core-synch-l1-2-0.dll api-ms-win-core-processthreads-l1-1-1.dll api-ms-win-crt-string-l1-1-0.dll api-ms-win-crt-stdio-l1-1-0.dll api-ms-win-crt-convert-l1-1-0.dll msvcp140.dll api-ms-win-crt-locale-l1-1-0.dll api-ms-win-crt-time-l1-1-0.dll api-ms-win-crt-filesystem-l1-1-0.dll api-ms-win-crt-utility-l1-1-0.dll ole32.dll user32.dll usp10.dll oleaut32.dll,normal
 ntdll.dll kernel32.dll gdi32.dll user32.dll msvcrt.dll oleaut32.dll combase.dll msctf.dll uxtheme.dll tiptsf.dll comctl32.dll ole32.dll sechost.dll kernel.appcore.dll cryptbase.dll oleacc.dll version.dll propsys.dll profapi.dll dui70.dll,normal
 ntdll.dll advapi32.dll msvcrt.dll sechost.dll rpcrt4.dll dnsapi.dll nsi.dll shell32.dll shlwapi.dll gdi32.dll lpk.dll usp10.dll ole32.dll imm32.dll,normal
 ntdll.dll kernel32.dll ole32.dll usp10.dll rpcrt4.dll msctf.dll advapi32.dll sechost.dll shacct.dll shlwapi.dll profapi.dll IDStore.dll ntdll.dll KernelBase.dll advapi32.dll rpcrt4.dll user32.dll usp10.dll comctl32.dll shlwapi.dll msctf.dll ole32.dll oleaut32.dll slc.dll cryptbase.dll winhttp.dll webio.dll sppcext.dll rasapi32.dll rasman.dll ws2_32.dll devobj.dll msi.dll crypt32.dll sxs.dll tapi32.dll slwga.dll ntdll.dll wow64.dll wow64cpu.dll kernel32.dll kernel32.dll user32.dll kernel32.dll advapi32.dll msvcrt.dll sechost.dll rpcrt4.dll cryptbase.dll dnsapi.dll ws2_32.dll winnsi.dll dhcpcsvc.dll dhcpcsvc6.dll shell32.dll shlwapi.dll gdi32.dll user32.dll lpk.dll usp10.dll ole32.dll imm32.dll msctf.dll oleaut32.dll RpcRtRemote.dll wevtapi.dll kernel32.dll advapi32.dll sechost.dll mscoree.dll gdi32.dll oleaut32.dll msctf.dll cryptbase.dll cryptsp.dll RpcRtRemote.dll mscoreei.dll mscorwks.dll msvcr80.dll shell32.dll mscorlib.dll version.dll System.Core.ni.dll System.Configuration.ni.dll System.Data.SqlXml.ni.dll ntdll.dll kernel32.dll advapi32.dll msvcrt.dll sechost.dll rpcrt4.dll msvcr120_clr0400.dll mscoree.dll ole32.dll user32.dll oleaut32.dll msctf.dll cryptbase.dll rsaenh.dll clbcatq.dll mscoreei.dll mscorwks.dll msvcr80.dll shell32.dll profapi.dll mscorlib.ni.dll mscorjit.dll mscorlib.dll mscorlib.dll mscorlib.dll System.Core.ni.dll System.Windows.Forms.ni.dll System.Web.dll System.Web.dll System.Web.dll System.Data.dll System.Data.dll System.Data.dll System.Data.dll ws2_32.dll nsi.dll crypt32.dll msasn1.dll System.Xml.ni.dll System.Security.ni.dll System.Data.SqlXml.ni.dll Accessibility.ni.dll System.Deployment.ni.dll System.Drawing.Design.ni.dll System.Data.OracleClient.dll System.Data.OracleClient.dll System.Web.RegularExpressions.ni.dll System.Transactions.ni.dll System.Transactions.dll System.Transactions.dll System.Transactions.dll System.Transactions.dll System.EnterpriseServices.ni.dll System.EnterpriseServices.dll System.EnterpriseServices.dll System.DirectoryServices.ni.dll System.Web.Services.ni.dll System.DirectoryServices.Protocols.ni.dll System.Configuration.Install.ni.dll System.Web.Abstractions.ni.dll System.Web.Extensions.ni.dll System.ServiceModel.ni.dll System.Data.Linq.ni.dll System.ServiceModel.Web.ni.dll System.Data.Services.Design.ni.dll SMDiagnostics.ni.dll System.IdentityModel.ni.dll System.Messaging.ni.dll Microsoft.Transactions.Bridge.ni.dll System.Xml.Linq.ni.dll,normal
 kernel32.dll msvcrt.dll msctf.dll cryptbase.dll clbcatq.dll advapi32.dll sechost.dll oleaut32.dll cryptsp.dll uxtheme.dll shacct.dll shlwapi.dll userenv.dll profapi.dll kernelbase.dll advapi32.dll msvcrt.dll sechost.dll rpcrt4.dll mscoree.dll gdi32.dll lpk.dll msctf.dll cryptbase.dll cryptsp.dll clbcatq.dll msvcr80.dll shlwapi.dll shell32.dll profapi.dll mscorlib.ni.dll mscorlib.dll version.dll mscorlib.dll mscorsec.dll wintrust.dll crypt32.dll msasn1.dll comctl32.dll imagehlp.dll ncrypt.dll bcrypt.dll bcryptprimitives.dll userenv.dll wldap32.dll system.addin.ni.dll system.ni.dll system.addin.ni.dll microsoft.visualstudio.tools.applications.runtime.v9.0.ni.dll microsoft.office.tools.common.v9.0.ni.dll system.xml.ni.dll system.core.ni.dll windowsbase.ni.dll presentationcore.dll presentationcore.dll presentationcore.dll presentationcore.dll microsoft.office.tools.word.v9.0.dll microsoft.office.tools.word.v9.0.ni.dll microsoft.office.tools.word.v9.0.ni.dll ntdll.dll kernelbase.dll advapi32.dll msvcrt.dll sechost.dll rpcrt4.dll ole32.dll user32.dll lpk.dll imm32.dll msctf.dll rsaenh.dll rpcrtremote.dll clbcatq.dll sxs.dll shlwapi.dll profapi.dll mscorjit.dll mscorlib.dll presentationframework.royale.ni.dll system.ni.dll windowsbase.ni.dll presentationcore.ni.dll presentationframework.ni.dll presentationcore.dll presentationcore.dll presentationcore.dll system.xml.ni.dll uiautomationprovider.ni.dll system.deployment.ni.dll presentationui.ni.dll system.printing.dll system.printing.dll system.printing.dll system.printing.dll reachframework.ni.dll uiautomationtypes.ni.dll system.data.ni.dll system.data.dll system.data.dll system.data.dll system.data.dll crypt32.dll accessibility.ni.dll system.configuration.ni.dll microsoft.visualc.ni.dll system.runtime.serialization.formatters.soap.ni.dll system.directoryservices.ni.dll system.transactions.dll system.transactions.dll system.transactions.dll system.enterpriseservices.ni.dll system.enterpriseservices.dll system.enterpriseservices.dll system.web.ni.dll system.web.dll system.web.dll system.serviceprocess.ni.dll system.web.regularexpressions.ni.dll system.data.oracleclient.dll system.data.oracleclient.dll system.data.oracleclient.dll system.data.oracleclient.dll,normal
 ntdll.dll ntdll.dll wow64.dll wow64win.dll wow64cpu.dll kernel32.dll user32.dll msvcrt.dll gdi32.dll user32.dll advapi32.dll rpcrt4.dll sspicli.dll lpk.dll usp10.dll version.dll clbcatq.dll crypt32.dll msasn1.dll cryptsp.dll msisip.dll scrrun.dll kernel32.dll kernelbase.dll user32.dll lpk.dll usp10.dll msvcrt.dll imm32.dll oleaut32.dll cryptbase.dll clbcatq.dll advapi32.dll sechost.dll ntdll.dll ntdll.dll wow64cpu.dll kernel32.dll kernel32.dll kernel32.dll user32.dll kernel32.dll kernelbase.dll msvcrt.dll sspicli.dll dnsapi.dll ws2_32.dll winnsi.dll dhcpcsvc.dll dhcpcsvc6.dll shlwapi.dll gdi32.dll usp10.dll msctf.dll clbcatq.dll cryptsp.dll wevtapi.dll kernel32.dll gdi32.dll user32.dll lpk.dll usp10.dll imm32.dll msctf.dll ole32.dll rpcrt4.dll oleaut32.dll clbcatq.dll sechost.dll kernel32.dll kernelbase.dll msvcrt.dll sechost.dll ole32.dll gdi32.dll usp10.dll imm32.dll wdscore.dll oleaut32.dll shlwapi.dll cryptbase.dll version.dll crypt32.dll wintrust.dll profapi.dll ktmw32.dll dpx.dll wcp.dll drupdate.dll setupapi.dll cfgmgr32.dll devobj.dll mpr.dll wrpint.dll sxsstore.dll winhttp.dll webio.dll webio.dll clbcatq.dll smipi.dll smiengine.dll kernel32.dll msvcrt.dll ole32.dll gdi32.dll user32.dll usp10.dll rpcrt4.dll clbcatq.dll advapi32.dll sechost.dll oleaut32.dll rpcrtremote.dll shlwapi.dll msvcr80.dll profapi.dll mscorlib.ni.dll system.ni.dll mscorjit.dll system.management.ni.dll system.directoryservices.ni.dll microsoft.grouppolicy.interop.ni.dll activeds.dll adsldpc.dll atl.dll ntdsapi.dll ws2_32.dll nsi.dll crypt32.dll msasn1.dll dsrole.dll fde.dll mpr.dll odbcint.dll mswsock.dll secur32.dll sspicli.dll pwdssp.dll wship6.dll logoncli.dll rasadhlp.dll msv1_0.dll cryptdll.dll microsoft.security.applicationid.policymanagement.policymodel.ni.dll wsecedit.dll wsecedit.dll system.xml.ni.dll version.dll culture.dll ntdll.dll wow64.dll kernel32.dll user32.dll kernel32.dll kernelbase.dll winbrand.dll user32.dll lpk.dll usp10.dll advapi32.dll sechost.dll sspicli.dll msctf.dll apphelp.dll,normal
 ntdll.dll kernel32.dll kernelbase.dll gdi32.dll lpk.dll msvcrt.dll imm32.dll msctf.dll ole32.dll rpcrt4.dll uxtheme.dll advapi32.dll winmm.dll shlwapi.dll cryptbase.dll ntdll.dll advapi32.dll msvcrt.dll sechost.dll rpcrt4.dll user32.dll ole32.dll msimg32.dll wmsgapi.dll userenv.dll profapi.dll crypt32.dll msctfmonitor.dll imm32.dll msutb.dll comctl32.dll sspicli.dll shell32.dll wintrust.dll imagehlp.dll ncrypt.dll gpapi.dll wldap32.dll sensapi.dll oleaut32.dll api-ms-win-downlevel-ole32-l1-1-0.dll api-ms-win-downlevel-shlwapi-l1-1-0.dll api-ms-win-downlevel-advapi32-l1-1-0.dll api-ms-win-downlevel-normaliz-l1-1-0.dll normaliz.dll iertutil.dll wininet.dll,normal
 ntdll.dll kernelbase.dll shlwapi.dll gdi32.dll user32.dll usp10.dll advapi32.dll sechost.dll winmm.dll msctf.dll winnsi.dll uiautomationcore.dll psapi.dll wtsapi32.dll crypt32.dll msasn1.dll dwrite.dll dxgi.dll dwmapi.dll comctl32.dll winhttp.dll webio.dll secur32.dll sspicli.dll cryptbase.dll nsi.dll dhcpcsvc.dll dbghelp.dll comdlg32.dll,normal
 kernel32.dll kernelbase.dll user32.dll msvcrt.dll imm32.dll rpcrt4.dll oleaut32.dll clbcatq.dll advapi32.dll sechost.dll ntdll.dll,normal
 advapi32.dll rpcrt4.dll msvcp_win.dll combase.dll bcryptprimitives.dll ole32.dll gdi32.dll gdi32full.dll user32.dll win32u.dll crypt32.dll msasn1.dll secur32.dll sspicli.dll version.dll userenv.dll profapi.dll gpapi.dll,normal
 ole32.dll msctf.dll ntdll.dll kernel32.dll gdi32.dll user32.dll lpk.dll ole32.dll oleaut32.dll,normal
 kernel32.dll kernelbase.dll msvcrt.dll gdi32.dll msctf.dll cryptbase.dll sechost.dll uxtheme.dll cryptsp.dll rsaenh.dll bcrypt.dll clbcatq.dll ole32.dll bcp47langs.dll winsta.dll dui70.dll shcore.dll dwmapi.dll shlwapi.dll profapi.dll oleacc.dll twinapi.dll gpapi.dll tipres.dll tiptsf.dll,normal
 ntdll.dll ntdll.dll wow64.dll wow64win.dll wow64cpu.dll kernel32.dll user32.dll KernelBase.dll sechost.dll rpcrt4.dll cryptbase.dll msvcr120_clr0400.dll mscoree.dll ole32.dll user32.dll lpk.dll usp10.dll imm32.dll cryptsp.dll RpcRtRemote.dll mscoreei.dll shlwapi.dll mscorlib.ni.dll clrjit.dll mscorlib.dll System.dll System.Management.Automation.dll System.Management.Automation.dll System.Configuration.Install.ni.dll System.Configuration.Install.dll System.Configuration.Install.dll System.Core.ni.dll System.Xml.ni.dll System.Xml.dll System.Xml.dll System.Xml.dll System.Xml.dll Microsoft.Management.Infrastructure.dll bcrypt.dll bcryptprimitives.dll Microsoft.PowerShell.ConsoleHost.ni.dll ntdll.dll kernel32.dll KernelBase.dll gdi32.dll msvcrt.dll imm32.dll ole32.dll,normal
 ntdll.dll wow64win.dll wow64cpu.dll kernel32.dll kernel32.dll kernelbase.dll advapi32.dll sechost.dll rpcrt4.dll dnsapi.dll ws2_32.dll winnsi.dll dhcpcsvc6.dll shlwapi.dll gdi32.dll lpk.dll usp10.dll ole32.dll imm32.dll msctf.dll clbcatq.dll rpcrtremote.dll wevtapi.dll,normal
 ntdll.dll kernel32.dll advapi32.dll msvcrt.dll sechost.dll rpcrt4.dll msvcr120_clr0400.dll mscoree.dll ole32.dll user32.dll lpk.dll usp10.dll oleaut32.dll imm32.dll msctf.dll cryptbase.dll cryptsp.dll rpcrtremote.dll mscoreei.dll clr.dll shlwapi.dll mscorlib.ni.dll clrjit.dll system.core.ni.dll version.dll presentationframework-systemcore.ni.dll windowsbase.ni.dll presentationcore.dll system.numerics.ni.dll ntdll.dll msvcrt.dll ole32.dll gdi32.dll user32.dll usp10.dll oleaut32.dll msctf.dll cryptsp.dll rsaenh.dll clbcatq.dll sxs.dll mscoreei.dll clr.dll shlwapi.dll system.ni.dll system.workflow.componentmodel.ni.dll version.dll mscorlib.dll mscorlib.dll system.design.ni.dll system.xml.ni.dll system.transactions.dll system.numerics.ni.dll,normal
 ntdll.dll kernel32.dll kernelbase.dll advapi32.dll rpcrt4.dll gdi32.dll user32.dll usp10.dll msswch.dll winmm.dll gdiplus.dll ole32.dll duser.dll uxtheme.dll imm32.dll cryptbase.dll comctl32.dll clbcatq.dll cryptsp.dll rsaenh.dll cfgmgr32.dll,normal
 ntdll.dll kernel32.dll kernelbase.dll msvcrt.dll conhostv2.dll combase.dll ucrtbase.dll rpcrt4.dll bcryptprimitives.dll gdi32full.dll user32.dll oleaut32.dll sechost.dll shcore.dll shell32.dll powrprof.dll kernel.appcore.dll clbcatq.dll,normal
 ondemandconnroutehelper.dll,normal
 ntdll.dll wow64.dll wow64win.dll wow64cpu.dll kernel32.dll kernel32.dll user32.dll kernel32.dll lpk.dll advapi32.dll sechost.dll sspicli.dll cryptbase.dll imm32.dll apphelp.dll,normal
 ntdll.dll wow64win.dll wow64cpu.dll kernel32.dll kernel32.dll user32.dll KernelBase.dll advapi32.dll sechost.dll rpcrt4.dll sspicli.dll cryptbase.dll dnsapi.dll nsi.dll winnsi.dll dhcpcsvc.dll gdi32.dll lpk.dll usp10.dll imm32.dll clbcatq.dll oleaut32.dll cryptsp.dll RpcRtRemote.dll kernel32.dll user32.dll lpk.dll msvcrt.dll msctf.dll ole32.dll rpcrt4.dll oleaut32.dll sechost.dll KernelBase.dll gdi32.dll lpk.dll usp10.dll msvcrt.dll imm32.dll msctf.dll ole32.dll rpcrt4.dll cryptbase.dll clbcatq.dll advapi32.dll sechost.dll ntdll.dll wow64.dll kernel32.dll user32.dll KernelBase.dll rpcrt4.dll sspicli.dll cryptbase.dll user32.dll gdi32.dll lpk.dll shlwapi.dll shell32.dll ole32.dll iertutil.dll imm32.dll ieframe.dll psapi.dll oleacc.dll comctl32.dll IEShims.dll RpcRtRemote.dll sqmapi.dll propsys.dll setupapi.dll cfgmgr32.dll cryptsp.dll nsi.dll rsaenh.dll ieproxy.dll apphelp.dll ieframe.dll version.dll ntmarta.dll Wldap32.dll sxs.dll msimtf.dll ole32.dll ole32.dll comctl32.dll imecfm.dll shell32.dll imagehlp.dll wsock32.dll,normal
 netapi32.dll wkscli.dll dsrole.dll httpapi.dll winhttp.dll wsmgcdeps.dll kernel32.dll kernelbase.dll sechost.dll rpcrt4.dll shlwapi.dll gdi32.dll user32.dll usp10.dll ole32.dll oleaut32.dll userenv.dll cryptbase.dll srvcli.dll wsmres.dll,normal
 kernel32.dll user32.dll win32u.dll gdi32.dll gdi32full.dll msvcp_win.dll msvcrt.dll imm32.dll combase.dll rpcrt4.dll kernel.appcore.dll sechost.dll clbcatq.dll tipskins.dll BCP47Langs.dll TextInputFramework.dll CoreUIComponents.dll CoreMessaging.dll advapi32.dll WinTypes.dll windows.storage.dll shlwapi.dll userenv.dll TipRes.dll TipRes.dll dui70.dll duser.dll GdiPlus.dll msctf.dll policymanager.dll tabskb.dll tipresx.dll winsta.dll,normal
 ntdll.dll wow64win.dll wow64cpu.dll kernel32.dll KernelBase.dll advapi32.dll msvcrt.dll sechost.dll rpcrt4.dll sspicli.dll cryptbase.dll ws2_32.dll dhcpcsvc6.dll shell32.dll user32.dll usp10.dll imm32.dll msctf.dll oleaut32.dll rsaenh.dll wevtapi.dll ntdll.dll wow64.dll wow64cpu.dll kernel32.dll kernel32.dll advapi32.dll rpcrt4.dll sspicli.dll cryptbase.dll dnsapi.dll ws2_32.dll nsi.dll dhcpcsvc.dll dhcpcsvc6.dll shell32.dll shlwapi.dll user32.dll lpk.dll imm32.dll msctf.dll clbcatq.dll oleaut32.dll rsaenh.dll RpcRtRemote.dll wevtapi.dll ntdll.dll kernel32.dll KernelBase.dll msvcrt.dll sechost.dll usp10.dll imm32.dll oleaut32.dll shell32.dll shlwapi.dll cryptbase.dll version.dll crypt32.dll wintrust.dll profapi.dll dpx.dll dpx.dll DrUpdate.dll setupapi.dll cfgmgr32.dll devobj.dll mpr.dll wrpint.dll sxsstore.dll sqmapi.dll winhttp.dll webio.dll RpcRtRemote.dll CbsApi.dll smipi.dll kernel32.dll gdi32.dll user32.dll imm32.dll msctf.dll ole32.dll oleaut32.dll sechost.dll kernel32.dll KernelBase.dll gdi32.dll user32.dll usp10.dll msvcrt.dll imm32.dll msctf.dll ole32.dll rpcrt4.dll oleaut32.dll cryptbase.dll advapi32.dll sechost.dll,normal
 kernelbase.dll gdi32.dll user32.dll lpk.dll usp10.dll msvcrt.dll imm32.dll msctf.dll rpcrt4.dll uxtheme.dll msswch.dll sechost.dll comctl32.dll shlwapi.dll,normal
 avrt.dll aelupsvc.dll aelupsvc.dll aelupsvc.dll,normal
 gdi32.dll user32.dll lpk.dll msvcrt.dll msctf.dll ole32.dll cryptbase.dll clbcatq.dll sechost.dll ntdll.dll ntdll.dll wow64win.dll user32.dll kernel32.dll KernelBase.dll advapi32.dll sechost.dll rpcrt4.dll nsi.dll winnsi.dll dhcpcsvc.dll dhcpcsvc6.dll shell32.dll shlwapi.dll gdi32.dll user32.dll lpk.dll usp10.dll imm32.dll msctf.dll clbcatq.dll oleaut32.dll cryptsp.dll rsaenh.dll wevtapi.dll ntdll.dll kernel32.dll KernelBase.dll ole32.dll user32.dll imm32.dll msctf.dll clbcatq.dll advapi32.dll sechost.dll oleaut32.dll msasn1.dll shlwapi.dll uxtheme.dll GdiPlus.dll dui70.dll duser.dll hid.dll setupapi.dll devobj.dll dwmapi.dll RpcRtRemote.dll winsta.dll authui.dll oleacc.dll UIAutomationCore.dll shell32.dll msimg32.dll cryptui.dll SmartcardCredentialProvider.dll certCredProvider.dll rasplap.dll rasapi32.dll rasman.dll version.dll shacct.dll msswch.dll imageres.dll sspicli.dll msasn1.dll ntdll.dll ntdll.dll wow64.dll wow64win.dll kernel32.dll kernel32.dll kernel32.dll kernel32.dll msvcrt.dll user32.dll lpk.dll rpcrt4.dll sspicli.dll cryptbase.dll imm32.dll msctf.dll apphelp.dll,normal
 kernel32.dll ucrtbase.dll gdi32.dll user32.dll win32u.dll imm32.dll oleaut32.dll msvcp_win.dll propsys.dll shcore.dll shell32.dll cfgmgr32.dll windows.storage.dll powrprof.dll msctf.dll tiptsf.dll dwmapi.dll comctl32.dll clbcatq.dll uiautomationcore.dll userenv.dll ole32.dll iertutil.dll version.dll ncrypt.dll msasn1.dll bcrypt.dll ntasn1.dll msvcp110_win.dll imecfm.dll wer.dll,normal
 ntdll.dll,normal
 kernel32.dll advapi32.dll msvcrt.dll sechost.dll mscoree.dll ole32.dll gdi32.dll lpk.dll usp10.dll oleaut32.dll msctf.dll cryptbase.dll cryptsp.dll rsaenh.dll rpcrtremote.dll clbcatq.dll clr.dll shlwapi.dll system.ni.dll system.core.ni.dll presentationcore.dll presentationcore.dll mscorlib.dll system.xaml.ni.dll uiautomationtypes.ni.dll system.deployment.ni.dll accessibility.ni.dll system.security.ni.dll kernel32.dll sechost.dll msvcr120_clr0400.dll mscoree.dll gdi32.dll lpk.dll usp10.dll oleaut32.dll msctf.dll cryptbase.dll cryptsp.dll rsaenh.dll rpcrtremote.dll clbcatq.dll sxs.dll mscoreei.dll mscorlib.ni.dll clrjit.dll system.runtime.serialization.ni.dll version.dll mscorlib.dll mscorlib.dll smdiagnostics.ni.dll system.core.ni.dll ntdll.dll kernelbase.dll sechost.dll msvcr120_clr0400.dll mscoree.dll gdi32.dll user32.dll lpk.dll oleaut32.dll msctf.dll cryptbase.dll clbcatq.dll sxs.dll shlwapi.dll clrjit.dll system.ni.dll mscorlib.dll system.web.ni.dll system.web.dll system.web.dll system.data.ni.dll system.data.dll system.data.dll system.configuration.ni.dll system.xml.ni.dll system.numerics.ni.dll ntdll.dll wow64win.dll kernel32.dll kernel32.dll kernelbase.dll advapi32.dll msvcrt.dll rpcrt4.dll cryptbase.dll ole32.dll user32.dll lpk.dll usp10.dll oleaut32.dll imm32.dll msctf.dll rsaenh.dll rpcrtremote.dll clbcatq.dll sxs.dll mscoreei.dll msvcr80.dll shell32.dll mscorlib.dll version.dll mscorlib.dll mscorlib.dll microsoft.visualstudio.tools.office.runtime.v10.0.dll wintrust.dll msasn1.dll comctl32.dll riched20.dll imagehlp.dll ncrypt.dll bcrypt.dll userenv.dll gpapi.dll wldap32.dll sensapi.dll system.ni.dll system.addin.ni.dll system.core.ni.dll system.core.dll system.core.dll system.core.dll system.dll system.dll system.dll system.addin.dll system.addin.dll system.addin.dll system.xml.ni.dll system.xml.dll system.xml.dll system.windows.forms.dll system.windows.forms.dll system.windows.forms.dll system.drawing.dll system.drawing.dll system.drawing.dll microsoft.visualstudio.tools.applications.hosting.v10.0.ni.dll microsoft.visualstudio.tools.applications.hosting.v10.0.dll microsoft.visualstudio.tools.applications.hosting.v10.0.dll microsoft.visualstudio.tools.applications.serverdocument.v10.0.ni.dll microsoft.visualstudio.tools.applications.serverdocument.v10.0.dll microsoft.visualstudio.tools.applications.serverdocument.v10.0.dll microsoft.visualstudio.tools.applications.runtime.v9.0.dll system.xml.linq.ni.dll system.xml.linq.dll system.xml.linq.dll system.deployment.ni.dll system.deployment.dll system.deployment.dll system.deployment.dll system.security.dll system.configuration.dll system.configuration.dll system.configuration.dll,normal
 kernel32.dll kernelbase.dll msvcrt.dll user32.dll win32u.dll gdi32full.dll msvcp_win.dll shcore.dll combase.dll windows.storage.dll shlwapi.dll kernel.appcore.dll powrprof.dll profapi.dll imm32.dll,normal
 nlsdata0011.dll nlsdata0009.dll nlslexicons0009.dll nlsdata0000.dll nlsdata000a.dll nlslexicons0011.dll nlsmodels0011.dll nlsdata0011.dll nlslexicons0011.dll nlsmodels0011.dll nlsdata0011.dll nlslexicons0011.dll nlsmodels0011.dll nlsmodels0011.dll,normal
 ntdll.dll kernel32.dll kernelbase.dll user32.dll msvcrt.dll gdi32.dll imm32.dll combase.dll rpcrt4.dll cryptsp.dll clbcatq.dll ole32.dll bcp47langs.dll dui70.dll oleaut32.dll twinapi.dll shell32.dll profapi.dll gpapi.dll tipres.dll comctl32.dll duser.dll windows.ui.dll ninput.dll oleacc.dll,normal
 ntdll.dll ntdll.dll kernel32.dll kernelbase.dll sechost.dll rpcrt4.dll rpcrt4.dll ucrtbase.dll combase.dll bcryptprimitives.dll bcryptprimitives.dll kernel.appcore.dll msvcrt.dll user32.dll win32u.dll gdi32.dll gdi32full.dll msvcp_win.dll msvcp_win.dll capabilityaccessmanager.dll capabilityaccessmanager.dll msasn1.dll msasn1.dll wintrust.dll advapi32.dll advapi32.dll capabilityaccessmanagerclient.dll capabilityaccessmanagerclient.dll policymanager.dll policymanager.dll msvcp110_win.dll msvcp110_win.dll oleaut32.dll ntdll.dll kernel32.dll kernelbase.dll msvcp_win.dll ucrtbase.dll combase.dll bcryptprimitives.dll bcryptprimitives.dll sechost.dll sechost.dll tquery.dll cryptdll.dll gdi32full.dll kernel.appcore.dll clbcatq.dll,normal
 ntdll.dll wow64.dll wow64win.dll kernel32.dll kernel32.dll kernel32.dll user32.dll kernel32.dll kernelbase.dll dnsapi.dll dhcpcsvc.dll dhcpcsvc6.dll shell32.dll shlwapi.dll gdi32.dll user32.dll lpk.dll usp10.dll ole32.dll imm32.dll clbcatq.dll oleaut32.dll cryptsp.dll,normal
 ntdll.dll wow64.dll wow64win.dll wow64cpu.dll kernel32.dll user32.dll kernel32.dll msvcrt.dll rpcrt4.dll msvcr120_clr0400.dll mscoree.dll ole32.dll user32.dll usp10.dll imm32.dll msctf.dll RpcRtRemote.dll clbcatq.dll sxs.dll mscorwks.dll msvcr80.dll shlwapi.dll shell32.dll mscorjit.dll mscorlib.dll mscorlib.dll mscorlib.dll System.Drawing.Design.ni.dll System.Drawing.Design.dll System.dll System.dll System.dll System.Drawing.dll System.Drawing.dll System.Windows.Forms.dll System.Windows.Forms.dll System.Windows.Forms.dll System.Windows.Forms.dll System.Configuration.ni.dll System.configuration.dll System.Xml.ni.dll System.XML.dll System.XML.dll System.XML.dll,normal
 ntdll.dll kernelbase.dll advapi32.dll sechost.dll rpcrt4.dll user32.dll lpk.dll shlwapi.dll ole32.dll winhttp.dll powrprof.dll cfgmgr32.dll oleaut32.dll devobj.dll tdh.dll wevtapi.dll,normal
 racengn.dll,normal
 kernel32.dll kernelbase.dll advapi32.dll msvcrt.dll crypt32.dll cryptdll.dll netapi32.dll netutils.dll wkscli.dll ole32.dll user32.dll samlib.dll sspicli.dll shell32.dll userenv.dll version.dll hid.dll cfgmgr32.dll devobj.dll winscard.dll imm32.dll msctf.dll cryptbase.dll rsaenh.dll srvcli.dll bcrypt.dll cryptsp.dll,mimikatz
 kernel32.dll kernelbase.dll kernelbase.dll msvcrt.dll cfgmgr32.dll shcore.dll combase.dll bcryptprimitives.dll bcryptprimitives.dll windows.storage.dll advapi32.dll sechost.dll shlwapi.dll gdi32full.dll msvcp_win.dll user32.dll kernel.appcore.dll profapi.dll powrprof.dll filterlib.dll fltlib.dll chrome_elf.dll version.dll winmm.dll userenv.dll cryptbase.dll cryptbase.dll imm32.dll chrome.dll ws2_32.dll ole32.dll wintrust.dll msasn1.dll msasn1.dll crypt32.dll uiautomationcore.dll uiautomationcore.dll wtsapi32.dll wtsapi32.dll dwrite.dll dxgi.dll usp10.dll winhttp.dll winhttp.dll urlmon.dll urlmon.dll secur32.dll secur32.dll dhcpcsvc.dll nsi.dll propsys.dll bcrypt.dll bcrypt.dll sspicli.dll,normal
 ntdll.dll kernelbase.dll user32.dll lpk.dll msvcrt.dll imm32.dll ole32.dll oleaut32.dll,normal
 ntdll.dll KernelBase.dll combase.dll bcryptprimitives.dll kernel.appcore.dll clbcatq.dll win32u.dll gdi32full.dll IDStore.dll bcrypt.dll userenv.dll profapi.dll,normal
 ntdll.dll kernel32.dll KernelBase.dll user32.dll lpk.dll usp10.dll msvcrt.dll mfc42u.dll rpcrt4.dll oleaut32.dll odbc32.dll advapi32.dll mmcbase.dll shlwapi.dll duser.dll odbcint.dll comctl32.dll shell32.dll cryptbase.dll iertutil.dll mmcndmgr.dll tsuserex.dll atl.dll ntdsapi.dll activeds.dll Wldap32.dll logoncli.dll srvcli.dll dsrole.dll secur32.dll winsta.dll samlib.dll dsprop.dll mpr.dll netapi32.dll winnsi.dll mprsnap.dll rtrfiltr.dll mprapi.dll rasman.dll cryptui.dll browcli.dll slc.dll rtutils.dll dsadmin.dll adprop.dll samcli.dll credui.dll version.dll cryptsp.dll rsaenh.dll RpcRtRemote.dll propsys.dll mlang.dll dwmapi.dll sxs.dll credssp.dll wship6.dll msv1_0.dll comdlg32.dll gpedit.dll gpedit.dll dssec.dll authz.dll dfscli.dll gpapi.dll framedynos.dll comsnap.dll mfc42.dll KernelBase.dll msvcrt.dll winbrand.dll user32.dll gdi32.dll advapi32.dll cryptbase.dll wow64.dll wow64cpu.dll kernel32.dll kernel32.dll kernel32.dll,normal
 ntdll.dll wow64cpu.dll user32.dll kernel32.dll advapi32.dll msvcrt.dll rpcrt4.dll sspicli.dll cryptbase.dll user32.dll usp10.dll iertutil.dll urlmon.dll wininet.dll crypt32.dll msasn1.dll ieframe.dll oleacc.dll comctl32.dll ieshims.dll sqmapi.dll propsys.dll ntmarta.dll wldap32.dll profapi.dll setupapi.dll devobj.dll cryptsp.dll rsaenh.dll ieproxy.dll version.dll ws2_32.dll nsi.dll mlang.dll mshtml.dll apphelp.dll ieframe.dll msimtf.dll ole32.dll xmllite.dll rasapi32.dll sensapi.dll rasadhlp.dll dispex.dll avrt.dll mswsock.dll winrnr.dll userenv.dll schannel.dll audioses.dll msacm32.dll credssp.dll secur32.dll ncrypt.dll bcrypt.dll bcryptprimitives.dll gpapi.dll cryptnet.dll cabinet.dll devrtl.dll shell32.dll shell32.dll msxml3.dll shdocvw.dll powrprof.dll mscms.dll api-ms-win-core-synch-l1-2-0.dll rpcrt4.dll dinput8.dll kernel32.dll user32.dll shell32.dll msimg32.dll kernel32.dll user32.dll shell32.dll ddraw.dll dciman32.dll vm3dum.dll dbghelp.dll netutils.dll iepeers.dll wpc.dll samlib.dll acropdf.dll acropdfimpl.dll shell32.dll mpr.dll msvcp140.dll vcruntime140.dll api-ms-win-crt-runtime-l1-1-0.dll ucrtbase.dll api-ms-win-core-processthreads-l1-1-1.dll api-ms-win-core-file-l1-2-0.dll api-ms-win-crt-heap-l1-1-0.dll api-ms-win-crt-stdio-l1-1-0.dll api-ms-win-crt-convert-l1-1-0.dll api-ms-win-crt-math-l1-1-0.dll api-ms-win-crt-multibyte-l1-1-0.dll api-ms-win-crt-time-l1-1-0.dll api-ms-win-crt-filesystem-l1-1-0.dll api-ms-win-crt-environment-l1-1-0.dll api-ms-win-crt-utility-l1-1-0.dll msxml3.dll msimg32.dll rpcrt4.dll user32.dll shell32.dll kernel32.dll user32.dll shell32.dll msimg32.dll api-ms-win-core-synch-l1-2-0.dll rpcrt4.dll kernel32.dll user32.dll user32.dll kernel32.dll user32.dll windowscodecs.dll iepeers.dll shell32.dll shell32.dll msimg32.dll rpcrt4.dll kernel32.dll user32.dll shell32.dll kernel32.dll user32.dll kernel32.dll user32.dll mscms.dll,normal
 kernel32.dll kernelbase.dll sechost.dll rpcrt4.dll mscoree.dll gdi32.dll user32.dll imm32.dll cryptbase.dll sxs.dll clr.dll mscorlib.ni.dll clrjit.dll version.dll mscorlib.dll mscorlib.dll system.ni.dll system.core.ni.dll windowsbase.ni.dll presentationcore.ni.dll presentationframework.ni.dll presentationcore.dll presentationcore.dll uiautomationprovider.ni.dll system.drawing.ni.dll accessibility.ni.dll system.configuration.ni.dll uiautomationclient.ni.dll system.numerics.ni.dll system.security.ni.dll,normal
 ntdll.dll wow64.dll kernel32.dll user32.dll kernel32.dll msvcrt.dll user32.dll gdi32.dll lpk.dll usp10.dll advapi32.dll cryptbase.dll imm32.dll msctf.dll apphelp.dll,normal
 cbsapi.dll netapi32.dll samcli.dll logoncli.dll cbsapi.dll wow64.dll wow64win.dll wow64cpu.dll kernel32.dll kernel32.dll user32.dll kernel32.dll kernelbase.dll advapi32.dll msvcrt.dll sspicli.dll msvcr120_clr0400.dll mscoree.dll gdi32.dll user32.dll lpk.dll imm32.dll msctf.dll cryptsp.dll rsaenh.dll rpcrtremote.dll clbcatq.dll sxs.dll mscoreei.dll shlwapi.dll clrjit.dll system.ni.dll system.data.ni.dll version.dll mscorlib.dll system.dll system.data.dll system.xml.ni.dll system.xml.dll system.xml.dll system.transactions.dll system.transactions.dll system.transactions.dll system.numerics.dll system.configuration.dll system.security.ni.dll system.security.dll system.security.dll system.enterpriseservices.ni.dll,normal
 ntdll.dll kernelbase.dll imm32.dll msctf.dll msvcrt.dll winbrand.dll lpk.dll usp10.dll,normal
 KernelBase.dll msvcrt.dll advapi32.dll sechost.dll rpcrt4.dll shell32.dll gdi32.dll user32.dll lpk.dll wer.dll ole32.dll msctf.dll profapi.dll SensApi.dll ntdll.dll kernel32.dll user32.dllnormaliz.dll ntdll.dll wow64cpu.dll kernel32.dll kernel32.dll KernelBase.dll oleaut32.dll ole32.dll gdi32.dll user32.dll rpcrt4.dll sspicli.dll lpk.dll usp10.dll version.dll shell32.dll wsock32.dll ws2_32.dll nsi.dll srvcli.dll wkscli.dll imm32.dll msctf.dll mpr.dll olepro32.dll sxs.dll NapiNSP.dll pnrpnsp.dll dnsapi.dll winrnr.dll cryptsp.dll winnsi.dll PortableDeviceApi.dll setupapi.dll setupapi.dll cfgmgr32.dll devobj.dll devobj.dll devobj.dll wintrust.dll msasn1.dll ieframe.dll api-ms-win-downlevel-advapi32-l1-1-0.dll api-ms-win-downlevel-user32-l1-1-0.dll api-ms-win-downlevel-shell32-l1-1-0.dll iertutil.dll profapi.dll dwmapi.dll propsys.dll SensApi.dll SensApi.dll SensApi.dll SensApi.dll SensApi.dll oleacc.dll SensApi.dll SensApi.dll SensApi.dll SensApi.dll SensApi.dll SensApi.dll SensApi.dll SensApi.dll SensApi.dll SensApi.dll SensApi.dll SensApi.dll SensApi.dll SensApi.dll SensApi.dll apphelp.dll api-ms-win-downlevel-advapi32-l1-1-0.dll api-ms-win-downlevel-shell32-l1-1-0.dll api-ms-win-downlevel-version-l1-1-0.dll iertutil.dll secur32.dll api-ms-win-downlevel-advapi32-l2-1-0.dll SensApi.dll SensApi.dll SensApi.dll SensApi.dll SensApi.dll SensApi.dll SensApi.dll SensApi.dll SensApi.dll SensApi.dll SensApi.dll SensApi.dll SensApi.dll SensApi.dll SensApi.dll SensApi.dll SensApi.dll SensApi.dll SensApi.dll SensApi.dll,normal
 kernel32.dll gdi32.dll lpk.dll usp10.dll msvcrt.dll imm32.dll ole32.dll rpcrt4.dll oleaut32.dll cryptbase.dll clbcatq.dll advapi32.dll sechost.dll ntdll.dll kernel32.dll kernel32.dll kernel32.dll KernelBase.dll advapi32.dll msvcrt.dll sspicli.dll dnsapi.dll nsi.dll dhcpcsvc6.dll gdi32.dll user32.dll lpk.dll usp10.dll msctf.dll clbcatq.dll oleaut32.dll cryptsp.dll wevtapi.dll ntdll.dll kernel32.dll KernelBase.dll advapi32.dll msvcrt.dll sechost.dll gdi32.dll user32.dll lpk.dll usp10.dll winmm.dll oleaut32.dll shlwapi.dll wmsgapi.dll duser.dll kernel32.dll KernelBase.dll user32.dll gdi32.dll usp10.dll winsta.dll rpcrt4.dll msctf.dll sechost.dll RpcRtRemote.dll advapi32.dll kbd101.dll kbdnec.dll kbd101.dll kbd106.dll UXInit.dll,normal
 ntdll.dll wow64.dll wow64win.dll kernel32.dll kernel32.dll kernel32.dll KernelBase.dll advapi32.dll sechost.dll rpcrt4.dll sspicli.dll ws2_32.dll dhcpcsvc.dll dhcpcsvc6.dll shell32.dll shlwapi.dll gdi32.dll user32.dll ole32.dll msctf.dll clbcatq.dll oleaut32.dll cryptsp.dll RpcRtRemote.dll wevtapi.dll wow64.dll wow64cpu.dll kernel32.dll kernel32.dll KernelBase.dll winbrand.dll user32.dll lpk.dll usp10.dll rpcrt4.dll sspicli.dll msctf.dll apphelp.dll,normal
 msftedit.dll mssvp.dll wpdshext.dll mssvp.dll mapi32.dll,normal
 kernel32.dll KernelBase.dll user32.dll lpk.dll usp10.dll msvcrt.dll imm32.dll ole32.dll rpcrt4.dll oleaut32.dll clbcatq.dll ntdll.dll kernel32.dll KernelBase.dll gdi32.dll user32.dll msvcrt.dll imm32.dll msctf.dll rpcrt4.dll cryptbase.dll clbcatq.dll advapi32.dll ntdll.dll kernel32.dll KernelBase.dll advapi32.dll sechost.dll gdi32.dll user32.dll lpk.dll imm32.dll msctf.dll wdscore.dll oleaut32.dll CbsCore.dll wintrust.dll ktmw32.dll dpx.dll dpx.dll wcp.dll DrUpdate.dll devobj.dll wrpint.dll sqmapi.dll winhttp.dll webio.dll cryptsp.dll rsaenh.dll clbcatq.dll CbsApi.dll smipi.dll ntdll.dll ntdll.dll wow64.dll kernel32.dll kernel32.dll kernel32.dll user32.dll KernelBase.dll msvcrt.dll user32.dll advapi32.dll sspicli.dll imm32.dll msctf.dll apphelp.dll,normal
 ntdll.dll msvcrt.dll sechost.dll rpcrt4.dll mscoree.dll gdi32.dll user32.dll lpk.dll usp10.dll imm32.dll rsaenh.dll clbcatq.dll sxs.dll mscoreei.dll clr.dll mscorlib.ni.dll version.dll mscorlib.dll PresentationFramework-SystemData.ni.dll System.Core.ni.dll WindowsBase.ni.dll System.Data.ni.dll System.Data.dll System.Data.dll System.Xml.ni.dll,normal
 ntdll.dll ntdll.dll wow64cpu.dll kernel32.dll kernel32.dll kernel32.dll advapi32.dll msvcrt.dll cryptbase.dll ws2_32.dll dhcpcsvc.dll dhcpcsvc6.dll user32.dll usp10.dll ole32.dll imm32.dll clbcatq.dll rsaenh.dll rpcrtremote.dll wevtapi.dll ntdll.dll ntdll.dll wow64win.dll kernel32.dll kernel32.dll kernel32.dll oleaut32.dll ole32.dll user32.dll advapi32.dll sechost.dll rpcrt4.dll sspicli.dll lpk.dll usp10.dll version.dll imm32.dll msctf.dll sxs.dll clbcatq.dll advapi32.dll wintrust.dll cryptsp.dll rsaenh.dll msisip.dll wshext.dll shlwapi.dll msi.dll scrrun.dll,normal
 ntdll.dll kernel32.dll sspicli.dll cryptbase.dll mscoree.dll gdi32.dll user32.dll lpk.dll usp10.dll wow64win.dll wow64cpu.dll kernel32.dll kernel32.dll rsaenh.dll RpcRtRemote.dll KernelBase.dll mscoreei.dll msvcr80.dll shlwapi.dll advapi32.dll mscorlib.ni.dll mscorlib.dll version.dll mscorlib.dll mscorlib.dll msvcrt.dll System.ni.dll WindowsBase.ni.dll sechost.dll rpcrt4.dll PresentationFramework.ni.dll WindowsBase.dll WindowsBase.dll WindowsBase.dll System.dll System.dll System.dll PresentationCore.dll PresentationCore.dll PresentationCore.dll PresentationFramework.dll PresentationFramework.dll PresentationFramework.dll UIAutomationProvider.dll System.Drawing.dll System.Drawing.dll System.Deployment.dll System.Deployment.dll System.Deployment.dll PresentationUI.dll PresentationUI.dll System.Printing.ni.dll System.Printing.dll System.Printing.dll System.Printing.dll ReachFramework.ni.dll UIAutomationTypes.ni.dll UIAutomationTypes.dll UIAutomationTypes.dll UIAutomationTypes.dll ReachFramework.dll ReachFramework.dll System.Data.ni.dll System.Data.dll System.Data.dll System.Data.dll ws2_32.dll Accessibility.ni.dll Accessibility.dll Accessibility.dll Accessibility.dll Accessibility.dll msasn1.dll System.configuration.dll System.configuration.dll System.Security.ni.dll System.Security.dll PresentationCFFRasterizer.dll,normal
 ntdll.dll kernel32.dll user32.dll usp10.dll imm32.dll ole32.dll rpcrt4.dll oleaut32.dll clbcatq.dll ntdll.dll kernel32.dll kernelbase.dll gdi32.dll user32.dll lpk.dll usp10.dll msvcrt.dll imm32.dll msctf.dll ole32.dll rpcrt4.dll oleaut32.dll clbcatq.dll advapi32.dll ntdll.dll wow64.dll wow64win.dll wow64cpu.dll kernel32.dll kernel32.dll kernel32.dll kernelbase.dll winbrand.dll user32.dll advapi32.dll imm32.dll,normal
 ntdll.dll kernel32.dll kernelbase.dll usp10.dll msvcrt.dll imm32.dll rpcrt4.dll oleaut32.dll cryptbase.dll clbcatq.dll sechost.dll,normal
 ntdll.dll ntdll.dll wow64win.dll kernel32.dll kernel32.dll msvcrt.dll winbrand.dll user32.dll gdi32.dll lpk.dll advapi32.dll sechost.dll sspicli.dll imm32.dll apphelp.dll,normal
 ntdll.dll kernel32.dll kernelbase.dll ucrtbase.dll rpcrt4.dll gdi32.dll user32.dll win32u.dll imm32.dll oleaut32.dll msvcp_win.dll shcore.dll cfgmgr32.dll shlwapi.dll kernel.appcore.dll profapi.dll clbcatq.dll msctf.dll,normal
 ntdll.dll kernelbase.dll sechost.dll wersvc.dll faultrep.dll user32.dll gdi32.dll usp10.dll imm32.dll msctf.dll wer.dll ole32.dll profapi.dll apphelp.dll,normal
 ntdll.dll wow64win.dll wow64cpu.dll kernel32.dll kernel32.dll kernel32.dll KernelBase.dll msvcrt.dll gdi32.dll usp10.dll advapi32.dll rpcrt4.dll sspicli.dll imm32.dll msctf.dll,normal
 ntdll.dll ole32.dll imm32.dll shell32.dll msvcrt.dll user32.dll lpk.dll usp10.dll rpcrt4.dll gdiplus.dll shell32.dll msasn1.dll cryptbase.dll cryptsp.dll rpcrtremote.dll profapi.dll uxtheme.dll windowscodecs.dll clbcatq.dll wups2.dll actxprxy.dll setupapi.dll cfgmgr32.dll devobj.dll apphelp.dll explorerframe.dll dui70.dll sxs.dll shdocvw.dll explorerframe.dll shdocvw.dll explorerframe.dll dui70.dll,normal
 ntdll.dll wow64.dll wow64win.dll wow64cpu.dll kernel32.dll kernel32.dll kernel32.dll kernelbase.dll msvcrt.dll gdi32.dll lpk.dll usp10.dll advapi32.dll cryptbase.dll apphelp.dll,normal
 ntdll.dll kernel32.dll KernelBase.dll user32.dll lpk.dll usp10.dll msctf.dll ole32.dll rpcrt4.dll oleaut32.dll ntdll.dll wow64.dll wow64win.dll wow64cpu.dll kernel32.dll kernel32.dll kernel32.dll winbrand.dll user32.dll lpk.dll usp10.dll advapi32.dll sechost.dll rpcrt4.dll cryptbase.dll apphelp.dll,normal
 ntdll.dll msvcrt.dll usp10.dll oleaut32.dll shlwapi.dll imm32.dll msctf.dll msshooks.dll mscoree.dll mscoreei.dll cryptbase.dll cryptsp.dll mssprxy.dll ntdll.dll kernel32.dll vcruntime140.dll api-ms-win-core-timezone-l1-1-0.dll api-ms-win-core-file-l2-1-0.dll api-ms-win-core-localization-l1-2-0.dll api-ms-win-core-synch-l1-2-0.dll api-ms-win-core-file-l1-2-0.dll api-ms-win-crt-heap-l1-1-0.dll api-ms-win-crt-stdio-l1-1-0.dll api-ms-win-crt-convert-l1-1-0.dll advapi32.dll sechost.dll rpcrt4.dll msvcp140.dll api-ms-win-crt-multibyte-l1-1-0.dll api-ms-win-crt-filesystem-l1-1-0.dll api-ms-win-crt-utility-l1-1-0.dll ole32.dll gdi32.dll lpk.dll usp10.dll imm32.dll msctf.dll mso20win32client.dll mso30win32client.dll msimg32.dll shlwapi.dll d2d1.dll uxtheme.dll wtsapi32.dll winsta.dll dxgi.dll version.dll setupapi.dll crypt32.dll msasn1.dll d3d10_1core.dll cfgmgr32.dll devobj.dll d3d10warp.dll vm3dum64.dll cfgmgr32.dll devobj.dll vm3dum64.dll vm3dum64.dll vm3dum64.dll vm3dum64.dll vm3dum64_10.dll vm3dum64_10.dll winmm.dll winmm.dll d3d10level9.dll vm3dum64.dll d3d10level9.dll setupapi.dll cfgmgr32.dll devobj.dll msimtf.dll dwrite.dll mscoreei.dll mscorwks.dll profapi.dll cryptsp.dll winmm.dll windowscodecs.dll devobj.dll propsys.dll bcrypt.dll msvcr100.dll urlmon.dll api-ms-win-downlevel-shlwapi-l1-1-0.dll api-ms-win-downlevel-advapi32-l1-1-0.dll api-ms-win-downlevel-user32-l1-1-0.dll api-ms-win-downlevel-version-l1-1-0.dll api-ms-win-downlevel-normaliz-l1-1-0.dll iertutil.dll wininet.dll userenv.dll psapi.dll oleacc.dll kernel32.dll kernelbase.dll msvcrt.dll ole32.dll gdi32.dll user32.dll lpk.dll usp10.dll rpcrt4.dll imm32.dll clbcatq.dll advapi32.dll oleaut32.dll cryptsp.dll shacct.dll comctl32.dll shlwapi.dll userenv.dll idstore.dll ntdll.dll kernel32.dll advapi32.dll msvcrt.dll sechost.dll rpcrt4.dll msvcr120_clr0400.dll mscoree.dll ole32.dll gdi32.dll lpk.dll oleaut32.dll msctf.dll cryptsp.dll rsaenh.dll rpcrtremote.dll clbcatq.dll mscorwks.dll profapi.dll version.dll mscorlib.dll system.ni.dll microsoft.applicationid.framework.ni.dll system.drawing.ni.dll system.windows.forms.ni.dll system.security.ni.dll system.runtime.serialization.formatters.soap.ni.dll system.data.sqlxml.ni.dll,normal
 ntdll.dll msvcrt.dll mscoree.dll gdi32.dll lpk.dll usp10.dll cryptsp.dll rsaenh.dll RpcRtRemote.dll sxs.dll mscoreei.dll clrjit.dll mscorlib.dll System.ni.dll System.Core.ni.dll System.Runtime.DurableInstancing.ni.dll Microsoft.Management.Infrastructure.ni.dll System.Transactions.dll System.Transactions.dll System.Transactions.dll System.Transactions.dll System.ServiceModel.Internals.ni.dll System.Xml.Linq.ni.dll System.Xaml.ni.dll System.Security.ni.dll Microsoft.PowerShell.Commands.Management.ni.dll api-ms-win-core-xstate-l2-1-0.dll SMDiagnostics.ni.dll Microsoft.Management.Infrastructure.Native.ni.dll Microsoft.Management.Infrastructure.Native.dll Microsoft.Management.Infrastructure.Native.dll bcryptprimitives.dll Microsoft.PowerShell.Workflow.ServiceCore.ni.dll KernelBase.dll msvcrt.dll rpcrt4.dll lpk.dll usp10.dll imm32.dll uxtheme.dll powrprof.dll devobj.dll dwmapi.dll slc.dll GdiPlus.dll sspicli.dll propsys.dll advapi32.dll winsta.dll shlwapi.dll comctl32.dll shell32.dll apphelp.dll oleaut32.dll api-ms-win-crt-runtime-l1-1-0.dll ucrtbase.dll api-ms-win-core-file-l2-1-0.dll srvcli.dll imageres.dll imageres.dll imageres.dll imageres.dll api-ms-win-core-synch-l1-2-0.dll api-ms-win-core-processthreads-l1-1-1.dll api-ms-win-core-file-l1-2-0.dll api-ms-win-crt-string-l1-1-0.dll api-ms-win-crt-heap-l1-1-0.dll api-ms-win-crt-multibyte-l1-1-0.dll api-ms-win-crt-time-l1-1-0.dll api-ms-win-crt-environment-l1-1-0.dll api-ms-win-crt-utility-l1-1-0.dll EhStorShell.dll imecfm.dll winmm.dll shacct.dll samlib.dll xmllite.dll cryptui.dll urlmon.dll api-ms-win-downlevel-shlwapi-l1-1-0.dll api-ms-win-downlevel-advapi32-l1-1-0.dll api-ms-win-downlevel-user32-l1-1-0.dll api-ms-win-downlevel-version-l1-1-0.dll api-ms-win-downlevel-normaliz-l1-1-0.dllnormaliz.dll iertutil.dll wininet.dll api-ms-win-downlevel-advapi32-l2-1-0.dll imageres.dll imageres.dll imageres.dll imageres.dll imageres.dll mpr.dll cscui.dll cscapi.dll msutb.dll themeui.dll sxs.dll cryptsp.dll rsaenh.dll SndVolSSO.dll hid.dll MMDevAPI.dll imageres.dll imageres.dll actxprxy.dll msasn1.dll linkinfo.dll userenv.dll netutils.dll msftedit.dll msls31.dll gameux.dll wer.dll tiptsf.dll authui.dll thumbcache.dll networkexplorer.dll UIAnimation.dll stobject.dll batmeter.dll nsi.dll winnsi.dll nlaapi.dll webio.dll ws2_32.dll wintrust.dll dhcpcsvc6.dll es.dll dhcpcsvc.dll DXP.dll Syncreg.dll ehSSO.dll AltTab.dll WPDShServiceObj.dll pnidui.dll mssprxy.dll FXSST.dll wlanapi.dll wlanutil.dll wwapi.dll api-ms-win-downlevel-shell32-l1-1-0.dll webcheck.dll imapi2.dll netprofm.dll SearchFolder.dll StructuredQuery.dll NaturalLanguage6.dll NlsModels0011.dll UIAutomationCore.dll DeviceCenter.dll mswsock.dll wship6.dll api-ms-win-downlevel-shlwapi-l2-1-0.dll tquery.dll mapi32.dll mssvp.dll msxml6.dll sfc.dll sfc_os.dll wscapi.dll framedynos.dll hcproviders.dll DeviceCenter.dll mssvp.dll mapi32.dll sfc_os.dll sfc.dll sfc_os.dll acppage.dll wshext.dll comdlg32.dll syncui.dll cryptext.dll authz.dll dsrole.dll aclui.dll docprop.dll msimg32.dll syncui.dll acppage.dll sfc.dll sfc_os.dll imageres.dll sppuinotify.dll sppuinotify.dll DeviceCenter.dll sppuinotify.dll syncui.dll synceng.dll acppage.dll sfc.dll sfc_os.dll VAN.dll wwanmm.dll RASMM.dll rasapi32.dll wlanhlp.dll RASMM.dll onex.dll onex.dll eappprxy.dll sfc_os.dll drprov.dll davclnt.dll davhlpr.dll EhStorAPI.dll imageres.dll imageres.dll imageres.dll syncui.dll acppage.dll sfc.dll sfc_os.dll devrtl.dll zipfldr.dll imageres.dll imageres.dll imageres.dll sendmail.dll mydocs.dll zipfldr.dll wpdshext.dll wucltux.dll msxml3.dll wucltux.dll wucltux.dll wucltux.dll wucltux.dll wucltux.dll wucltux.dll wucltux.dll cabinet.dll imageres.dll wups2.dll wups2.dll imageres.dll wups2.dll sppuinotify.dll DeviceCenter.dll imageres.dll sppuinotify.dll wups2.dll sppuinotify.dll sppuinotify.dll sppuinotify.dll sppuinotify.dll mssvp.dll mapi32.dll mssvp.dll mssvp.dll mapi32.dll imageres.dll wups2.dll imageres.dll wups2.dll wups2.dll,normal
 mscoree.dll mscoreei.dll clr.dll msctf.dll kernel32.dll KernelBase.dll advapi32.dll sechost.dll rpcrt4.dll shlwapi.dll usp10.dll fusion.dll cryptsp.dll rsaenh.dll,normal
 ntdll.dll gdi32.dll usp10.dll msvcrt.dll imm32.dll ole32.dll oleaut32.dll cryptbase.dll ntdll.dll user32.dll lpk.dll msvcrt.dll imm32.dll cryptbase.dll clbcatq.dll advapi32.dll sechost.dll ntdll.dll kernelbase.dll rpcrt4.dll user32.dll lpk.dll usp10.dll imm32.dll wdscore.dll oleaut32.dll shell32.dll shlwapi.dll cryptbase.dll cbscore.dll version.dll crypt32.dll wintrust.dll profapi.dll ktmw32.dll dpx.dll dpx.dll dpx.dll wcp.dll setupapi.dll cfgmgr32.dll devobj.dll mpr.dll wrpint.dll sxsstore.dll winhttp.dll webio.dll winhttp.dll webio.dll sensapi.dll cryptsp.dll rpcrtremote.dll cbsapi.dll ntdll.dll wow64win.dll wow64cpu.dll kernel32.dll kernel32.dll user32.dll kernelbase.dll advapi32.dll rpcrt4.dll cryptbase.dll ws2_32.dll nsi.dll dhcpcsvc6.dll shell32.dll shlwapi.dll gdi32.dll user32.dll lpk.dll msctf.dll clbcatq.dll oleaut32.dll cryptsp.dll wevtapi.dll wow64.dll wow64cpu.dll kernel32.dll kernel32.dll user32.dll kernelbase.dll msvcrt.dll oleaut32.dll ole32.dll gdi32.dll sechost.dll cryptbase.dll lpk.dll msctf.dll vbscript.dll wintrust.dll msasn1.dll cryptsp.dll msisip.dll wshext.dll shell32.dll shlwapi.dll scrobj.dll msi.dll scrrun.dll ntdll.dll wow64win.dll kernel32.dll kernel32.dll user32.dll kernel32.dll msvcrt.dll user32.dll gdi32.dll advapi32.dll rpcrt4.dll cryptbase.dll imm32.dll msctf.dll apphelp.dll,normal
 ntdll.dll kernel32.dll sechost.dll user32.dll gdi32.dll lpk.dll mpr.dll ole32.dll oleaut32.dll secur32.dll sspicli.dll ws2_32.dll nsi.dll srvcli.dll framedynos.dll wtsapi32.dll ntdsapi.dll imm32.dll msctf.dll cryptbase.dll wbemprox.dll wbemcomn.dll ntdll.dll wow64win.dll wow64cpu.dll kernel32.dll kernel32.dll kernel32.dll winbrand.dll advapi32.dll sechost.dll rpcrt4.dll apphelp.dll KernelBase.dll msvcrt.dll gdi32.dll,normal
 ntdll.dll ntdll.dll wow64win.dll wow64cpu.dll kernel32.dll kernel32.dll user32.dll kernel32.dll oleaut32.dll ole32.dll user32.dll sechost.dll rpcrt4.dll lpk.dll msctf.dll clbcatq.dll vbscript.dll advapi32.dll wintrust.dll crypt32.dll msasn1.dll rsaenh.dll msisip.dll comctl32.dll shell32.dll shlwapi.dll,normal
 ntdll.dll kernelbase.dll ole32.dll gdi32.dll user32.dll rpcrt4.dll imm32.dll cryptbase.dll clbcatq.dll sechost.dll cryptui.dll crypt32.dll msasn1.dll comctl32.dll shlwapi.dll uxtheme.dll dui70.dll mmdevapi.dll propsys.dll setupapi.dll winbrand.dll vaultcredprovider.dll wtsapi32.dll smartcardcredentialprovider.dll secur32.dll sspicli.dll winbio.dll credui.dll srvcli.dll wkscli.dll samcli.dll certcredprovider.dll rasplap.dll rasman.dll ws2_32.dll rtutils.dll uiautomationcore.dll psapi.dll cryptsp.dll rsaenh.dll winscard.dll msimg32.dll,normal
 ntdll.dll wow64cpu.dll kernel32.dll kernel32.dll user32.dll kernel32.dll kernelbase.dll sspicli.dll msvcr120_clr0400.dll mscoree.dll ole32.dll user32.dll lpk.dll usp10.dll rsaenh.dll clbcatq.dll mscoreei.dll shlwapi.dll microsoft.powershell.security.dll microsoft.powershell.security.dll version.dll mscorlib.dll mscorlib.dll system.management.automation.dll system.management.automation.dll system.ni.dll system.dll system.dll system.core.ni.dll system.core.dll system.core.dll system.core.dll system.core.dll system.core.dll system.configuration.install.dll system.xml.ni.dll system.xml.dll system.xml.dll system.xml.dll system.security.dll system.security.dll ntdll.dll ntdll.dll wow64.dll wow64win.dll wow64cpu.dll kernel32.dll kernel32.dll user32.dll ole32.dll gdi32.dll user32.dll advapi32.dll sechost.dll rpcrt4.dll lpk.dll imm32.dll msctf.dll clbcatq.dll oleaut32.dll rsaenh.dll uxtheme.dll actxprxy.dll comctl32.dll,normal
 wow64win.dll kernel32.dll kernel32.dll user32.dll kernel32.dll msvcrt.dll sechost.dll rpcrt4.dll sspicli.dll cryptbase.dll dnsapi.dll ws2_32.dll nsi.dll winnsi.dll dhcpcsvc.dll dhcpcsvc6.dll shell32.dll gdi32.dll ole32.dll imm32.dll oleaut32.dll cryptsp.dll rsaenh.dll wevtapi.dll,normal
 kernel32.dll kernelbase.dll gdi32.dll msvcrt.dll imm32.dll rpcrt4.dll oleaut32.dll cryptbase.dll sechost.dll ntdll.dll ntdll.dll wow64win.dll wow64cpu.dll kernel32.dll kernel32.dll msvcrt.dll winbrand.dll user32.dll gdi32.dll lpk.dll usp10.dll sechost.dll rpcrt4.dll cryptbase.dll imm32.dll msctf.dll,normal
 ntdll.dll ole32.dll imm32.dll kernel32.dll sechost.dll msctf.dll rpcrt4.dll msvcrt.dll user32.dll kernelbase.dll cryptbase.dll bcrypt.dll wship6.dll netutils.dll pcwum.dll version.dll winnsi.dll dhcpcsvc6.dll secur32.dll sspicli.dll rpcrtremote.dll winhttp.dll atl.dll wshqos.dll wshqos.dll wshqos.dll xmllite.dll fdrespub.dll webservices.dll fundisc.dll msxml6.dll ssdpsrv.dll,normal
 KernelBase.dll advapi32.dll msvcrt.dll sechost.dll rpcrt4.dll user32.dll lpk.dll ole32.dll msimg32.dll profapi.dll winsta.dll crypt32.dll msasn1.dll msctf.dll comctl32.dll shlwapi.dll shell32.dll wintrust.dll rsaenh.dll imagehlp.dll bcryptprimitives.dll cryptnet.dll SensApi.dll setupapi.dll oleaut32.dll cabinet.dll devrtl.dll version.dll urlmon.dll wininet.dll ntdll.dll kernel32.dll KernelBase.dll gdi32.dll lpk.dll usp10.dll msvcrt.dll imm32.dll msctf.dll ole32.dll rpcrt4.dll cryptbase.dll clbcatq.dll advapi32.dll sechost.dll kernel32.dll usp10.dll msvcrt.dll msctf.dll ole32.dll oleaut32.dll,normal
 ntdll.dll kernel32.dll KernelBase.dll gdi32.dll user32.dll lpk.dll msctf.dll ole32.dll rpcrt4.dll ntdll.dll imm32.dll rpcrt4.dll oleaut32.dll cryptbase.dll clbcatq.dll advapi32.dll sechost.dll wow64.dll wow64cpu.dll kernel32.dll kernel32.dll user32.dll kernel32.dll advapi32.dll sechost.dll rpcrt4.dll cryptbase.dll ws2_32.dll winnsi.dll dhcpcsvc.dll dhcpcsvc6.dll shlwapi.dll gdi32.dll user32.dll lpk.dll usp10.dll imm32.dll cryptsp.dll rsaenh.dll RpcRtRemote.dll wevtapi.dll ntdll.dll ntdll.dll wow64.dll wow64win.dll wow64cpu.dll kernel32.dll kernel32.dll user32.dll kernel32.dll msvcrt.dll cryptbase.dll dnsapi.dll ws2_32.dll nsi.dll winnsi.dll dhcpcsvc6.dll shlwapi.dll gdi32.dll user32.dll lpk.dll usp10.dll msctf.dll rsaenh.dll RpcRtRemote.dll ntdll.dll ntdll.dll wow64win.dll kernel32.dll kernel32.dll user32.dll kernel32.dll msvcrt.dll user32.dll usp10.dll advapi32.dll sechost.dll cryptbase.dll apphelp.dll,normal
 advapi32.dll msvcrt.dll shell32.dll gdi32.dll lpk.dll usp10.dll ole32.dll cryptbase.dll uxtheme.dll propsys.dll oleaut32.dll clbcatq.dll ntmarta.dll wldap32.dll urlmon.dll api-ms-win-downlevel-shlwapi-l1-1-0.dll api-ms-win-downlevel-advapi32-l1-1-0.dll api-ms-win-downlevel-version-l1-1-0.dll version.dll api-ms-win-downlevel-normaliz-l1-1-0.dll normaliz.dll iertutil.dll wininet.dll userenv.dll setupapi.dll cfgmgr32.dll mpr.dll api-ms-win-downlevel-version-l1-1-0.dll version.dll api-ms-win-downlevel-normaliz-l1-1-0.dll normaliz.dll iertutil.dll,normal
 ntdll.dll advapi32.dll msvcrt.dll sechost.dll winnsi.dll shell32.dll shlwapi.dll gdi32.dll user32.dll lpk.dll imm32.dll dnsapi.dll dhcpcsvc.dll dhcpcsvc6.dll,normal
 ntdll.dll wow64win.dll wow64cpu.dll kernel32.dll kernel32.dll kernel32.dll KernelBase.dll user32.dll gdi32.dll lpk.dll usp10.dll advapi32.dll sspicli.dll imm32.dll msctf.dll,normal
 KernelBase.dll sechost.dll rpcrt4.dll msvcr120_clr0400.dll mscoree.dll ole32.dll gdi32.dll lpk.dll cryptbase.dll rsaenh.dll RpcRtRemote.dll clbcatq.dll mscoreei.dll clr.dll shlwapi.dll mscorlib.ni.dll clrjit.dll version.dll mscorlib.dll System.ni.dll System.Core.ni.dll System.Xml.ni.dll System.Configuration.ni.dll,normal
 ntdll.dll kernel32.dll kernelbase.dll msvcrt.dll sechost.dll rpcrt4.dll lpk.dll tquery.dll tquery.dll msctf.dll msshooks.dll msshooks.dll mscoreei.dll oleaut32.dll cryptsp.dll rsaenh.dll rpcrtremote.dll mssprxy.dll,normal
 ntdll.dll,normal
 ntdll.dll kernelbase.dll advapi32.dll msvcrt.dll sechost.dll rpcrt4.dll msvcr120_clr0400.dll user32.dll usp10.dll oleaut32.dll imm32.dll cryptbase.dll rsaenh.dll sxs.dll mscorwks.dll shlwapi.dll mscorlib.ni.dll mscorlib.dll mscorlib.dll version.dll mscorlib.dll mscorlib.dll mscorsec.dll wintrust.dll bcrypt.dll userenv.dll gpapi.dll wldap32.dll sensapi.dll microsoft.visualstudio.tools.office.addinadapter.v9.0.ni.dll microsoft.visualstudio.tools.applications.addinadapter.v9.0.ni.dll system.configuration.ni.dll ntdll.dll rpcrt4.dll msvcr120_clr0400.dll mscoree.dll ole32.dll gdi32.dll user32.dll lpk.dll imm32.dll msctf.dll cryptbase.dll cryptsp.dll rsaenh.dll clbcatq.dll mscoreei.dll msvcr80.dll shell32.dll mscorlib.dll version.dll mscorlib.dll mscorsec.dll msasn1.dll riched20.dll imagehlp.dll bcryptprimitives.dll userenv.dll gpapi.dll cryptnet.dll wldap32.dll sensapi.dll microsoft.visualstudio.tools.applications.contract.v9.0.ni.dll microsoft.visualstudio.tools.office.contract.v9.0.dll microsoft.visualstudio.tools.office.contract.v9.0.dll microsoft.visualstudio.tools.office.contract.v9.0.ni.dll microsoft.visualstudio.tools.office.contract.v9.0.ni.dll kernel32.dll kernelbase.dll sechost.dll rpcrt4.dll msvcr120_clr0400.dll user32.dll lpk.dll imm32.dll cryptbase.dll clbcatq.dll sxs.dll mscoreei.dll msvcr80.dll shell32.dll profapi.dll mscorlib.dll version.dll mscorlib.dll mscorlib.dll ntdll.dll kernel32.dll msvcrt.dll rpcrt4.dll msvcr120_clr0400.dll ole32.dll user32.dll lpk.dll oleaut32.dll imm32.dll msctf.dll rsaenh.dll rpcrtremote.dll clbcatq.dll sxs.dll mscoreei.dll shell32.dll profapi.dll mscorjit.dll mscorlib.dll version.dll mscorlib.dll mscorlib.dll system.ni.dll microsoft.powershell.commands.utility.ni.dll system.management.automation.ni.dll system.xml.ni.dll microsoft.jscript.ni.dll system.web.ni.dll system.web.dll system.web.dll system.configuration.install.ni.dll system.transactions.ni.dll system.transactions.dll system.transactions.dll system.management.ni.dll system.directoryservices.ni.dll system.data.ni.dll system.data.dll system.data.dll system.data.dll system.data.dll ws2_32.dll nsi.dll msasn1.dll system.configuration.ni.dll system.data.sqlxml.ni.dll system.runtime.serialization.formatters.soap.ni.dll system.deployment.ni.dll system.enterpriseservices.ni.dll microsoft.visualc.ni.dll system.web.services.ni.dll system.design.ni.dll system.drawing.design.ni.dll system.data.oracleclient.dll system.data.oracleclient.dll system.data.oracleclient.dll system.data.oracleclient.dll system.data.oracleclient.dll microsoft.vsa.ni.dll kernel32.dll kernelbase.dll advapi32.dll sechost.dll msvcr120_clr0400.dll mscoree.dll gdi32.dll lpk.dll usp10.dll oleaut32.dll msctf.dll rsaenh.dll rpcrtremote.dll sxs.dll mscoreei.dll mscorwks.dll shlwapi.dll shell32.dll profapi.dll mscorlib.dll system.ni.dll napinit.ni.dll system.configuration.ni.dll system.xml.ni.dll system.runtime.serialization.formatters.soap.ni.dll system.deployment.ni.dll system.data.sqlxml.ni.dll ntdll.dll kernel32.dll kernelbase.dll advapi32.dll msvcrt.dll sechost.dll rpcrt4.dll msvcr120_clr0400.dll mscoree.dll gdi32.dll user32.dll imm32.dll msctf.dll cryptbase.dll cryptsp.dll rsaenh.dll clbcatq.dll mscoreei.dll shlwapi.dll clrjit.dll system.ni.dll microsoft.office.tools.common.ni.dll mscorlib.dll system.drawing.ni.dll system.windows.forms.ni.dll microsoft.office.tools.ni.dll system.xml.ni.dll system.core.ni.dll ntdll.dll kernel32.dll kernelbase.dll advapi32.dll sechost.dll rpcrt4.dll msvcr120_clr0400.dll user32.dll lpk.dll usp10.dll oleaut32.dll imm32.dll msctf.dll cryptsp.dll rsaenh.dll clbcatq.dll sxs.dll shlwapi.dll mscorlib.ni.dll version.dll mscorlib.dll system.core.ni.dll windowsbase.ni.dll presentationframework.ni.dll presentationframework.aero.ni.dll presentationcore.dll ntdll.dll kernelbase.dll advapi32.dll msvcrt.dll mscoree.dll ole32.dll user32.dll msctf.dll cryptbase.dll cryptsp.dll rpcrtremote.dll clbcatq.dll sxs.dll clr.dll mscorlib.ni.dll clrjit.dll system.xml.ni.dll mscorlib.dll system.configuration.ni.dll,normal
 ntdll.dll ole32.dll msctf.dll lpk.dll msvcrt.dll gdi32.dll usp10.dll kernelbase.dll advapi32.dll sechost.dll cryptbase.dll ntdll.dll wow64win.dll wow64cpu.dll kernel32.dll kernel32.dll kernel32.dll kernelbase.dll msvcrt.dll ole32.dll gdi32.dll user32.dll sechost.dll rpcrt4.dll lpk.dll usp10.dll imm32.dll version.dll clbcatq.dll advapi32.dll sxs.dll vbscript.dll crypt32.dll msasn1.dll shlwapi.dll msi.dll,normal
 ntdll.dll kernel32.dll user32.dll lpk.dll usp10.dll msvcrt.dll msctf.dll rpcrt4.dll oleaut32.dll cryptbase.dll advapi32.dll sechost.dll rpcrt4.dll usp10.dll msswch.dll winmm.dll GdiPlus.dll ole32.dll oleacc.dll shlwapi.dll wmsgapi.dll uxtheme.dll imm32.dll msctf.dll cryptbase.dll dui70.dll comctl32.dll clbcatq.dll tabskb.dll cryptsp.dll rsaenh.dll atl.dll WindowsCodecs.dll,normal
 dsrole.dll dsrole.dll dsrole.dll dsrole.dll,normal
 ntdll.dll kernel32.dll kernelbase.dll msvcrt.dll rpcrt4.dll lpk.dll usp10.dll wmsgapi.dll wtsapi32.dll winmm.dll userenv.dll winsta.dll crypt32.dll msctf.dll msutb.dll comctl32.dll shlwapi.dll sspicli.dll cryptsp.dll rsaenh.dll bcrypt.dll bcryptprimitives.dll ncrypt.dll gpapi.dll cabinet.dll devrtl.dll version.dll clbcatq.dll oleaut32.dll urlmon.dll wininet.dll iertutil.dll ntdll.dll wow64.dll wow64win.dll wow64cpu.dll kernel32.dll kernel32.dll winbrand.dll user32.dll gdi32.dll lpk.dll usp10.dll sechost.dll rpcrt4.dll sspicli.dll cryptbase.dll msctf.dll,normal
 ntdll.dll kernel32.dll KernelBase.dll gdi32.dll lpk.dll ole32.dll oleaut32.dll imm32.dll ntdll.dll KernelBase.dll gdi32.dll usp10.dll msvcrt.dll ole32.dll rpcrt4.dll oleaut32.dll cryptbase.dll advapi32.dll,normal
 msftedit.dll,normal
 clr.dll msvcr120_clr0400.dll msctf.dll ntdll.dll KernelBase.dll msvcrt.dll sechost.dll shlwapi.dll gdi32.dll user32.dll usp10.dll imm32.dll cryptbase.dll fusion.dll,normal
 msctf.dll msctf.dll ntdll.dll ntdll.dll KernelBase.dll msvcrt.dll advapi32.dll sechost.dll rpcrt4.dll gdi32.dll user32.dll user32.dll lpk.dll usp10.dll usp10.dll ole32.dll oleaut32.dll imm32.dll imm32.dll cryptbase.dll fusion.dll,normal
 kernel32.dll kernelbase.dll msvcrt.dll rpcrt4.dll combase.dll ucrtbase.dll bcryptprimitives.dll oleaut32.dll msvcp_win.dll gdi32.dll gdi32full.dll kernel.appcore.dll sechost.dll cfgmgr32.dll advapi32.dll mscoreei.dll sxs.dll shlwapi.dll msvcr120_clr0400.dll mscorlib.ni.dll ole32.dll usbceip.dll devobj.dll psapi.dll,normal
 ntdll.dll kernel32.dll kernelbase.dll msvcrt.dll msvcrt.dll shlwapi.dll imm32.dll msctf.dll shell32.dll uxtheme.dll dwmapi.dll dwmapi.dll shcore.dll shcore.dll,normal
 ntdll.dll kernel32.dll KernelBase.dll advapi32.dll sechost.dll rpcrt4.dll msvcr120_clr0400.dll gdi32.dll user32.dll lpk.dll cryptbase.dll rsaenh.dll RpcRtRemote.dll clbcatq.dll sxs.dll mscoreei.dll mscorwks.dll shlwapi.dll shell32.dll profapi.dll mscorlib.ni.dll mscorjit.dll mscorlib.dll mscorlib.dll System.ni.dll Microsoft.MediaCenter.Mheg.ni.dll Microsoft.MediaCenter.Mheg.dll Microsoft.MediaCenter.Mheg.dll Microsoft.MediaCenter.Mheg.dll Microsoft.VisualC.ni.dll System.Drawing.ni.dll System.Security.ni.dll System.Data.ni.dll System.Data.dll ws2_32.dll crypt32.dll System.Web.ni.dll System.Web.dll System.Web.dll System.Windows.Forms.ni.dll ehiiTv.ni.dll System.Data.SqlXml.ni.dll System.Transactions.ni.dll System.Transactions.dll System.Runtime.Serialization.Formatters.Soap.ni.dll System.DirectoryServices.Protocols.ni.dll System.Web.RegularExpressions.ni.dll System.Drawing.Design.ni.dll System.Data.OracleClient.ni.dll System.Data.OracleClient.dll System.Data.OracleClient.dll System.Data.OracleClient.dll System.Data.OracleClient.dll System.Deployment.ni.dll System.Configuration.Install.ni.dll BDATunePIA.ni.dll BDATunePIA.dll BDATunePIA.dll BDATunePIA.dll ehiProxy.ni.dll mcepg.ni.dll mcstore.ni.dll ehiVidCtl.ni.dll mcstoredb.dll mcstoredb.dll rasapi32.dll rasman.dll stdole.ni.dll wintrust.dll riched20.dll imagehlp.dll ncrypt.dll bcrypt.dll bcryptprimitives.dll userenv.dll gpapi.dll SensApi.dll KernelBase.dll msvcrt.dll sechost.dll msvcr120_clr0400.dll ole32.dll gdi32.dll oleaut32.dll imm32.dll cryptsp.dll rsaenh.dll RpcRtRemote.dll sxs.dll mscoreei.dll mscorwks.dll msvcr80.dll shlwapi.dll profapi.dll mscorlib.dll version.dll mscorlib.dll mscorlib.dll wintrust.dll crypt32.dll msasn1.dll riched20.dll bcrypt.dll bcryptprimitives.dll gpapi.dll cryptnet.dll SensApi.dll System.ni.dll System.AddIn.ni.dll Microsoft.VisualStudio.Tools.Applications.Contract.v10.0.ni.dll System.AddIn.Contract.ni.dll Microsoft.VisualStudio.Tools.Applications.Adapter.v9.0.ni.dll Microsoft.VisualStudio.Tools.Applications.Runtime.v9.0.ni.dll Microsoft.VisualStudio.Tools.Applications.Runtime.v10.0.ni.dll System.Xml.ni.dll ntdll.dll kernel32.dll KernelBase.dll advapi32.dll msvcrt.dll msvcr120_clr0400.dll mscoree.dll ole32.dll lpk.dll usp10.dll oleaut32.dll msctf.dll cryptsp.dll rsaenh.dll RpcRtRemote.dll sxs.dll mscorwks.dll shell32.dll profapi.dll mscorlib.dll mscorlib.dll version.dll mscorlib.dll mscorsec.dll wintrust.dll msasn1.dll riched20.dll imagehlp.dll ncrypt.dll bcrypt.dll bcryptprimitives.dll cryptnet.dll Wldap32.dll System.ni.dll System.AddIn.ni.dll Microsoft.VisualStudio.Tools.Applications.Runtime.v9.0.ni.dll WindowsBase.ni.dll System.Runtime.Remoting.ni.dll wow64.dll wow64cpu.dll kernel32.dll kernel32.dll kernel32.dll user32.dll advapi32.dll msvcrt.dll sechost.dll rpcrt4.dll cryptbase.dll msvcr120_clr0400.dll mscoree.dll user32.dll usp10.dll oleaut32.dll imm32.dll RpcRtRemote.dll sxs.dll mscorwks.dll shlwapi.dll profapi.dll mscorjit.dll mscorlib.dll mscorlib.dll System.AddIn.ni.dll mscorsec.dll wintrust.dll crypt32.dll msasn1.dll comctl32.dll ncrypt.dll bcrypt.dll bcryptprimitives.dll gpapi.dll SensApi.dll System.AddIn.dll System.AddIn.dll Microsoft.VisualStudio.Tools.Office.Outlook.HostAdapter.v10.0.dll Microsoft.VisualStudio.Tools.Office.Outlook.HostAdapter.v10.0.dll System.dll System.dll System.dll System.dll System.Core.ni.dll Microsoft.VisualStudio.Tools.Office.HostAdapter.v10.0.ni.dll Microsoft.VisualStudio.Tools.Office.HostAdapter.v10.0.dll Microsoft.VisualStudio.Tools.Office.HostAdapter.v10.0.dll System.Core.dll System.Core.dll System.Core.dll Microsoft.VisualStudio.Tools.Office.Runtime.v10.0.dll Microsoft.VisualStudio.Tools.Office.Runtime.v10.0.dll Microsoft.VisualStudio.Tools.Office.Contract.v9.0.dll Microsoft.VisualStudio.Tools.Office.Contract.v9.0.dll System.AddIn.Contract.ni.dll Microsoft.VisualStudio.Tools.Applications.Adapter.v9.0.ni.dll Microsoft.VisualStudio.Tools.Applications.Adapter.v9.0.dll System.Runtime.Remoting.ni.dll System.Runtime.Remoting.dll System.Configuration.ni.dll System.configuration.dll System.configuration.dll System.configuration.dll System.Xml.ni.dll ntdll.dll wow64.dll kernel32.dll kernel32.dll kernel32.dll kernel32.dll KernelBase.dll advapi32.dll sechost.dll msvcr120_clr0400.dll mscoree.dll imm32.dll msctf.dll cryptsp.dll sxs.dll mscoreei.dll clr.dll clrjit.dll Microsoft.Office.Tools.Excel.Implementation.dll Microsoft.Office.Tools.Excel.Implementation.dll version.dll mscorlib.dll mscorlib.dll System.Core.ni.dll Microsoft.Office.Tools.Common.dll Microsoft.Office.Tools.ni.dll Microsoft.Office.Tools.Excel.ni.dll Microsoft.Office.Tools.Excel.dll Microsoft.Office.Tools.Excel.dll System.dll System.dll System.Drawing.ni.dll System.Windows.Forms.ni.dll System.Windows.Forms.dll System.Windows.Forms.dll System.Windows.Forms.dll System.Windows.Forms.dll System.Windows.Forms.dll System.Windows.Forms.dll System.Drawing.dll System.Drawing.dll System.Drawing.dll System.Drawing.dll System.Drawing.dll Microsoft.VisualStudio.Tools.Applications.Runtime.dll System.Xml.ni.dll System.Xml.dll System.Xml.dll System.Xml.dll System.Xml.dll System.Data.ni.dll System.Data.dll System.Data.dll System.Data.dll System.Data.dll ntdll.dll wow64win.dll wow64cpu.dll kernel32.dll user32.dll kernel32.dll KernelBase.dll advapi32.dll sechost.dll rpcrt4.dll mscoree.dll ole32.dll usp10.dll oleaut32.dll imm32.dll msctf.dll cryptsp.dll rsaenh.dll RpcRtRemote.dll mscoreei.dll clr.dll mscorlib.ni.dll Microsoft.VisualStudio.Tools.Applications.Hosting.dll version.dll mscorlib.dll System.ni.dll System.Xml.ni.dll System.Xml.dll System.Xml.dll System.Xml.dll System.dll System.dll Microsoft.VisualStudio.Tools.Applications.Runtime.dll System.Core.dll System.Security.ni.dll System.Security.dll System.Security.dll System.Security.dll System.Security.dll System.Security.dll System.Xml.Linq.dll System.Xml.Linq.dll System.Xml.Linq.dll System.Xml.Linq.dll System.Deployment.ni.dll System.Deployment.dll System.Deployment.dll System.Deployment.dll Microsoft.VisualStudio.Tools.Applications.Hosting.ni.dll ntdll.dll wow64.dll kernel32.dll KernelBase.dll advapi32.dll msvcrt.dll cryptbase.dll mscoree.dll lpk.dll usp10.dll imm32.dll cryptsp.dll rsaenh.dll RpcRtRemote.dll clr.dll mscorlib.ni.dll clrjit.dll System.ni.dll System.Core.ni.dll version.dll System.Data.Services.Client.dll System.Data.Services.Client.dll System.Core.dll System.Core.dll System.Xml.dll System.Xml.Linq.dll System.Xml.Linq.dll System.Configuration.ni.dll System.Configuration.dll System.Numerics.ni.dll System.Numerics.dll System.Numerics.dll System.Security.ni.dll System.Security.dll,normal
 ntdll.dll ntdll.dll wow64win.dll wow64cpu.dll kernel32.dll kernel32.dll kernel32.dll msvcrt.dll winbrand.dll user32.dll gdi32.dll advapi32.dll sspicli.dll cryptbase.dll msctf.dll,normal
 ntdll.dll wow64.dll wow64win.dll kernel32.dll kernel32.dll user32.dll kernel32.dll kernelbase.dll sspicli.dll cryptbase.dll dnsapi.dll winnsi.dll dhcpcsvc.dll shell32.dll shlwapi.dll gdi32.dll lpk.dll usp10.dll msctf.dll clbcatq.dll oleaut32.dll cryptsp.dll rsaenh.dll ntdll.dll kernelbase.dll gdi32.dll user32.dll usp10.dll msvcrt.dll imm32.dll msctf.dll ole32.dll rpcrt4.dll oleaut32.dll ntdll.dll ntdll.dll wow64.dll wow64win.dll wow64cpu.dll kernel32.dll kernel32.dll msvcrt.dll gdi32.dll usp10.dll advapi32.dll cryptbase.dll imm32.dll msctf.dll,normal
 wow64win.dll wow64cpu.dll kernel32.dll kernel32.dll kernelbase.dll advapi32.dll msvcrt.dll sechost.dll rpcrt4.dll sspicli.dll cryptbase.dll msvcr120_clr0400.dll mscoree.dll ole32.dll gdi32.dll usp10.dll oleaut32.dll cryptsp.dll clbcatq.dll mscoreei.dll mscorwks.dll profapi.dll mscorlib.ni.dll mscorlib.dll mscorlib.dll mscorlib.dll napinit.ni.dll system.dll system.dll system.dll system.dll system.drawing.ni.dll system.windows.forms.ni.dll system.windows.forms.dll system.windows.forms.dll system.drawing.dll system.drawing.dll system.drawing.dll system.security.dll system.security.dll system.security.dll accessibility.ni.dll accessibility.dll system.configuration.dll system.configuration.dll system.configuration.dll system.configuration.dll system.xml.ni.dll system.xml.dll system.runtime.serialization.formatters.soap.dll system.runtime.serialization.formatters.soap.dll system.deployment.dll system.deployment.dll system.deployment.dll system.data.sqlxml.ni.dll system.data.sqlxml.dll system.data.sqlxml.dll,normal
 ntdll.dll apphelp.dll msvcrt.dll msvcrt.dll ucrtbase.dll ucrtbase.dll rpcrt4.dll bcryptprimitives.dll bcryptprimitives.dll kernel.appcore.dll twinapi.appcore.dll twinapi.appcore.dll sechost.dll sechost.dll rmclient.dll rmclient.dll wintypes.dll user32.dll win32u.dll msvcp_win.dll mrmcore.dll profapi.dll onecoreuapcommonproxystub.dll onecoreuapcommonproxystub.dll windows.ui.dll textinputframework.dll inputhost.dll coreuicomponents.dll coreuicomponents.dll advapi32.dll advapi32.dll ntmarta.dll languageoverlayutil.dll bcp47mrm.dll uxtheme.dll oleaut32.dll shlwapi.dll msvcp110_win.dll msvcp110_win.dll wincorlib.dll powrprof.dll xmllite.dll capauthz.dll capauthz.dll wintrust.dll msasn1.dll cdp.dll crypt32.dll ws2_32.dll winhttp.dll bcrypt.dll bcrypt.dll iphlpapi.dll sspicli.dll sspicli.dll ncrypt.dll cryptsp.dll cryptsp.dll cortana.backgroundtask.dll windows.storage.applicationdata.dll cortana.core.dll clipc.dll clipc.dll policymanager.dll bcp47langs.dll logoncli.dll windows.cortana.proxystub.dll windows.cortana.proxystub.dll bingconfigurationclient.dll bingconfigurationclient.dll windows.cortana.pal.desktop.dll windows.devices.enumeration.dll deviceassociation.dll userenv.dll userenv.dll winmmbase.dll windows.storage.dll iertutil.dll fltlib.dll cryptbase.dll cryptbase.dll onecorecommonproxystub.dll windows.security.authentication.web.core.dll appxdeploymentclient.dll vaultcli.dll vaultcli.dll windows.globalization.dll sapi.dll urlmon.dll urlmon.dll devobj.dll cabinet.dll rsaenh.dll rsaenh.dll cortanaapi.dll cortanaapi.dll,normal
 ntdll.dll kernel32.dll KernelBase.dll user32.dll lpk.dll usp10.dll msvcrt.dll imm32.dll msctf.dll ole32.dll advapi32.dll sechost.dll wow64.dll wow64win.dll kernel32.dll user32.dll kernel32.dll KernelBase.dll advapi32.dll sechost.dll sspicli.dll cryptbase.dll dnsapi.dll winnsi.dll dhcpcsvc.dll shell32.dll gdi32.dll lpk.dll usp10.dll imm32.dll msctf.dll clbcatq.dll oleaut32.dll cryptsp.dll RpcRtRemote.dll wevtapi.dll ntdll.dll wow64win.dll KernelBase.dll msvcrt.dll sechost.dll rpcrt4.dll dnsapi.dll nsi.dll dhcpcsvc.dll gdi32.dll user32.dll lpk.dll msctf.dll oleaut32.dll cryptsp.dll rsaenh.dll RpcRtRemote.dll wevtapi.dll ntdll.dll kernel32.dll advapi32.dll msvcrt.dll sechost.dll rpcrt4.dll user32.dll lpk.dll usp10.dll msimg32.dll wmsgapi.dll wtsapi32.dll userenv.dll winsta.dll msasn1.dll msctf.dll imm32.dll comctl32.dll shlwapi.dll secur32.dll sspicli.dll wintrust.dll rsaenh.dll imagehlp.dll bcrypt.dll ncrypt.dll gpapi.dll cryptnet.dll Wldap32.dll SensApi.dll cfgmgr32.dll oleaut32.dll devobj.dll cabinet.dll devrtl.dll version.dll clbcatq.dll wininet.dll ntdll.dll kernel32.dll KernelBase.dll msvcrt.dll sechost.dll gdi32.dll user32.dll imm32.dll msctf.dll wdscore.dll CbsCore.dll version.dll msasn1.dll wintrust.dll userenv.dll profapi.dll ktmw32.dll dpx.dll wcp.dll DrUpdate.dll cfgmgr32.dll devobj.dll mpr.dll winhttp.dll webio.dll cryptsp.dll rsaenh.dll CbsApi.dll,normal
 ntdll.dll kernel32.dll gdi32.dll user32.dll lpk.dll msvcrt.dll imm32.dll msctf.dll oleaut32.dll cryptbase.dll sechost.dll wow64.dll wow64win.dll wow64cpu.dll kernel32.dll user32.dll kernel32.dll kernelbase.dll winbrand.dll user32.dll lpk.dll advapi32.dll sechost.dll imm32.dll msctf.dll apphelp.dll,normal
 KernelBase.dll msvcrt.dll sechost.dll gdi32.dll user32.dll lpk.dll ole32.dll wtsapi32.dll winmm.dll profapi.dll crypt32.dll msasn1.dll msctf.dll imm32.dll msutb.dll comctl32.dll shlwapi.dll secur32.dll sspicli.dll shell32.dll cryptbase.dll uxtheme.dll rsaenh.dll imagehlp.dll gpapi.dll Wldap32.dll clbcatq.dll urlmon.dll api-ms-win-downlevel-ole32-l1-1-0.dll api-ms-win-downlevel-advapi32-l1-1-0.dll api-ms-win-downlevel-version-l1-1-0.dll api-ms-win-downlevel-normaliz-l1-1-0.dllnormaliz.dll wininet.dll,normal
 ntdll.dll kernel32.dll KernelBase.dll usp10.dll msvcrt.dll api-ms-win-downlevel-advapi32-l1-1-0.dll sechost.dll rpcrt4.dll shell32.dll shlwapi.dll iertutil.dll api-ms-win-downlevel-version-l1-1-0.dll version.dll api-ms-win-downlevel-normaliz-l1-1-0.dllnormaliz.dll api-ms-win-downlevel-shlwapi-l1-1-0.dll imm32.dll msctf.dll api-ms-win-downlevel-shell32-l1-1-0.dll cryptbase.dll ole32.dll comctl32.dll api-ms-win-downlevel-ole32-l1-1-0.dll urlmon.dll wininet.dll profapi.dll dwmapi.dll sspicli.dll IEShims.dll comdlg32.dll api-ms-win-downlevel-advapi32-l2-1-0.dll ws2_32.dll nsi.dll api-ms-win-downlevel-shlwapi-l2-1-0.dll mswsock.dll winnsi.dll RpcRtRemote.dll netprofm.dll nlaapi.dll rasadhlp.dll ieproxy.dll netutils.dll wkscli.dll msswch.dll winmm.dll ieui.dll WindowsCodecs.dll oleacc.dll dui70.dll msimg32.dll propsys.dll setupapi.dll mlang.dll ntmarta.dll sxs.dll wshqos.dll wshqos.dll wshqos.dll credssp.dll schannel.dll bcrypt.dll wintrust.dll gpapi.dll cryptnet.dll SensApi.dll api-ms-win-core-timezone-l1-1-0.dll api-ms-win-core-file-l2-1-0.dll api-ms-win-core-localization-l1-2-0.dll api-ms-win-core-file-l1-2-0.dll api-ms-win-crt-heap-l1-1-0.dll api-ms-win-crt-stdio-l1-1-0.dll api-ms-win-crt-convert-l1-1-0.dll xmllite.dll msswch.dll winmm.dll msswch.dll winmm.dll tquery.dll StructuredQuery.dll linkinfo.dll samlib.dll slc.dll msxml3.dll msxml3.dll winmm.dll ieapfltr.dll msxml6.dll winshfhc.dll webio.dll,normal
 mmdevapi.dll,normal
 ntdll.dll wow64.dll wow64cpu.dll kernel32.dll kernel32.dll user32.dll kernelbase.dll msvcrt.dll sechost.dll sspicli.dll cryptbase.dll msvcr120_clr0400.dll user32.dll lpk.dll usp10.dll imm32.dll msctf.dll cryptsp.dll rsaenh.dll rpcrtremote.dll clbcatq.dll clr.dll mscorlib.ni.dll clrjit.dll microsoft.powershell.security.dll microsoft.powershell.security.dll system.management.automation.dll version.dll mscorlib.dll system.xml.ni.dll system.xml.dll system.xml.dll system.security.ni.dll system.security.dll system.configuration.ni.dll system.core.dll,normal
 ntdll.dll ws2_32.dll msvcrt.dll api-ms-win-crt-runtime-l1-1-0.dll ucrtbase.dll api-ms-win-core-file-l2-1-0.dll api-ms-win-core-localization-l1-2-0.dll api-ms-win-core-synch-l1-2-0.dll api-ms-win-core-file-l1-2-0.dll api-ms-win-crt-heap-l1-1-0.dll api-ms-win-crt-string-l1-1-0.dll api-ms-win-crt-convert-l1-1-0.dll api-ms-win-crt-math-l1-1-0.dll user32.dll gdi32.dll usp10.dll imm32.dll msctf.dll,HTran
 ntdll.dll KernelBase.dll gdi32.dll user32.dll lpk.dll imm32.dll ole32.dll rpcrt4.dll cryptbase.dll clbcatq.dll sechost.dll,normal
 ntdll.dll msvcrt.dll rpcrt4.dll user32.dll lpk.dll ole32.dll imm32.dll ntdll.dll ntdll.dll wow64.dll wow64cpu.dll kernel32.dll kernel32.dll user32.dll kernelbase.dll ole32.dll gdi32.dll user32.dll advapi32.dll sechost.dll sspicli.dll lpk.dll imm32.dll msctf.dll oleaut32.dll cryptsp.dll rsaenh.dll rpcrtremote.dll shlwapi.dll,normal
 kernel32.dll kernelbase.dll gdi32.dll user32.dll lpk.dll usp10.dll msvcrt.dll imm32.dll msctf.dll rpcrt4.dll cryptbase.dll,normal
 KernelBase.dll gdi32.dll lpk.dll usp10.dll imm32.dll msctf.dll ole32.dll kernel32.dll gdi32.dll lpk.dll imm32.dll ole32.dll rpcrt4.dll cryptbase.dll clbcatq.dll advapi32.dll kernel32.dll KernelBase.dll gdi32.dll user32.dll lpk.dll usp10.dll msvcrt.dll imm32.dll ole32.dll rpcrt4.dll oleaut32.dll cryptbase.dll clbcatq.dll sechost.dll kernel32.dll KernelBase.dll lpk.dll usp10.dll ole32.dll rpcrt4.dll clbcatq.dll advapi32.dll ntdll.dll usp10.dll msvcrt.dll imm32.dll msctf.dll rpcrt4.dll cryptbase.dll ntdll.dll wow64.dll wow64cpu.dll kernel32.dll user32.dll kernel32.dll KernelBase.dll msvcrt.dll oleaut32.dll ole32.dll user32.dll rpcrt4.dll sspicli.dll lpk.dll version.dll sxs.dll vbscript.dll advapi32.dll wintrust.dll msasn1.dll cryptsp.dll rsaenh.dll msisip.dll comctl32.dll shell32.dll shlwapi.dll msi.dll ntdll.dll ntdll.dll wow64.dll kernel32.dll kernel32.dll user32.dll kernel32.dll KernelBase.dll sechost.dll rpcrt4.dll sspicli.dll dnsapi.dll nsi.dll dhcpcsvc.dll shell32.dll shlwapi.dll gdi32.dll user32.dll lpk.dll usp10.dll ole32.dll imm32.dll msctf.dll clbcatq.dll oleaut32.dll rsaenh.dll wevtapi.dll ntdll.dll kernel32.dll gdi32.dll lpk.dll msvcrt.dll imm32.dll ole32.dll rpcrt4.dll cryptbase.dll clbcatq.dll sechost.dll ntdll.dll wow64win.dll wow64cpu.dll kernel32.dll kernel32.dll kernel32.dll KernelBase.dll advapi32.dll sechost.dll cryptbase.dll dnsapi.dll nsi.dll dhcpcsvc.dll shlwapi.dll gdi32.dll lpk.dll usp10.dll ole32.dll imm32.dll clbcatq.dll cryptsp.dll RpcRtRemote.dll wevtapi.dll,normal
 msvcrt.dll rpcrt4.dll ole32.dll user32.dll lpk.dll usp10.dll msctf.dll oleaut32.dll wdscore.dll shell32.dll dbghelp.dll shlwapi.dll crypt32.dll wintrust.dll CbsCore.dll version.dll userenv.dll profapi.dll ktmw32.dll dpx.dll setupapi.dll atl.dll DrUpdate.dll winhttp.dll webio.dll winhttp.dll webio.dll spp.dll vssapi.dll wrpint.dll sxsstore.dll cryptsp.dll clbcatq.dll CbsApi.dll,normal
 mscoree.dll clr.dll msvcr120_clr0400.dll msctf.dll msvcrt.dll advapi32.dll sechost.dll rpcrt4.dll shlwapi.dll user32.dll lpk.dll imm32.dll fusion.dll ntdll.dll kernel32.dll kernel32.dll user32.dll ntdll.dll wow64.dll wow64win.dll kernel32.dll KernelBase.dll oleaut32.dll ole32.dll gdi32.dll user32.dll sspicli.dll cryptbase.dll lpk.dll msimg32.dll comctl32.dll shell32.dll shlwapi.dll nsi.dll srvcli.dll imm32.dll msctf.dll comctl32.dll olepro32.dll rsaenh.dll RpcRtRemote.dll winsta.dll setupapi.dll devobj.dll dwmapi.dll propsys.dll mssprxy.dll,normal
 msftedit.dll winmm.dll,normal
 kernel32.dll KernelBase.dll advapi32.dll msvcrt.dll lpk.dll usp10.dll ole32.dll imm32.dll msctf.dll cryptbase.dll msidle.dll clbcatq.dll tquery.dll cryptsp.dll rsaenh.dll RpcRtRemote.dll mssprxy.dll mapi32.dll Wldap32.dll propsys.dll setupapi.dll cfgmgr32.dll profapi.dll,normal
 ntdll.dll kernel32.dll gdi32.dll lpk.dll msvcrt.dll imm32.dll rpcrt4.dll oleaut32.dll cryptbase.dll sechost.dll lpk.dll usp10.dll imm32.dll cryptbase.dll clbcatq.dll sechost.dll cryptsp.dll rpcrtremote.dll shlwapi.dll profapi.dll idstore.dll comctl32.dll kernel32.dll kernelbase.dll sechost.dll rpcrt4.dll msvcr120_clr0400.dll gdi32.dll lpk.dll usp10.dll msctf.dll rsaenh.dll rpcrtremote.dll clbcatq.dll mscoreei.dll mscorwks.dll msvcr80.dll shlwapi.dll profapi.dll mscorjit.dll mscorlib.dll bdatunepia.ni.dll bdatunepia.dll bdatunepia.dll bdatunepia.dll stdole.ni.dll crypt32.dll msasn1.dll comctl32.dll riched20.dll imagehlp.dll ncrypt.dll bcryptprimitives.dll cryptnet.dll sensapi.dll microsoft.visualc.ni.dll system.configuration.ni.dll system.xml.ni.dll system.security.ni.dll ntdll.dll kernelbase.dll advapi32.dll msvcrt.dll rpcrt4.dll msvcr120_clr0400.dll mscoree.dll user32.dll lpk.dll usp10.dll oleaut32.dll msctf.dll cryptsp.dll rsaenh.dll rpcrtremote.dll clbcatq.dll mscoreei.dll mscorwks.dll shlwapi.dll profapi.dll mscorlib.ni.dll version.dll mscorlib.dll system.ni.dll system.addin.ni.dll system.core.ni.dll mscorsec.dll msasn1.dll comctl32.dll riched20.dll userenv.dll cryptnet.dll sensapi.dll system.configuration.ni.dll system.xml.ni.dll system.security.ni.dll system.runtime.remoting.ni.dll system.addin.contract.ni.dll ntdll.dll advapi32.dll sechost.dll mscoree.dll gdi32.dll user32.dll lpk.dll usp10.dll oleaut32.dll imm32.dll msctf.dll rsaenh.dll rpcrtremote.dll clr.dll shlwapi.dll mscorlib.ni.dll system.ni.dll system.activities.presentation.ni.dll version.dll mscorlib.dll system.xaml.ni.dll presentationcore.ni.dll system.xml.linq.ni.dll system.drawing.ni.dll windowsformsintegration.ni.dll uiautomationprovider.ni.dll uiautomationtypes.ni.dll reachframework.ni.dll system.printing.ni.dll system.printing.dll system.printing.dll system.configuration.ni.dll system.numerics.ni.dll system.componentmodel.composition.ni.dll ntdll.dll wow64.dll wow64win.dll wow64cpu.dll kernel32.dll kernel32.dll kernel32.dll kernelbase.dll advapi32.dll sechost.dll sspicli.dll msvcr120_clr0400.dll mscoree.dll ole32.dll gdi32.dll user32.dll oleaut32.dll imm32.dll cryptsp.dll rsaenh.dll clbcatq.dll sxs.dll mscoreei.dll clr.dll shlwapi.dll mscorlib.ni.dll system.ni.dll system.runtime.serialization.dll system.runtime.serialization.dll mscorlib.dll system.dll system.xml.ni.dll system.xml.dll system.servicemodel.internals.ni.dll system.servicemodel.internals.dll smdiagnostics.dll smdiagnostics.dll system.configuration.ni.dll system.configuration.dll system.core.dll,normal
 ntdll.dll ntdll.dll wow64win.dll wow64cpu.dll kernel32.dll user32.dll msvcrt.dll sechost.dll cryptbase.dll gdi32.dll user32.dll usp10.dll mfc42u.dll oleaut32.dll odbc32.dll shell32.dll wininet.dll iertutil.dll imm32.dll msctf.dll odbcint.dll uxtheme.dll dwmapi.dll comctl32.dll clbcatq.dll shell32.dll shell32.dll shell32.dll msado15.dll msdart.dll kernel32.dll rsaenh.dll bcrypt.dll oledb32r.dll comsvcs.dll atl.dll msjet40.dll mswstr10.dll msjter40.dll msjint40.dll msadox.dll msjtes40.dll vbajet32.dll expsrv.dll msadce.dll,caidao
 ntdll.dll kernelbase.dll msvcrt.dll combase.dll rpcrt4.dll kernel.appcore.dll userenv.dll bcrypt.dll user32.dll gdi32.dll msctf.dll windows.ui.dll ninput.dll oleaut32.dll contentdeliverymanager.background.dll advapi32.dll ole32.dll shlwapi.dll shell32.dll windows.storage.dll powrprof.dll sspicli.dll slc.dll veeventdispatcher.dll wincorlib.dll policymanager.dll sppc.dll xmllite.dll windows.storage.applicationdata.dll windows.globalization.dll windows.applicationmodel.dll threadpoolwinrt.dll windows.applicationmodel.background.systemeventsbroker.dll systemeventsbrokerclient.dll,normal
 ntdll.dll kernel32.dll kernelbase.dll msvcrt.dll conhostv2.dll bcryptprimitives.dll gdi32.dll gdi32full.dll user32.dll imm32.dll propsys.dll sechost.dll shell32.dll advapi32.dll shlwapi.dll uxtheme.dll cfgmgr32.dll msctf.dll dwmapi.dll,normal
 thumbcache.dll windows.globalization.dll bcp47langs.dll linkinfo.dll ntshrui.dll cscapi.dll globinputhost.dll structuredquery.dll mssvp.dll ntmarta.dll mapi32.dll mrmcorer.dll twinapi.dll winmm.dll winmmbase.dll cscui.dll cscdll.dll networkexplorer.dll msftedit.dll iconcodecservice.dll msftedit.dll,normal
 ntdll.dll wow64win.dll user32.dll kernelbase.dll advapi32.dll msvcrt.dll sechost.dll rpcrt4.dll sspicli.dll dnsapi.dll winnsi.dll shell32.dll shlwapi.dll user32.dll lpk.dll ole32.dll imm32.dll msctf.dll oleaut32.dll rsaenh.dll rpcrtremote.dll ntdll.dll wow64.dll wow64win.dll wow64cpu.dll kernel32.dll kernelbase.dll advapi32.dll msvcrt.dll sechost.dll sspicli.dll cryptbase.dll dnsapi.dll ws2_32.dll nsi.dll winnsi.dll dhcpcsvc.dll dhcpcsvc6.dll shlwapi.dll user32.dll lpk.dll usp10.dll msctf.dll rsaenh.dll rpcrtremote.dll ntdll.dll kernel32.dll user32.dll kernel32.dll kernelbase.dll sechost.dll rpcrt4.dll cryptbase.dll dnsapi.dll ws2_32.dll dhcpcsvc.dll shlwapi.dll lpk.dll usp10.dll ole32.dll imm32.dll msctf.dll oleaut32.dll rpcrtremote.dll wevtapi.dll kernelbase.dll gdi32.dll user32.dll usp10.dll msvcrt.dll imm32.dll msctf.dll ole32.dll rpcrt4.dll clbcatq.dll sechost.dll kernel32.dll kernelbase.dll user32.dll imm32.dll msctf.dll rpcrt4.dll oleaut32.dll sechost.dll ntdll.dll kernel32.dll kernelbase.dll gdi32.dll user32.dll lpk.dll usp10.dll imm32.dll rpcrt4.dll cryptbase.dll clbcatq.dll ntdll.dll sechost.dll gdi32.dll lpk.dll usp10.dll msctf.dll wdscore.dll shlwapi.dll dbghelp.dll cryptbase.dll cbscore.dll crypt32.dll profapi.dll ktmw32.dll dpx.dll dpx.dll dpx.dll drupdate.dll devobj.dll mpr.dll wrpint.dll sxsstore.dll sqmapi.dll webio.dll winhttp.dll sensapi.dll cryptsp.dll clbcatq.dll cbsapi.dll ntdll.dll kernelbase.dll user32.dll lpk.dll usp10.dll msvcrt.dll imm32.dll msctf.dll oleaut32.dll cryptbase.dll advapi32.dll sechost.dll kernelbase.dll gdi32.dll user32.dll lpk.dll msvcrt.dll imm32.dll ole32.dll rpcrt4.dll oleaut32.dll cryptbase.dll clbcatq.dll advapi32.dll sechost.dll wow64.dll wow64win.dll wow64cpu.dll kernel32.dll user32.dll kernel32.dll kernelbase.dll advapi32.dll msvcrt.dll sechost.dll rpcrt4.dll sspicli.dll cryptbase.dll ws2_32.dll nsi.dll winnsi.dll dhcpcsvc.dll dhcpcsvc6.dll shell32.dll lpk.dll ole32.dll msctf.dll clbcatq.dll oleaut32.dll cryptsp.dll,normal
 ntdll.dll oleaut32.dll imm32.dll ole32.dll msvcrt.dll msctf.dll usp10.dll kernelbase.dll ntdll.dll user32.dll kernel32.dll kernelbase.dll sechost.dll rpcrt4.dll cryptbase.dll msvcr120_clr0400.dll mscoree.dll gdi32.dll imm32.dll msctf.dll rsaenh.dll rpcrtremote.dll mscoreei.dll clr.dll sxs.dll shlwapi.dll mscorlib.ni.dll clrjit.dll microsoft.powershell.workflow.servicecore.dll microsoft.powershell.workflow.servicecore.dll microsoft.powershell.diagnostics.activities.dll microsoft.powershell.diagnostics.activities.dll system.ni.dll system.core.ni.dll version.dll system.activities.dll system.activities.dll mscorlib.dll system.core.dll system.management.automation.dll system.management.automation.dll system.xml.ni.dll system.configuration.ni.dll system.configuration.dll system.configuration.dll,normal
 ntdll.dll lpk.dll imm32.dll sechost.dll nsi.dll user32.dll msvcrt.dll advapi32.dll msctf.dll gdi32.dll usp10.dll profapi.dll RpcRtRemote.dll kbd101.dll kbd106.dll kbdnec.dll kbdnec.dll cryptbase.dll apphelp.dll secur32.dll mswsock.dll wship6.dll wtsapi32.dll ntdll.dll kernel32.dll sechost.dll msctf.dll lpk.dll ws2_32.dll advapi32.dll rpcrt4.dll nsi.dll msvcrt.dll gdi32.dll profapi.dll kbd101.dll kbd101.dll kbdnec.dll WlS0WndH.dll apphelp.dll secur32.dll mswsock.dll,normal
 kernel32.dll kernelbase.dll advapi32.dll msvcrt.dll msvcr120_clr0400.dll ole32.dll gdi32.dll lpk.dll usp10.dll oleaut32.dll imm32.dll rpcrtremote.dll shlwapi.dll shell32.dll profapi.dll mscorjit.dll mscorlib.dll version.dll mscorlib.dll mscorlib.dll system.ni.dll system.data.ni.dll system.data.dll system.data.dll system.data.dll nsi.dll crypt32.dll msasn1.dll system.xml.ni.dll system.drawing.ni.dll system.windows.forms.ni.dll system.drawing.design.ni.dll system.web.ni.dll system.web.dll system.web.dll system.web.dll system.data.oracleclient.ni.dll system.data.oracleclient.dll system.data.oracleclient.dll system.runtime.serialization.formatters.soap.ni.dll system.web.regularexpressions.ni.dll,normal
 ntdll.dll kernelbase.dll user32.dll lpk.dll usp10.dll msvcrt.dll msctf.dll ole32.dll rpcrt4.dll cryptbase.dll advapi32.dll sechost.dll ntdll.dll kernel32.dll user32.dll msvcrt.dll imm32.dll msctf.dll ole32.dll rpcrt4.dll advapi32.dll sechost.dll ntdll.dll ntdll.dll wow64.dll kernel32.dll user32.dll kernel32.dll kernelbase.dll msvcrt.dll oleaut32.dll user32.dll sechost.dll lpk.dll usp10.dll imm32.dll msctf.dll clbcatq.dll vbscript.dll wintrust.dll crypt32.dll msasn1.dll rsaenh.dll msisip.dll shell32.dll msi.dll scrrun.dll,normal
 ntdll.dll kernelbase.dll msvcrt.dll ucrtbase.dll bcryptprimitives.dll gdi32.dll user32.dll imm32.dll oleaut32.dll msvcp_win.dll sechost.dll shcore.dll shell32.dll cfgmgr32.dll windows.storage.dll shlwapi.dll kernel.appcore.dll clbcatq.dll,normal
 ntdll.dll kernel32.dll sechost.dll msvcr120_clr0400.dll mscoree.dll ole32.dll gdi32.dll usp10.dll imm32.dll msctf.dll cryptbase.dll cryptsp.dll sxs.dll mscoreei.dll mscorwks.dll shlwapi.dll shell32.dll profapi.dll mscorlib.ni.dll mscorlib.dll mscorlib.dll mscorlib.dll mscorlib.dll system.ni.dll windowsbase.ni.dll presentationcore.ni.dll presentationframework.ni.dll presentationcore.dll presentationcore.dll kernel32.dll kernelbase.dll advapi32.dll msvcrt.dll sechost.dll rpcrt4.dll mscoree.dll user32.dll lpk.dll usp10.dll oleaut32.dll msctf.dll clbcatq.dll shlwapi.dll mscorlib.ni.dll system.ni.dll mscorlib.dll system.web.datavisualization.ni.dll system.drawing.ni.dll system.windows.forms.ni.dll system.core.ni.dll system.design.ni.dll system.drawing.design.ni.dll system.configuration.ni.dll system.web.dll system.web.dll ntdll.dll wow64win.dll kernel32.dll kernel32.dll kernel32.dll user32.dll kernelbase.dll advapi32.dll msvcrt.dll sechost.dll rpcrt4.dll sspicli.dll msvcr120_clr0400.dll ole32.dll gdi32.dll imm32.dll msctf.dll cryptsp.dll rpcrtremote.dll clbcatq.dll mscoreei.dll mscorwks.dll shlwapi.dll mscorlib.ni.dll mscorjit.dll mscorlib.dll version.dll system.ni.dll system.printing.dll system.printing.dll system.printing.dll system.printing.dll system.dll system.dll microsoft.visualc.ni.dll windowsbase.ni.dll presentationframework.ni.dll windowsbase.dll windowsbase.dll presentationcore.dll presentationcore.dll system.drawing.dll system.xml.ni.dll system.xml.dll system.xml.dll reachframework.dll reachframework.dll uiautomationprovider.ni.dll uiautomationprovider.dll uiautomationprovider.dll uiautomationprovider.dll system.deployment.ni.dll system.deployment.dll system.deployment.dll system.deployment.dll system.deployment.dll presentationui.ni.dll presentationui.dll uiautomationtypes.ni.dll uiautomationtypes.dll uiautomationtypes.dll system.data.dll system.data.dll system.data.dll ws2_32.dll nsi.dll crypt32.dll msasn1.dll accessibility.ni.dll accessibility.dll accessibility.dll accessibility.dll system.configuration.dll system.configuration.dll system.configuration.dll system.security.dll system.security.dll system.data.sqlxml.dll system.data.sqlxml.dll presentationcffrasterizer.ni.dll presentationcffrasterizer.dll system.windows.forms.dll system.runtime.serialization.formatters.soap.dll system.runtime.serialization.formatters.soap.dll system.directoryservices.dll system.directoryservices.dll system.directoryservices.dll system.directoryservices.dll system.transactions.dll system.transactions.dll system.transactions.dll system.transactions.dll system.enterpriseservices.ni.dll system.enterpriseservices.dll system.runtime.remoting.ni.dll system.runtime.remoting.dll system.runtime.remoting.dll system.web.ni.dll system.web.dll system.web.dll system.web.dll system.web.services.ni.dll system.web.services.dll system.web.services.dll system.directoryservices.protocols.dll system.directoryservices.protocols.dll system.directoryservices.protocols.dll system.directoryservices.protocols.dll system.design.ni.dll system.design.dll system.design.dll system.web.regularexpressions.dll system.web.regularexpressions.dll system.web.regularexpressions.dll system.drawing.design.dll system.data.oracleclient.dll system.data.oracleclient.dll system.data.oracleclient.dll system.configuration.install.dll ntdll.dll wow64.dll wow64win.dll kernel32.dll kernel32.dll kernel32.dll user32.dll kernel32.dll kernelbase.dll advapi32.dll msvcrt.dll rpcrt4.dll cryptbase.dll msvcr120_clr0400.dll mscoree.dll ole32.dll gdi32.dll usp10.dll oleaut32.dll rsaenh.dll clr.dll mscorlib.ni.dll clrjit.dll mscoreei.dll shlwapi.dll system.ni.dll mscorlib.dll system.core.dll version.dll system.xml.ni.dll system.xml.dll system.configuration.ni.dll system.numerics.dll system.security.dll system.security.dll,normal
 kernel32.dll msvcrt.dll user32.dll lpk.dll sechost.dll ws2_32.dll nsi.dll gdi32.dll usp10.dll wldap32.dll clbcatq.dll rpcrtremote.dll cryptbase.dll sspicli.dll cryptdll.dll bcrypt.dll comres.dll credssp.dll version.dll clusapi.dll resutils.dll xolehlp.dll msdtcprx.dll mtxclu.dll msdtctm.dll msctf.dll msdtcvsp1res.dll,normal
 wbemprox.dll auditcse.dll,normal
 ntdll.dll kernel32.dll lpk.dll msvcrt.dll msctf.dll ole32.dll rpcrt4.dll oleaut32.dll advapi32.dll sechost.dll ntdll.dll kernelbase.dll gdi32.dll user32.dll lpk.dll msvcrt.dll imm32.dll rpcrt4.dll oleaut32.dll wow64.dll wow64win.dll user32.dll kernel32.dll kernelbase.dll advapi32.dll msvcrt.dll sechost.dll rpcrt4.dll sspicli.dll cryptbase.dll dnsapi.dll ws2_32.dll winnsi.dll dhcpcsvc.dll dhcpcsvc6.dll gdi32.dll user32.dll usp10.dll msctf.dll clbcatq.dll oleaut32.dll cryptsp.dll rsaenh.dll rpcrtremote.dll ntdll.dll wow64.dll wow64win.dll wow64cpu.dll kernelbase.dll advapi32.dll cryptbase.dll ws2_32.dll dhcpcsvc6.dll gdi32.dll ole32.dll imm32.dll msctf.dll clbcatq.dll cryptsp.dll wevtapi.dll ntdll.dll wow64.dll wow64win.dll wow64cpu.dll kernel32.dll advapi32.dll msvcrt.dll sechost.dll cryptbase.dll dnsapi.dll nsi.dll winnsi.dll dhcpcsvc6.dll gdi32.dll user32.dll lpk.dll usp10.dll imm32.dll msctf.dll cryptsp.dll rsaenh.dll rpcrtremote.dll wevtapi.dll kernel32.dll kernelbase.dll lpk.dll usp10.dll msvcrt.dll imm32.dll msctf.dll rpcrt4.dll oleaut32.dll cryptbase.dll advapi32.dll sechost.dll ntdll.dll ntdll.dll wow64.dll wow64cpu.dll kernel32.dll kernel32.dll kernel32.dll msvcrt.dll winbrand.dll user32.dll gdi32.dll usp10.dll advapi32.dll sechost.dll rpcrt4.dll cryptbase.dll imm32.dll msctf.dll apphelp.dll,normal
 ntdll.dll kernelbase.dll msvcrt.dll gdi32.dll user32.dll lpk.dll rpcrt4.dll msctf.dll clbcatq.dll advapi32.dll sechost.dll uxtheme.dll comctl32.dll shlwapi.dll profapi.dll ntdll.dll kernel32.dll msvcrt.dll user32.dll gdi32.dll lpk.dll usp10.dll msctf.dll apphelp.dll,normal
 ntdll.dll kernel32.dll kernelbase.dll gdi32.dll user32.dll lpk.dll msvcrt.dll msctf.dll rpcrt4.dll oleaut32.dll ntdll.dll wow64.dll wow64win.dll wow64cpu.dll kernel32.dll kernel32.dll kernel32.dll kernelbase.dll advapi32.dll msvcrt.dll sechost.dll sspicli.dll cryptbase.dll ws2_32.dll winnsi.dll dhcpcsvc.dll dhcpcsvc6.dll shlwapi.dll gdi32.dll user32.dll ole32.dll imm32.dll msctf.dll clbcatq.dll oleaut32.dll cryptsp.dll rsaenh.dll wevtapi.dll ntdll.dll ntdll.dll wow64win.dll wow64cpu.dll kernel32.dll kernel32.dll kernelbase.dll oleaut32.dll ole32.dll advapi32.dll sechost.dll rpcrt4.dll imm32.dll sxs.dll clbcatq.dll advapi32.dll msasn1.dll cryptsp.dll comctl32.dll shell32.dll shlwapi.dll msi.dll kernel32.dll gdi32.dll imm32.dll msctf.dll ole32.dll rpcrt4.dll clbcatq.dll sechost.dll ntdll.dll wow64.dll wow64win.dll kernel32.dll kernel32.dll user32.dll kernelbase.dll gdi32.dll usp10.dll rpcrt4.dll sspicli.dll cryptbase.dll msctf.dll apphelp.dll,normal
 ntdll.dll wow64.dll kernel32.dll user32.dll kernelbase.dll msi.dll msvcrt.dll rpcrt4.dll sspicli.dll cryptbase.dll user32.dll gdi32.dll lpk.dll usp10.dll shlwapi.dll psapi.dll version.dll wininet.dll urlmon.dll crypt32.dll sensapi.dll comdlg32.dll userenv.dll profapi.dll secur32.dll uxtheme.dll,normal
 ntdll.dll ntdll.dll wow64win.dll kernel32.dll kernel32.dll user32.dll kernelbase.dll msvcrt.dll user32.dll gdi32.dll lpk.dll usp10.dll rpcrt4.dll sspicli.dll cryptbase.dll,normal
 ntdll.dll kernel32.dll user32.dll lpk.dll usp10.dll msvcrt.dll imm32.dll ole32.dll oleaut32.dll cryptbase.dll advapi32.dll ntdll.dll ntdll.dll wow64win.dll wow64cpu.dll kernel32.dll msvcrt.dll winbrand.dll gdi32.dll usp10.dll advapi32.dll sechost.dll cryptbase.dll imm32.dll msctf.dll apphelp.dll,normal
 kernelbase.dll msvcrt.dll msvcrt.dll sechost.dll rpcrt4.dll rpcrt4.dll combase.dll ucrtbase.dll bcryptprimitives.dll gdi32full.dll msvcp_win.dll user32.dll ole32.dll cfgmgr32.dll advapi32.dll advapi32.dll kernel.appcore.dll kernel.appcore.dll profapi.dll sspicli.dll userenv.dll userenv.dll imm32.dll uxtheme.dll uxtheme.dll oleaut32.dll urlmon.dll iertutil.dll cryptbase.dll clbcatq.dll acgenral.dll mpr.dll netutils.dll msasn1.dll msasn1.dll crypt32.dll wkscli.dll version.dll bcrypt.dll bcrypt.dll ws2_32.dll mfc42u.dll oleacc.dll ninput.dll propsys.dll propsys.dll dui70.dll mlang.dll dcomp.dll dxgi.dll dxgi.dll dxgi.dll dxgi.dll twinapi.appcore.dll twinapi.appcore.dll rmclient.dll mmcndmgr.dll msxml6.dll msxml6.dll xmllite.dll dsrole.dll srvcli.dll activeds.dll adsldpc.dll adsldpc.dll wldap32.dll riched32.dll riched32.dll riched20.dll riched20.dll dwmapi.dll comctl32.dll dataexchange.dll dataexchange.dll atlthunk.dll atlthunk.dll atlthunk.dll mscoree.dll mscoree.dll clr.dll clr.dll sxs.dll mscorlib.dll mscorlib.ni.dll cryptsp.dll rsaenh.dll wldp.dll system.dll system.ni.dll mmcex.ni.dll system.configuration.dll system.configuration.dll system.xml.ni.dll system.drawing.dll system.drawing.ni.dll diasymreader.dll diasymreader.dll microsoft.managementconsole.dll clrjit.dll clrjit.dll eventviewer.ni.dll windowscodecs.dll miguicontrols.dll gdiplus.dll wevtapi.dll wecapi.dll wecapi.dll edputil.dll coremessaging.dll coremessaging.dll coreuicomponents.dll coreuicomponents.dll ntmarta.dll ntmarta.dll wintypes.dll comdlg32.dll comdlg32.dll imjptip.dll msvcp110_win.dll wer.dll imecfm.dll imecfm.dll dwrite.dll imesearchdll.dll mtf.dll uiautomationcore.dll uiautomationcore.dll mscand20.dll imebrokerps.dll imjplmp.dll usp10.dll msls31.dll system.web.dll system.web.dll system.web.dll system.web.dll secur32.dll explorerframe.dll explorerframe.dll thumbcache.dll windows.globalization.dll bcp47langs.dll globinputhost.dll globinputhost.dll tiptsf.dll windows.staterepositoryps.dll windows.staterepositoryps.dll windows.storage.search.dll searchfolder.dll searchfolder.dll structuredquery.dll structuredquery.dll mssprxy.dll mssprxy.dll mssvp.dll onecorecommonproxystub.dll ntshrui.dll ntshrui.dll samcli.dll samlib.dll onecoreuapcommonproxystub.dll dropboxext.dll dropboxext64.27.0.dll photometadatahandler.dll photometadatahandler.dll msvcp140.dll coml2.dll winmmbase.dll msi.dll winsta.dll winsta.dll setupapi.dll grooveintlresource.dll grooveintlresource.dll grooveintlresource.dll ntlanman.dll ntlanman.dll ehstorshell.dll ehstorshell.dll davclnt.dll davhlpr.dll cscui.dll zipfldr.dll,normal
 ntdll.dll kernel32.dll KernelBase.dll gdi32.dll usp10.dll msvcrt.dll imm32.dll msctf.dll ole32.dll rpcrt4.dll ntdll.dll ntdll.dll wow64.dll kernel32.dll kernel32.dll user32.dll kernel32.dll KernelBase.dll advapi32.dll msvcrt.dll sechost.dll sspicli.dll cryptbase.dll dhcpcsvc6.dll shell32.dll shlwapi.dll user32.dll usp10.dll imm32.dll msctf.dll clbcatq.dll oleaut32.dll cryptsp.dll rsaenh.dll wevtapi.dll ntdll.dll kernel32.dll kernel32.dll msvcrt.dll oleaut32.dll gdi32.dll sechost.dll cryptbase.dll imm32.dll msctf.dll sxs.dll clbcatq.dll advapi32.dll wintrust.dll msasn1.dll cryptsp.dll rsaenh.dll msisip.dll comctl32.dll shell32.dll shlwapi.dll scrobj.dll scrrun.dll kernel32.dll KernelBase.dll gdi32.dll usp10.dll msctf.dll ole32.dll rpcrt4.dll oleaut32.dll cryptbase.dll clbcatq.dll advapi32.dll ntdll.dll ntdll.dll wow64.dll wow64cpu.dll kernel32.dll user32.dll kernel32.dll msvcrt.dll user32.dll usp10.dll advapi32.dll sspicli.dll cryptbase.dll,normal
 ntdll.dll kernelbase.dll gdi32.dll lpk.dll shlwapi.dll netplwiz.dll mpr.dll imm32.dll msctf.dll comctl32.dll uxtheme.dll dwmapi.dll advapi32.dll sechost.dll cryptbase.dll samcli.dll netutils.dll winmm.dll,normal
 ntdll.dll kernel32.dll KernelBase.dll advapi32.dll sechost.dll rpcrt4.dll user32.dll gdi32.dll lpk.dll usp10.dll msshooks.dll mscoree.dll mscoreei.dll cryptbase.dll rsaenh.dll RpcRtRemote.dll,normal
 ntdll.dll kernelbase.dll sechost.dll user32.dll lpk.dll usp10.dll tquery.dll shlwapi.dll imm32.dll msctf.dll msshooks.dll mscoreei.dll cryptbase.dll clbcatq.dll cryptsp.dll rsaenh.dll rpcrtremote.dll sxs.dll ntdll.dll wow64win.dll kernel32.dll kernelbase.dll msvcrt.dll ole32.dll gdi32.dll user32.dll advapi32.dll sechost.dll rpcrt4.dll cryptbase.dll clbcatq.dll oleaut32.dll rsaenh.dll rpcrtremote.dll uxtheme.dll shell32.dll actxprxy.dll,normal
 ntdll.dll kernelbase.dll gdi32.dll user32.dll msvcrt.dll imm32.dll msctf.dll rpcrt4.dll,normal
 msvcr120_clr0400.dll version.dll clr.dll clr.dll taskschd.dll msctf.dll ntdll.dll kernel32.dll kernelbase.dll sechost.dll rpcrt4.dll shlwapi.dll gdi32.dll lpk.dll usp10.dll imm32.dll cryptbase.dll,normal
 ntdll.dll kernel32.dll KernelBase.dll msvcrt.dll sechost.dll rpcrt4.dll usp10.dll imm32.dll msctf.dll wdscore.dll oleaut32.dll shell32.dll shlwapi.dll cryptbase.dll CbsCore.dll version.dll profapi.dll ktmw32.dll dpx.dll wcp.dll DrUpdate.dll wrpint.dll sqmapi.dll winhttp.dll webio.dll SensApi.dll RpcRtRemote.dll clbcatq.dll CbsApi.dll smipi.dll ntdll.dll wow64.dll wow64win.dll wow64cpu.dll kernel32.dll kernel32.dll user32.dll user32.dll gdi32.dll lpk.dll usp10.dll sechost.dll rpcrt4.dll sspicli.dll cryptbase.dll imm32.dll msctf.dll,normal
 wow64win.dll wow64cpu.dll kernel32.dll kernel32.dll user32.dll KernelBase.dll winbrand.dll user32.dll gdi32.dll usp10.dll advapi32.dll sechost.dll rpcrt4.dll cryptbase.dll imm32.dll,normal
 ntdll.dll kernelbase.dll advapi32.dll msvcrt.dll rpcrt4.dll gdi32.dll lpk.dll usp10.dll ole32.dll oleacc.dll oleaut32.dll shlwapi.dll duser.dll uxtheme.dll msctf.dll,normal
 ntdll.dll wow64.dll wow64win.dll kernel32.dll kernel32.dll user32.dll kernel32.dll KernelBase.dll msvcrt.dll gdi32.dll lpk.dll rpcrt4.dll sspicli.dll msctf.dll apphelp.dll,normal
 kernel32.dll kernelbase.dll advapi32.dll msvcrt.dll atl.dll user32.dll gdi32.dll lpk.dll usp10.dll ole32.dll oleaut32.dll shlwapi.dll imm32.dll clbcatq.dll userenv.dll profapi.dll propsys.dll setupapi.dll cfgmgr32.dll devobj.dll ntmarta.dll wldap32.dll apphelp.dll srvcli.dll slc.dll cryptsp.dll msvcr80.dll system.ni.dll system.management.automation.ni.dll version.dll microsoft.wsman.management.ni.dll microsoft.powershell.commands.management.ni.dll microsoft.powershell.security.ni.dll mscorjit.dll system.xml.ni.dll shfolder.dll sspicli.dll ws2_32.dll crypt32.dll msasn1.dll rpcrtremote.dll system.configuration.dll system.configuration.ni.dll rasapi32.dll rasman.dll mswsock.dll winnsi.dll dhcpcsvc.dll credssp.dll pwdssp.dll webio.dll dnsapi.dll system.security.dll bcrypt.dll wmiutils.dll wbemcomn.dll wminet_utils.dll wbemsvc.dll nlaapi.dll napinsp.dll winrnr.dll,empire
 kernel32.dll msvcrt.dll conhostv2.dll combase.dll ucrtbase.dll bcryptprimitives.dll gdi32full.dll win32u.dll imm32.dll msvcp_win.dll shcore.dll shell32.dll cfgmgr32.dll powrprof.dll advapi32.dll shlwapi.dll clbcatq.dll msctf.dll,normal
 srumapi.dll srumapi.dll srumapi.dll,normal
 ntdll.dll kernel32.dll KernelBase.dll lpk.dll msvcrt.dll imm32.dll msctf.dll ole32.dll rpcrt4.dll oleaut32.dll ntdll.dll kernel32.dll advapi32.dll msvcrt.dll sechost.dll rpcrt4.dll ole32.dll lpk.dll imm32.dll wdscore.dll oleaut32.dll shlwapi.dll dbghelp.dll cryptbase.dll crypt32.dll msasn1.dll ktmw32.dll dpx.dll dpx.dll wcp.dll devobj.dll mpr.dll wrpint.dll sxsstore.dll sqmapi.dll webio.dll SensApi.dll cryptsp.dll rsaenh.dll RpcRtRemote.dll smipi.dll smiengine.dll,normal
 ntdll.dll ntdll.dll wow64win.dll wow64cpu.dll kernel32.dll kernel32.dll user32.dll advapi32.dll sechost.dll rpcrt4.dll sspicli.dll cryptbase.dll mscoree.dll gdi32.dll user32.dll lpk.dll usp10.dll oleaut32.dll cryptsp.dll rsaenh.dll mscoreei.dll shlwapi.dll clrjit.dll version.dll mscorlib.dll system.ni.dll system.dll system.dll microsoft.powershell.editor.dll windowsbase.ni.dll presentationcore.ni.dll presentationframework.dll presentationframework.dll presentationcore.dll system.xaml.ni.dll system.xaml.dll uiautomationprovider.dll uiautomationprovider.dll system.componentmodel.composition.ni.dll system.componentmodel.composition.dll accessibility.dll accessibility.dll system.drawing.ni.dll system.drawing.dll uiautomationtypes.ni.dll uiautomationtypes.dll uiautomationtypes.dll system.configuration.ni.dll system.xml.dll system.numerics.ni.dll system.numerics.dll system.security.ni.dll system.security.dll,normal
 logoncli.dll secur32.dll,normal
 ntdll.dll ntdll.dll wow64.dll wow64cpu.dll kernel32.dll kernel32.dll msvcrt.dll winbrand.dll gdi32.dll lpk.dll usp10.dll advapi32.dll cryptbase.dll msctf.dll apphelp.dll,normal
 ntdll.dll advapi32.dll msvcrt.dll rpcrt4.dll msvcr120_clr0400.dll mscoree.dll gdi32.dll user32.dll lpk.dll usp10.dll cryptbase.dll cryptsp.dll rsaenh.dll sxs.dll mscoreei.dll msvcr80.dll profapi.dll mscorlib.dll version.dll mscorlib.dll mscorlib.dll microsoft.mediacenter.itvvm.ni.dll system.ni.dll microsoft.mediacenter.ni.dll system.xml.ni.dll system.runtime.remoting.ni.dll ehrecobj.ni.dll system.web.ni.dll system.web.dll system.web.dll ehiuserxp.ni.dll system.web.services.ni.dll system.security.ni.dll system.data.sqlxml.ni.dll system.data.dll system.data.dll system.data.dll nsi.dll crypt32.dll system.directoryservices.ni.dll system.directoryservices.protocols.ni.dll system.enterpriseservices.dll system.serviceprocess.ni.dll system.windows.forms.ni.dll system.web.regularexpressions.ni.dll system.transactions.ni.dll system.transactions.dll system.transactions.dll system.transactions.dll system.transactions.dll system.runtime.serialization.formatters.soap.ni.dll system.data.oracleclient.ni.dll system.data.oracleclient.dll system.data.oracleclient.dll system.deployment.ni.dll system.configuration.install.ni.dll ehiproxy.ni.dll mcepg.ni.dll mcstore.ni.dll bdatunepia.ni.dll bdatunepia.dll bdatunepia.dll ehividctl.ni.dll mcstoredb.ni.dll mcstoredb.dll rasapi32.dll rasman.dll stdole.ni.dll mscorsec.dll bcrypt.dll bcryptprimitives.dll userenv.dll ntdll.dll kernelbase.dll msvcrt.dll sechost.dll msvcr120_clr0400.dll ole32.dll gdi32.dll usp10.dll oleaut32.dll imm32.dll rsaenh.dll rpcrtremote.dll clbcatq.dll sxs.dll mscoreei.dll clr.dll mscorlib.ni.dll clrjit.dll system.xml.ni.dll system.drawing.ni.dll system.configuration.install.ni.dll system.runtime.serialization.ni.dll wow64.dll wow64win.dll wow64cpu.dll kernel32.dll kernel32.dll kernelbase.dll advapi32.dll msvcrt.dll sechost.dll sspicli.dll cryptbase.dll msvcr120_clr0400.dll mscoree.dll lpk.dll usp10.dll oleaut32.dll msctf.dll cryptsp.dll rsaenh.dll rpcrtremote.dll clbcatq.dll sxs.dll mscoreei.dll mscorwks.dll msvcr80.dll profapi.dll mscorlib.ni.dll mscorjit.dll mscorlib.dll mscorlib.dll mscorlib.dll mscorsec.dll wintrust.dll comctl32.dll riched20.dll imagehlp.dll ncrypt.dll bcrypt.dll system.dll microsoft.build.framework.ni.dll microsoft.build.framework.dll microsoft.build.framework.dll microsoft.build.engine.ni.dll system.configuration.dll system.configuration.dll system.xml.dll system.xml.dll system.xml.dll microsoft.build.engine.dll system.xml.dll system.security.ni.dll system.security.dll system.data.sqlxml.ni.dll system.data.sqlxml.dll system.data.sqlxml.dll system.data.sqlxml.dll system.data.sqlxml.dll,normal
 ntdll.dll wow64.dll wow64win.dll wow64cpu.dll kernel32.dll kernel32.dll KernelBase.dll msvcrt.dll lpk.dll sechost.dll rpcrt4.dll sspicli.dll cryptbase.dll msctf.dll apphelp.dll,normal
 KernelBase.dll sechost.dll rpcrt4.dll user32.dll gdi32.dll lpk.dll usp10.dll shlwapi.dll wtsapi32.dll msctf.dll RpcRtRemote.dll cryptbase.dll cryptsp.dll rsaenh.dll,normal
 kernel32.dll kernelbase.dll combase.dll shcore.dll wer.dll sechost.dll advapi32.dll user32.dll cryptsp.dll rsaenh.dll bcryptprimitives.dll ntmarta.dll,normal
 devrtl.dll searchfolder.dll networkexplorer.dll samlib.dll shacct.dll mpclient.dll gpapi.dll shellext.dll eppmanifest.dll syncui.dll synceng.dll dlnashext.dll devdispitemprovider.dll wpdshext.dll,normal
 ntdll.dll ntdll.dll wow64.dll wow64win.dll kernel32.dll kernel32.dll KernelBase.dll msvcrt.dll winbrand.dll lpk.dll usp10.dll advapi32.dll rpcrt4.dll msctf.dll apphelp.dll,normal
 eppmanifest.dll sendmail.dll wpdshext.dll,normal
 advapi32.dll sechost.dll msvcr120_clr0400.dll ole32.dll user32.dll lpk.dll usp10.dll oleaut32.dll imm32.dll msctf.dll cryptsp.dll rsaenh.dll clbcatq.dll sxs.dll mscorwks.dll shlwapi.dll shell32.dll mscorjit.dll mscorlib.dll version.dll mscorlib.dll mscorlib.dll System.ni.dll Microsoft.ManagementConsole.ni.dll System.Configuration.Install.ni.dll System.Runtime.Serialization.Formatters.Soap.ni.dll System.Configuration.ni.dll System.Security.ni.dll System.Deployment.ni.dll kernel32.dll KernelBase.dll sechost.dll rpcrt4.dll msvcr120_clr0400.dll ole32.dll user32.dll usp10.dll oleaut32.dll cryptsp.dll rsaenh.dll RpcRtRemote.dll clbcatq.dll sxs.dll mscoreei.dll msvcr80.dll shlwapi.dll mscorlib.dll version.dll mscorlib.dll System.Web.DynamicData.Design.ni.dll System.Design.ni.dll System.Web.ni.dll System.Web.dll System.Web.dll System.Web.dll System.Core.ni.dll System.ComponentModel.DataAnnotations.ni.dll System.Web.Extensions.ni.dll System.Web.Routing.ni.dll System.Web.DynamicData.ni.dll System.Data.ni.dll System.Data.dll System.Data.dll System.Data.dll nsi.dll msasn1.dll System.Xml.ni.dll System.Windows.Forms.ni.dll System.Data.OracleClient.dll System.Data.OracleClient.dll System.Data.OracleClient.dll System.Runtime.Serialization.Formatters.Soap.ni.dll System.Security.ni.dll System.Transactions.dll System.Transactions.dll System.EnterpriseServices.ni.dll System.EnterpriseServices.dll System.Runtime.Remoting.ni.dll System.DirectoryServices.Protocols.ni.dll System.ServiceProcess.ni.dll System.Data.Linq.ni.dll System.Data.Entity.ni.dll System.Xml.Linq.ni.dll System.ServiceModel.ni.dll System.ServiceModel.Web.ni.dll System.Data.Services.Design.ni.dll System.IdentityModel.ni.dll System.IdentityModel.Selectors.ni.dll Microsoft.Transactions.Bridge.ni.dll WindowsBase.ni.dll ntdll.dll ntdll.dll wow64.dll wow64cpu.dll kernel32.dll kernel32.dll kernel32.dll kernel32.dll msvcrt.dll sechost.dll rpcrt4.dll sspicli.dll cryptbase.dll msvcr120_clr0400.dll mscoree.dll user32.dll oleaut32.dll imm32.dll msctf.dll cryptsp.dll RpcRtRemote.dll clbcatq.dll sxs.dll mscoreei.dll clr.dll,normal
 ntdll.dll kernel32.dll msvcrt.dll rpcrt4.dll gdi32.dll ole32.dll ntdll.dll wow64.dll wow64win.dll wow64cpu.dll kernel32.dll kernel32.dll kernel32.dll user32.dll kernel32.dll KernelBase.dll msvcrt.dll user32.dll usp10.dll advapi32.dll sechost.dll rpcrt4.dll imm32.dll,normal
 ntdll.dll kernelbase.dll rpcrt4.dll gdi32.dll lpk.dll usp10.dll ole32.dll msshooks.dll msctf.dll cryptbase.dll msidle.dll kernel32.dll user32.dll clbcatq.dll cryptsp.dll rpcrtremote.dll mssprxy.dll authz.dll wldap32.dll shell32.dll propsys.dll linkinfo.dll networkexplorer.dll cfgmgr32.dll devobj.dll profapi.dll,normal
 ntdll.dll ntdll.dll wow64win.dll wow64cpu.dll kernel32.dll kernel32.dll kernel32.dll kernel32.dll advapi32.dll msvcrt.dll rpcrt4.dll cryptbase.dll msvcr120_clr0400.dll mscoree.dll ole32.dll gdi32.dll usp10.dll oleaut32.dll imm32.dll msctf.dll cryptsp.dll clbcatq.dll sxs.dll clr.dll Microsoft.PowerShell.Activities.dll Microsoft.PowerShell.Activities.dll version.dll mscorlib.dll mscorlib.dll System.ni.dll System.Core.ni.dll System.Activities.dll System.Activities.dll System.Activities.dll System.Activities.dll System.Activities.dll System.Management.ni.dll System.Management.dll System.Management.Automation.dll Microsoft.Management.Infrastructure.ni.dll System.Activities.Presentation.ni.dll System.Activities.Presentation.dll PresentationCore.ni.dll PresentationFramework.ni.dll PresentationFramework.dll PresentationFramework.dll PresentationFramework.dll PresentationCore.dll PresentationCore.dll PresentationCore.dll WindowsBase.dll WindowsBase.dll WindowsBase.dll WindowsBase.dll System.dll System.Xaml.dll System.Xaml.dll System.Xaml.dll System.Xaml.dll System.Xaml.dll UIAutomationTypes.ni.dll UIAutomationTypes.dll UIAutomationTypes.dll System.Xml.dll System.Xml.dll System.Core.dll Microsoft.Management.Infrastructure.CimCmdlets.ni.dll Microsoft.Management.Infrastructure.CimCmdlets.dll Microsoft.PowerShell.Utility.Activities.dll System.Transactions.ni.dll System.Transactions.dll System.Transactions.dll System.Transactions.dll System.ServiceModel.Internals.ni.dll System.ServiceModel.Internals.dll System.ServiceModel.Internals.dll System.ServiceModel.Internals.dll System.ServiceModel.Internals.dll Microsoft.PowerShell.Activities.ni.dll,normal
 ntdll.dll kernel32.dll msctf.dll lpk.dll advapi32.dll rpcrt4.dll gdi32.dll shell32.dll crypt32.dll cfgmgr32.dll KernelBase.dll userenv.dll msasn1.dll winsta.dll secur32.dll sysntfy.dll srvcli.dll apphelp.dll wmsgapi.dll wevtapi.dll ncrypt.dll bcrypt.dll kerberos.dll cryptsp.dll wship6.dll netutils.dll credssp.dll ubpm.dll gpapi.dll pcwum.dll version.dll ntmarta.dll nlaapi.dll netapi32.dll dhcpcsvc6.dll dhcpcsvc.dll wtsapi32.dll rtutils.dll webio.dll atl.dll dsrole.dll wshqos.dll wshqos.dll wshqos.dll wshqos.dll FirewallAPI.dll uxtheme.dll xmllite.dll profsvc.dll WinSCard.dll mmcss.dll gpsvc.dll es.dll slc.dll Sens.dll shsvcs.dll ktmw32.dll fveapi.dll taskcomp.dll vssapi.dll vsstrace.dll samlib.dll ssdpapi.dll WMIsvc.dll iphlpsvc.dll fastprox.dll wdscore.dll browser.dll netmsg.dll netcfgx.dll hnetcfg.dll wbemcore.dll esscli.dll wbemsvc.dll resutils.dll repdrvfs.dll SessEnv.dll certprop.dll ncobjapi.dll wbemess.dll NCProv.dll TSChannel.dll qmgr.dll bitsperf.dll bitsigd.dll qmgrprxy.dll appinfo.dll actxprxy.dll cabinet.dll wuaueng.dll esent.dll mspatcha.dll wups2.dll psapi.dll wu.upgrade.ps.dll wer.dll sppc.dll api-ms-win-downlevel-advapi32-l1-1-0.dll api-ms-win-downlevel-normaliz-l1-1-0.dllnormaliz.dll wininet.dll cryptnet.dll schannel.dll advpack.dll ucrtbase.dll api-ms-win-core-timezone-l1-1-0.dll api-ms-win-core-file-l2-1-0.dll api-ms-win-core-localization-l1-2-0.dll api-ms-win-core-synch-l1-2-0.dll api-ms-win-core-processthreads-l1-1-1.dll api-ms-win-crt-string-l1-1-0.dll api-ms-win-crt-heap-l1-1-0.dll CbsApi.dll advpack.dll rasapi32.dll rasman.dll srclient.dll spp.dll slwga.dll CbsApi.dll,normal
 mscoree.dll mscoreei.dll ntdll.dll kernel32.dll oleaut32.dll gdi32.dll user32.dll advapi32.dll rpcrt4.dll cryptbase.dll lpk.dll imm32.dll msctf.dll version.dll clbcatq.dll msctf.dll fusion.dll clr.dll msvcr120_clr0400.dll ntdll.dll ntdll.dll kernel32.dll KernelBase.dll msvcrt.dll shlwapi.dll user32.dll lpk.dll usp10.dll cryptbase.dll fusion.dll rsaenh.dll ntdll.dll kernel32.dll KernelBase.dll advapi32.dll msvcrt.dll sechost.dll rpcrt4.dll user32.dll ole32.dll shlwapi.dll msshooks.dll imm32.dll msctf.dll cryptbase.dll msidle.dll clbcatq.dll mssprxy.dll mapi32.dll authz.dll tquery.dll RpcRtRemote.dll,normal
 ntdll.dll sechost.dll gdi32.dll lpk.dll usp10.dll oleaut32.dll ole32.dll version.dll msctf.dll clbcatq.dll vbscript.dll wintrust.dll crypt32.dll cryptsp.dll rsaenh.dll comdlg32.dll msisip.dll wshext.dll sspicli.dll scrobj.dll wbemprox.dll wmiutils.dll wbemsvc.dll fastprox.dll ntdsapi.dll scrrun.dll adsldp.dll adsldpc.dll netutils.dll srvcli.dll wkscli.dll logoncli.dll wbemdisp.dll,normal
 kernelbase.dll gdi32.dll usp10.dll imm32.dll ole32.dll rpcrt4.dll oleaut32.dll cryptbase.dll clbcatq.dll advapi32.dll sechost.dll ntdll.dll wow64.dll wow64win.dll wow64cpu.dll kernel32.dll user32.dll kernel32.dll kernelbase.dll msvcrt.dll gdi32.dll lpk.dll usp10.dll sechost.dll rpcrt4.dll apphelp.dll,normal
 ntdll.dll kernelbase.dll,normal
 ntdll.dll wow64win.dll kernel32.dll kernel32.dll kernelbase.dll msvcrt.dll gdi32.dll usp10.dll advapi32.dll sechost.dll sspicli.dll cryptbase.dll imm32.dll msctf.dll apphelp.dll,normal
 ntdll.dll kernelbase.dll advapi32.dll msvcrt.dll rpcrt4.dll dnsapi.dll winnsi.dll dhcpcsvc.dll shell32.dll shlwapi.dll user32.dll usp10.dll msctf.dll ntdll.dll ntdll.dll kernel32.dll user32.dll kernel32.dll user32.dll gdi32.dll lpk.dll usp10.dll advapi32.dll rpcrt4.dll cryptbase.dll shell32.dll shlwapi.dll msctf.dll crypt32.dll msvcr90.dll mswsock.dll wship6.dll napinsp.dll pnrpnsp.dll dnsapi.dll version.dll secur32.dll kernel32.dll advapi32.dll msvcrt.dll sechost.dll rpcrt4.dll user32.dll gdi32.dll lpk.dll usp10.dll shell32.dll imm32.dll cryptbase.dll clbcatq.dll oleaut32.dll comctl32.dll rsaenh.dll rpcrtremote.dll setupapi.dll cfgmgr32.dll devobj.dll wintrust.dll crypt32.dll msasn1.dll propsys.dll powrprof.dll slc.dll wkscli.dll ws2_32.dll nsi.dll netutils.dll shdocvw.dll dui70.dll,normal
 advapi32.dll sechost.dll rpcrt4.dll ole32.dll gdi32.dll msctf.dll wdscore.dll shell32.dll dbghelp.dll cbscore.dll version.dll crypt32.dll msasn1.dll wintrust.dll userenv.dll profapi.dll ktmw32.dll dpx.dll dpx.dll dpx.dll drupdate.dll setupapi.dll cfgmgr32.dll devobj.dll wrpint.dll sxsstore.dll webio.dll sensapi.dll cryptsp.dll rpcrtremote.dll cbsapi.dll smiengine.dll,normal
 ntdll.dll wow64.dll wow64win.dll wow64cpu.dll kernel32.dll user32.dll msvcrt.dll winbrand.dll gdi32.dll lpk.dll advapi32.dll sechost.dll rpcrt4.dll cryptbase.dll imm32.dll,normal
 ntdll.dll ntdll.dll wow64cpu.dll kernel32.dll kernel32.dll user32.dll kernel32.dll kernelbase.dll advapi32.dll msvcrt.dll sechost.dll rpcrt4.dll sspicli.dll cryptbase.dll ws2_32.dll winnsi.dll dhcpcsvc6.dll shell32.dll shlwapi.dll user32.dll imm32.dll msctf.dll ntdll.dll advapi32.dll msvcrt.dll rpcrt4.dll mscoree.dll ole32.dll gdi32.dll lpk.dll oleaut32.dll imm32.dll msctf.dll cryptsp.dll rpcrtremote.dll sxs.dll mscoreei.dll mscorlib.ni.dll version.dll mscorlib.dll system.xml.ni.dll system.core.ni.dll system.servicemodel.ni.dll microsoft.businessdata.ni.dll system.web.services.ni.dll system.runtime.serialization.ni.dll system.configuration.ni.dll system.data.dll ntdll.dll kernel32.dll advapi32.dll sechost.dll msvcr120_clr0400.dll ole32.dll lpk.dll msctf.dll rsaenh.dll rpcrtremote.dll clbcatq.dll clr.dll shlwapi.dll mscorlib.ni.dll clrjit.dll system.ni.dll mscorlib.dll ntdll.dll wow64win.dll kernel32.dll kernel32.dll user32.dll kernel32.dll advapi32.dll msvcrt.dll sspicli.dll cryptbase.dll msvcr120_clr0400.dll mscoree.dll ole32.dll user32.dll usp10.dll imm32.dll msctf.dll cryptsp.dll rsaenh.dll sxs.dll clr.dll shlwapi.dll mscorlib.ni.dll clrjit.dll system.ni.dll system.core.ni.dll version.dll mscorlib.dll system.dll system.core.dll system.core.dll system.data.services.dll system.xml.dll system.servicemodel.ni.dll system.data.services.client.ni.dll system.servicemodel.web.ni.dll system.servicemodel.web.dll system.servicemodel.web.dll system.servicemodel.activation.ni.dll system.servicemodel.activation.dll system.runtime.serialization.ni.dll system.runtime.serialization.dll system.data.entity.ni.dll system.data.entity.dll system.data.entity.dll system.xml.linq.ni.dll system.xml.linq.dll system.xml.linq.dll system.configuration.ni.dll system.configuration.dll system.configuration.dll system.web.ni.dll system.web.dll system.data.linq.ni.dll system.data.linq.dll system.data.ni.dll system.data.dll system.data.dll system.data.dll system.numerics.ni.dll system.numerics.dll,normal
 KernelBase.dll gdi32.dll msvcrt.dll imm32.dll msctf.dll rpcrt4.dll oleaut32.dll advapi32.dll sechost.dll ntdll.dll kernel32.dll kernel32.dll user32.dll KernelBase.dll msvcrt.dll winbrand.dll user32.dll gdi32.dll usp10.dll advapi32.dll sechost.dll sspicli.dll cryptbase.dll imm32.dll msctf.dll apphelp.dll,normal
 ntdll.dll wow64.dll kernel32.dll kernel32.dll kernel32.dll kernel32.dll kernelbase.dll advapi32.dll rpcrt4.dll sspicli.dll dnsapi.dll ws2_32.dll dhcpcsvc6.dll shlwapi.dll gdi32.dll lpk.dll imm32.dll clbcatq.dll rpcrtremote.dll ntdll.dll kernelbase.dll advapi32.dll sechost.dll rpcrt4.dll gdi32.dll user32.dll usp10.dll ole32.dll msimg32.dll wmsgapi.dll wtsapi32.dll winmm.dll userenv.dll profapi.dll winsta.dll crypt32.dll msasn1.dll msctfmonitor.dll imm32.dll comctl32.dll shlwapi.dll secur32.dll shell32.dll cryptbase.dll cryptsp.dll rsaenh.dll imagehlp.dll bcrypt.dll cryptnet.dll wldap32.dll setupapi.dll cfgmgr32.dll devobj.dll cabinet.dll version.dll clbcatq.dll urlmon.dll wininet.dll kernel32.dll ws2_32.dll nsi.dll wldap32.dll cryptsp.dll rsaenh.dll rpcrtremote.dll sechost.dll user32.dll lpk.dll oleaut32.dll ole32.dll imm32.dll msctf.dll wbemprox.dll fastprox.dll ntdsapi.dll advapi32.dll ncobjapi.dll wow64.dll wow64win.dll kernel32.dll kernel32.dll kernel32.dll kernel32.dll kernelbase.dll rpcrt4.dll sspicli.dll dnsapi.dll ws2_32.dll nsi.dll dhcpcsvc.dll shell32.dll shlwapi.dll user32.dll usp10.dll ole32.dll imm32.dll msctf.dll clbcatq.dll oleaut32.dll rpcrtremote.dll ntdll.dll ntdll.dll user32.dll oleaut32.dll gdi32.dll user32.dll sspicli.dll cryptbase.dll lpk.dll usp10.dll version.dll imm32.dll msctf.dll advapi32.dll cryptsp.dll rsaenh.dll sxs.dll vbscript.dll wintrust.dll crypt32.dll msisip.dll wshext.dll comctl32.dll,normal
 ntdll.dll kernel32.dll KernelBase.dll msvcrt.dll gdi32.dll lpk.dll usp10.dll ole32.dll shell32.dll imm32.dll msctf.dll uxtheme.dll,normal
 KernelBase.dll gdi32.dll lpk.dll usp10.dll msvcrt.dll imm32.dll msctf.dll ole32.dll oleaut32.dll advapi32.dll sechost.dll,normal
 ntdll.dll kernel32.dll kernelbase.dll msvcrt.dll imm32.dll ole32.dll oleaut32.dll sechost.dll wow64win.dll wow64cpu.dll kernel32.dll kernel32.dll kernel32.dll kernelbase.dll advapi32.dll msvcrt.dll sechost.dll rpcrt4.dll cryptbase.dll dnsapi.dll ws2_32.dll nsi.dll winnsi.dll dhcpcsvc.dll shell32.dll gdi32.dll user32.dll ole32.dll msctf.dll clbcatq.dll oleaut32.dll rsaenh.dll rpcrtremote.dll,normal
 ntdll.dll ntdll.dll wow64.dll wow64win.dll kernel32.dll kernel32.dll KernelBase.dll user32.dll gdi32.dll lpk.dll sechost.dll rpcrt4.dll sspicli.dll imm32.dll msctf.dll,normal
 ntdll.dll kernel32.dll KernelBase.dll advapi32.dll rpcrt4.dll usp10.dll ole32.dll oleaut32.dll tquery.dll shlwapi.dll msshooks.dll msidle.dll clbcatq.dll cryptsp.dll shell32.dll api-ms-win-downlevel-version-l1-1-0.dll comctl32.dll api-ms-win-downlevel-ole32-l1-1-0.dll secur32.dll sspicli.dll propsys.dll wininet.dll userenv.dll profapi.dll api-ms-win-downlevel-advapi32-l2-1-0.dll ntdll.dll ntdll.dll wow64win.dll kernel32.dll kernel32.dll kernel32.dll user32.dll KernelBase.dll msvcrt.dll oleaut32.dll ole32.dll gdi32.dll user32.dll sechost.dll sspicli.dll cryptbase.dll usp10.dll version.dll imm32.dll msctf.dll sxs.dll wintrust.dll crypt32.dll msasn1.dll rsaenh.dll scrobj.dll msi.dll scrrun.dll kernel32.dll KernelBase.dll gdi32.dll user32.dll lpk.dll usp10.dll oleaut32.dll imm32.dll cryptbase.dll cryptsp.dll RpcRtRemote.dll clbcatq.dll shell32.dll profapi.dll mscorlib.ni.dll mscorlib.dll mscorlib.dll mscorlib.dll wintrust.dll crypt32.dll msasn1.dll riched20.dll imagehlp.dll bcryptprimitives.dll userenv.dll gpapi.dll cryptnet.dll System.AddIn.ni.dll System.AddIn.Contract.ni.dll Microsoft.VisualStudio.Tools.Applications.AddInAdapter.v9.0.ni.dll System.Runtime.Remoting.ni.dll System.Configuration.ni.dll System.Xml.ni.dll kernel32.dll KernelBase.dll advapi32.dll msvcrt.dll sechost.dll rpcrt4.dll mscoree.dll ole32.dll gdi32.dll user32.dll lpk.dll usp10.dll oleaut32.dll imm32.dll RpcRtRemote.dll sxs.dll clr.dll shlwapi.dll mscorlib.ni.dll clrjit.dll version.dll mscorlib.dll System.Xml.ni.dll System.Core.ni.dll PresentationBuildTasks.ni.dll,normal
 ntdll.dll wow64.dll kernel32.dll kernelbase.dll msvcrt.dll user32.dll gdi32.dll usp10.dll advapi32.dll sechost.dll rpcrt4.dll sspicli.dll cryptbase.dll imm32.dll msctf.dll,normal
 netapi32.dll srvcli.dll logoncli.dll browcli.dll dsrole.dll security.dll secur32.dll CbsApi.dll CbsApi.dll ntdll.dll ntdll.dll wow64.dll wow64win.dll kernel32.dll kernel32.dll user32.dll kernel32.dll advapi32.dll msvcrt.dll rpcrt4.dll sspicli.dll cryptbase.dll msvcr120_clr0400.dll mscoree.dll user32.dll lpk.dll usp10.dll oleaut32.dll imm32.dll rsaenh.dll clbcatq.dll sxs.dll clr.dll mscorlib.ni.dll clrjit.dll System.ni.dll System.Core.ni.dll System.Data.ni.dll mscorlib.dll System.dll System.Core.dll System.Xml.ni.dll System.Xml.dll System.Transactions.dll System.Numerics.dll System.Numerics.dll System.Configuration.dll System.Configuration.dll System.EnterpriseServices.ni.dll,normal
 ntdll.dll wow64cpu.dll kernel32.dll user32.dll kernelbase.dll advapi32.dll msvcrt.dll cryptbase.dll dnsapi.dll nsi.dll winnsi.dll dhcpcsvc.dll shell32.dll gdi32.dll user32.dll lpk.dll usp10.dll ole32.dll msctf.dll clbcatq.dll oleaut32.dll rsaenh.dll wevtapi.dll,normal
 kernel32.dll kernelbase.dll ucrtbase.dll rpcrt4.dll shcore.dll shlwapi.dll win32u.dll imm32.dll uxtheme.dll msctf.dll sechost.dll oleaut32.dll msvcp_win.dll dwmapi.dll,normal
 mscoreei.dll clr.dll msctf.dll ntdll.dll kernel32.dll msvcrt.dll rpcrt4.dll shlwapi.dll user32.dll usp10.dll imm32.dll cryptbase.dll cryptsp.dll rsaenh.dll,normal
 ntdll.dll ntdll.dll kernelbase.dll kernelbase.dll combase.dll rpcrt4.dll bcryptprimitives.dll twinapi.appcore.dll twinapi.appcore.dll sechost.dll rmclient.dll shcore.dll shcore.dll user32.dll win32u.dll gdi32full.dll msvcp_win.dll msvcp_win.dll imm32.dll wintypes.dll mrmcorer.dll profapi.dll textinputframework.dll coremessaging.dll coremessaging.dll coreuicomponents.dll coreuicomponents.dll advapi32.dll ntmarta.dll ntmarta.dll languageoverlayutil.dll languageoverlayutil.dll bcp47mrm.dll bcp47mrm.dll biwinrt.dll oleaut32.dll slc.dll slc.dll wldp.dll wldp.dll cdp.dll ws2_32.dll ws2_32.dll crypt32.dll wincorlib.dll bcrypt.dll sppc.dll crypt32.dll msasn1.dll ncrypt.dll ncrypt.dll ntasn1.dll ntasn1.dll uxtheme.dll sspicli.dll windows.applicationmodel.background.timebroker.dll policymanager.dll windows.applicationmodel.background.systemeventsbroker.dll windows.applicationmodel.background.systemeventsbroker.dll msvcp110_win.dll wintrust.dll,normal
 ntdll.dll wow64.dll wow64cpu.dll kernel32.dll kernel32.dll user32.dll kernel32.dll KernelBase.dll rpcrt4.dll cryptbase.dll nsi.dll winnsi.dll dhcpcsvc.dll dhcpcsvc6.dll shell32.dll gdi32.dll user32.dll lpk.dll ole32.dll imm32.dll msctf.dll oleaut32.dll RpcRtRemote.dll,normal
 ntdll.dll kernel32.dll advapi32.dll sechost.dll rpcrt4.dll user32.dll gdi32.dll lpk.dll usp10.dll ole32.dll tquery.dll shlwapi.dll msctf.dll clbcatq.dll rsaenh.dll mscoree.dll mssprxy.dll,normal
 ntdll.dll kernel32.dll user32.dll usp10.dll imm32.dll msctf.dll ole32.dll cryptbase.dll advapi32.dll ntdll.dll ntdll.dll wow64cpu.dll kernel32.dll msvcrt.dll oleaut32.dll ole32.dll gdi32.dll advapi32.dll rpcrt4.dll cryptbase.dll lpk.dll version.dll sxs.dll clbcatq.dll vbscript.dll advapi32.dll wintrust.dll msisip.dll msi.dll kernel32.dll KernelBase.dll advapi32.dll msvcrt.dll lpk.dll msswch.dll winmm.dll GdiPlus.dll ole32.dll oleaut32.dll shlwapi.dll imm32.dll msctf.dll ntdll.dll kernel32.dll gdi32.dll user32.dll lpk.dll imm32.dll ole32.dll rpcrt4.dll clbcatq.dll sechost.dll ntdll.dll ntdll.dll wow64win.dll wow64cpu.dll kernel32.dll kernel32.dll user32.dll kernel32.dll KernelBase.dll msvcrt.dll sechost.dll rpcrt4.dll cryptbase.dll ws2_32.dll nsi.dll dhcpcsvc.dll dhcpcsvc6.dll shlwapi.dll user32.dll usp10.dll ole32.dll imm32.dll msctf.dll oleaut32.dll rsaenh.dll RpcRtRemote.dll wevtapi.dll ntdll.dll kernel32.dll user32.dll usp10.dll msvcrt.dll mfc42u.dll ole32.dll odbc32.dll advapi32.dll sechost.dll uxtheme.dll msctf.dll odbcint.dll comctl32.dll cryptbase.dll wininet.dll iertutil.dll crypt32.dll msasn1.dll clbcatq.dll mmcndmgr.dll msxml3.dll profapi.dll oleacc.dll cryptsp.dll rsaenh.dll devobj.dll mlang.dll propsys.dll dwmapi.dll xmllite.dll mscorwks.dll msvcr80.dll apphelp.dll mscorlib.ni.dll System.ni.dll System.Configuration.ni.dll MMCEx.ni.dll System.Windows.Forms.ni.dll Culture.dll diasymreader.dll GdiPlus.dll Microsoft.ManagementConsole.ni.dll srmlib.dll Interop.DfsrHelper.dll mscorjit.dll comctl32.dll Microsoft.BestPractices.ni.dll Wldap32.dll dhcpcsvc6.dll dhcpcsvc.dll nsi.dll mswsock.dll secur32.dll sspicli.dll wevtapi.dll winsta.dll netapi32.dll netutils.dll srvcli.dll samcli.dll logoncli.dll browcli.dll winnsi.dll WindowsCodecs.dll dnsapi.dll wdc.dll wdc.dll wdc.dll pdh.dll utildll.dll wtsapi32.dll devmgr.dll EventViewer.ni.dll userenv.dll System.ServiceProcess.ni.dll wecapi.dll imecfm.dll netshell.dll nlaapi.dll FirewallAPI.dll cabinet.dll wups.dll sppc.dll cscapi.dll filemgmt.dll filemgmt.dll atl.dll localsec.dll wbemcntl.dll wbemcntl.dll activeds.dll NapiNSP.dll rasadhlp.dll TaskScheduler.ni.dll adsnt.dll mpr.dll credssp.dll PwdSSP.dll wshqos.dll wshqos.dll wshqos.dll CustomMarshalers.ni.dll CustomMarshalers.dll psapi.dll mshtml.dll msls31.dll msimtf.dll jscript.dll MMDevAPI.dll dmdskmgr.dll dmdskmgr.dll dmutil.dll dmdskres.dll perfproc.dll ntdsperf.dll perfos.dll perfnet.dll loadperf.dll WmiApRpl.dll wbemcomn.dll System.Management.Automation.ni.dll wow64.dll wow64win.dll kernel32.dll kernel32.dll user32.dll kernel32.dll KernelBase.dll advapi32.dll sspicli.dll cryptbase.dll dnsapi.dll ws2_32.dll dhcpcsvc6.dll shell32.dll gdi32.dll usp10.dll ole32.dll msctf.dll cryptsp.dll rsaenh.dll wevtapi.dll ntdll.dll wow64.dll wow64win.dll kernel32.dll user32.dll kernel32.dll winbrand.dll user32.dll usp10.dll advapi32.dll sechost.dll rpcrt4.dll sspicli.dll imm32.dll msctf.dll,normal
 mssvp.dll mapi32.dll mapi32.dll,normal
 msctf.dll ntdll.dll kernel32.dll msvcrt.dll msvcrt.dll rpcrt4.dll gdi32.dll gdi32.dll lpk.dll lpk.dll usp10.dll oleaut32.dll oleaut32.dll imm32.dll imm32.dll ntdll.dll kernel32.dll wow64.dll wow64win.dll wow64cpu.dll kernel32.dll kernel32.dll kernelbase.dll oleaut32.dll sechost.dll sspicli.dll cryptbase.dll lpk.dll usp10.dll ws2_32.dll nsi.dll imm32.dll msctf.dll clbcatq.dll dnsapi.dll cryptsp.dll rsaenh.dll winnsi.dll rpcrtremote.dll,normal
 ntdll.dll kernel32.dll KernelBase.dll sechost.dll rpcrt4.dll gdi32.dll user32.dll imm32.dll oleaut32.dll shell32.dll dbghelp.dll cryptbase.dll CbsCore.dll crypt32.dll msasn1.dll ktmw32.dll dpx.dll dpx.dll wcp.dll setupapi.dll cfgmgr32.dll mpr.dll wrpint.dll sxsstore.dll sqmapi.dll webio.dll winhttp.dll rsaenh.dll RpcRtRemote.dll clbcatq.dll smipi.dll smiengine.dll,normal
 sfc_os.dll miguiresource.dll devicecenter.dll mapi32.dll sfc.dll sfc_os.dll,normal
 ntdll.dll kernelbase.dll rpcrt4.dll rpcrt4.dll shcore.dll shcore.dll msvcrt.dll msvcrt.dll msasn1.dll advapi32.dll advapi32.dll bcrypt.dll sechost.dll sechost.dll kernel.appcore.dll kernel.appcore.dll chakra.dll chakra.dll user32.dll wintypes.dll win32u.dll iertutil.dll gdi32.dll gdi32full.dll ws2_32.dll ws2_32.dll msdelta.dll msdelta.dll wintrust.dll cryptsp.dll cryptsp.dll imm32.dll clbcatq.dll windows.storage.dll windows.storage.dll shlwapi.dll powrprof.dll filterlib.dll windows.globalization.dll oleaut32.dll bcp47mrm.dll bcp47mrm.dll rometadata.dll rometadata.dll winrttracing.dll winrttracing.dll windows.web.http.dll windows.web.http.dll smartscreenps.dll smartscreenps.dll dpapi.dll netutils.dll slc.dll sppc.dll sppc.dll policymanager.dll policymanager.dll msvcp110_win.dll msvcp110_win.dll wininet.dll ondemandconnroutehelper.dll mswsock.dll fwbase.dll winnsi.dll winnsi.dll nsi.dll rsaenh.dll rsaenh.dll dnsapi.dll rasadhlp.dll fwpuclnt.dll schannel.dll mskeyprotect.dll ncrypt.dll ncryptsslp.dll certenroll.dll dsparse.dll dsparse.dll wldap32.dll mlang.dll,normal
 ntdll.dll ole32.dll kernel32.dll msctf.dll setupapi.dll lpk.dll user32.dll gdi32.dll usp10.dll KernelBase.dll devobj.dll RpcRtRemote.dll cryptbase.dll sspicli.dll secur32.dll clbcatq.dll wintrust.dll msasn1.dll cryptsp.dll wship6.dll dnsapi.dll credssp.dll winnsi.dll winsta.dll bcrypt.dll version.dll userenv.dll devrtl.dll netutils.dll cryptsp.dll wtsapi32.dll rasadhlp.dll dsrole.dll slc.dll webservices.dll fundisc.dll msxml6.dll cscapi.dll umb.dll localspl.dll snmpapi.dll wsnmp32.dll usbmon.dll winprint.dll win32spl.dll,normal
 ntdll.dll wow64win.dll wow64cpu.dll kernel32.dll kernel32.dll apphelp.dll mfc42u.dll msvcrt.dll shell32.dll winmm.dll ws2_32.dll sechost.dll combase.dll iertutil.dll userenv.dll winmmbase.dll profapi.dll devobj.dll bcryptprimitives.dll imm32.dll msctf.dll uxtheme.dll usp10.dll dwmapi.dll comctl32.dll clbcatq.dll propsys.dll ntmarta.dll dui70.dll imecfm.dll wer.dll shcore.dll msdart.dll oledb32.dll bcrypt.dll comsvcs.dll authz.dll msjet40.dll msjter40.dll mswstr10.dll msjint40.dll crypt32.dll msasn1.dll dpapi.dll cryptsp.dll rsaenh.dll msadox.dll msadrh15.dll msjtes40.dll imecfm.dll wer.dll msadce.dll urlmon.dll secur32.dll mlang.dll,caidao
 ntdll.dll wow64.dll wow64win.dll kernel32.dll kernel32.dll kernel32.dll user32.dll kernelbase.dll advapi32.dll rpcrt4.dll cryptbase.dll msvcr120_clr0400.dll ole32.dll user32.dll usp10.dll oleaut32.dll msctf.dll rpcrtremote.dll clbcatq.dll clr.dll mscorlib.ni.dll version.dll mscorlib.dll mscorlib.dll system.ni.dll system.dll microsoft.visualstudio.tools.applications.runtime.ni.dll system.core.dll system.core.dll system.drawing.ni.dll system.windows.forms.dll system.windows.forms.dll system.drawing.dll system.drawing.dll microsoft.visualstudio.tools.applications.hosting.ni.dll system.configuration.dll system.configuration.dll system.xml.dll,normal
 msftedit.dll mapi32.dll audiodev.dll mssvp.dll mapi32.dll,normal
 sensapi.dll sensapi.dll,normal
 ntdll.dll kernel32.dll kernelbase.dll advapi32.dll msvcrt.dll sechost.dll msvcr120_clr0400.dll mscoree.dll gdi32.dll lpk.dll usp10.dll oleaut32.dll imm32.dll cryptbase.dll rpcrtremote.dll clbcatq.dll sxs.dll shlwapi.dll profapi.dll mscorlib.ni.dll version.dll mscorlib.dll mscorlib.dll system.ni.dll windowsbase.ni.dll presentationcore.dll presentationcore.dll,normal
 eppmanifest.dll mydocs.dll wpdshext.dll,normal
 KernelBase.dll advapi32.dll msvcrt.dll mscoree.dll ole32.dll gdi32.dll user32.dll oleaut32.dll imm32.dll msctf.dll cryptsp.dll mscoreei.dll mscorwks.dll msvcr80.dll shlwapi.dll shell32.dll mscorlib.ni.dll mscorjit.dll mscorlib.dll version.dll PresentationFramework.Royale.ni.dll PresentationFramework.ni.dll PresentationCore.dll PresentationCore.dll ntdll.dll ntdll.dll wow64.dll wow64win.dll msvcr120_clr0400.dll wow64cpu.dll RpcRtRemote.dll sxs.dll kernel32.dll KernelBase.dll mscoreei.dll clr.dll shlwapi.dll msvcrt.dll sechost.dll rpcrt4.dll sspicli.dll ole32.dll gdi32.dll lpk.dll usp10.dll oleaut32.dll msctf.dll Microsoft.Powershell.Core.Activities.dll rsaenh.dll mscorlib.dll mscorlib.dll Microsoft.Powershell.Workflow.ServiceCore.dll Microsoft.Powershell.Workflow.ServiceCore.dll System.ni.dll System.Core.ni.dll System.Activities.dll System.Activities.dll System.Management.Automation.dll version.dll System.Management.ni.dll System.Management.dll System.Core.dll System.Core.dll System.Core.dll System.Core.dll System.Core.dll Microsoft.Management.Infrastructure.ni.dll Microsoft.Management.Infrastructure.dll System.dll System.dll System.ServiceModel.Internals.ni.dll System.ServiceModel.Internals.dll System.ServiceModel.Internals.dll System.ServiceModel.Internals.dll System.Transactions.ni.dll System.Transactions.dll System.Transactions.dll System.Transactions.dll System.Transactions.dll System.Transactions.dll Microsoft.PowerShell.Core.Activities.ni.dll KernelBase.dll advapi32.dll user32.dll usp10.dll ole32.dll imm32.dll msctf.dll clbcatq.dll cryptsp.dll rsaenh.dll mssprxy.dll ieframe.dll api-ms-win-downlevel-advapi32-l1-1-0.dll api-ms-win-downlevel-user32-l1-1-0.dll api-ms-win-downlevel-version-l1-1-0.dll version.dll api-ms-win-downlevel-normaliz-l1-1-0.dllnormaliz.dll iertutil.dll api-ms-win-downlevel-shlwapi-l2-1-0.dll sspicli.dll mlang.dll propsys.dll wininet.dll userenv.dll api-ms-win-downlevel-advapi32-l2-1-0.dll,normal
 ntdll.dll KernelBase.dll sechost.dll rpcrt4.dll gdi32.dll lpk.dll ole32.dll oleaut32.dll duser.dll dui70.dll setupapi.dll cfgmgr32.dll devobj.dll secur32.dll sspicli.dll winsta.dll cryptbase.dll comctl32.dll clbcatq.dll cryptsp.dll rsaenh.dll ExplorerFrame.dll powrprof.dll actxprxy.dll,normal
 mscms.dll tapi32.dll ntmarta.dll ntprint.dll mscms.dll,normal
 ntdll.dll kernel32.dll kernelbase.dll msvcrt.dll ucrtbase.dll ucrtbase.dll rpcrt4.dll bcryptprimitives.dll kernel.appcore.dll twinapi.appcore.dll sechost.dll sechost.dll rmclient.dll wintypes.dll shcore.dll shcore.dll win32u.dll gdi32.dll gdi32full.dll msvcp_win.dll imm32.dll mrmcore.dll mrmcorer.dll onecoreuapcommonproxystub.dll onecoreuapcommonproxystub.dll coremessaging.dll advapi32.dll advapi32.dll ntmarta.dll languageoverlayutil.dll bcp47mrm.dll bcp47mrm.dll uxtheme.dll biwinrt.dll biwinrt.dll oleaut32.dll policymanager.dll slc.dll slc.dll sspicli.dll sspicli.dll wldp.dll wldp.dll cdp.dll cdp.dll msasn1.dll cfgmgr32.dll wintrust.dll sppc.dll winhttp.dll winhttp.dll msvcp110_win.dll bcrypt.dll ncrypt.dll ncrypt.dll windows.storage.applicationdata.dll windows.storage.applicationdata.dll threadpoolwinrt.dll windows.applicationmodel.background.timebroker.dll windows.applicationmodel.background.timebroker.dll,normal
 ntdll.dll kernelbase.dll advapi32.dll msvcrt.dll sechost.dll user32.dll gdi32.dll usp10.dll bcrypt.dll nsi.dll imm32.dll msctf.dll psapi.dll cryptbase.dll clbcatq.dll msvcp90.dll vsocklib.dll fastprox.dll wbemsvc.dll loadperf.dll wbemcomn.dll vmstatsprovider.dll vmguestlib.dll,normal
 ntdll.dll ole32.dll shlwapi.dll msctf.dll wldap32.dll ws2_32.dll oleaut32.dll rpcrt4.dll user32.dll gdi32.dll kernelbase.dll profapi.dll rpcrtremote.dll cryptbase.dll sspicli.dll secur32.dll authz.dll bcrypt.dll cryptsp.dll cryptsp.dll mswsock.dll netlogon.dll netlogon.dll credssp.dll pcwum.dll ntmarta.dll nlaapi.dll winnsi.dll dhcpcsvc6.dll dhcpcsvc.dll firewallapi.dll taskschd.dll slc.dll lmhsvc.dll lmhsvc.dll lmhsvc.dll dhcpcore.dll dhcpcore.dll dhcpcore.dll wfapigp.dll mscms.dll pcasvc.dll pcasvc.dll pcasvc.dll servicemodelevents.dll servicemodelevents.dll peerdistsh.dll peerdistsh.dll peerdistsh.dll peerdistsh.dll peerdistsh.dll peerdistsh.dll peerdistsh.dll sstpsvc.dll provsvc.dll provsvc.dll provsvc.dll provsvc.dll netprofm.dll wdi.dll diagperf.dll pnpts.dll radardt.dll winsta.dll,normal
 ntdll.dll kernel32.dll msvcrt.dll rpcrt4.dll user32.dll win32u.dll ole32.dll combase.dll shell32.dll cfgmgr32.dll windows.storage.dll shlwapi.dll kernel.appcore.dll powrprof.dll profapi.dll uxtheme.dll imm32.dll playsndsrv.dll,normal
 ntdll.dll kernelbase.dll user32.dll lpk.dll rpcrt4.dll imm32.dll msctf.dll oleaut32.dll cryptsp.dll rsaenh.dll uxtheme.dll thumbcache.dll shell32.dll shlwapi.dll psapi.dll propsys.dll comctl32.dll,normal
 wow64.dll wow64win.dll kernel32.dll kernel32.dll kernel32.dll user32.dll kernel32.dll kernelbase.dll msvcrt.dll rpcrt4.dll dnsapi.dll winnsi.dll dhcpcsvc.dll dhcpcsvc6.dll gdi32.dll user32.dll usp10.dll ole32.dll clbcatq.dll rsaenh.dll rpcrtremote.dll wevtapi.dll kernel32.dll advapi32.dll sechost.dll rpcrt4.dll msvcr120_clr0400.dll ole32.dll lpk.dll usp10.dll oleaut32.dll imm32.dll msctf.dll cryptbase.dll rpcrtremote.dll mscoreei.dll mscorwks.dll msvcr80.dll shlwapi.dll mscorjit.dll mscorlib.dll mscorlib.dll version.dll mscorlib.dll mscorlib.dll system.core.ni.dll system.data.ni.dll system.data.dll system.data.dll system.data.dll ws2_32.dll system.xml.ni.dll system.transactions.dll system.transactions.dll system.runtime.serialization.ni.dll system.data.entity.ni.dll system.security.ni.dll microsoft.visualc.ni.dll system.enterpriseservices.dll system.directoryservices.ni.dll system.web.ni.dll system.web.dll system.web.dll system.web.dll system.web.dll system.drawing.ni.dll system.directoryservices.protocols.ni.dll system.serviceprocess.ni.dll system.windows.forms.ni.dll system.drawing.design.ni.dll system.data.oracleclient.ni.dll system.data.oracleclient.dll system.data.oracleclient.dll system.data.oracleclient.dll system.data.oracleclient.dll system.data.oracleclient.dll accessibility.ni.dll system.deployment.ni.dll system.configuration.install.ni.dll ntdll.dll advapi32.dll sechost.dll rpcrt4.dll mscoree.dll user32.dll lpk.dll oleaut32.dll imm32.dll cryptbase.dll rsaenh.dll clbcatq.dll clrjit.dll system.core.ni.dll version.dll mscorlib.dll mscorlib.dll system.configuration.install.ni.dll system.configuration.ni.dll system.xml.ni.dll system.numerics.ni.dll ntdll.dll wow64.dll wow64win.dll wow64cpu.dll kernel32.dll kernel32.dll kernel32.dll user32.dll kernelbase.dll advapi32.dll msvcrt.dll rpcrt4.dll sspicli.dll cryptbase.dll ole32.dll user32.dll oleaut32.dll imm32.dll cryptsp.dll rpcrtremote.dll clbcatq.dll mscorwks.dll shell32.dll profapi.dll mscorjit.dll mscorlib.dll version.dll mscorlib.dll mscorlib.dll system.dll system.dll system.dll system.configuration.ni.dll system.configuration.dll system.xml.ni.dll system.xml.dll system.xml.dll,normal
 ntdll.dll kernelbase.dll msvcrt.dll user32.dll ole32.dll oleaut32.dll tquery.dll shcore.dll shcore.dll msshooks.dll msshooks.dll rpcrt4.dll rpcrt4.dll gdi32.dll combase.dll msctf.dll kernel.appcore.dll kernel.appcore.dll clbcatq.dll cryptsp.dll rsaenh.dll rsaenh.dll bcrypt.dll bcrypt.dll mssprxy.dll mssph.dll mssph.dll mapi32.dll authz.dll,normal
 ntdll.dll ntdll.dll wow64win.dll kernel32.dll kernel32.dll user32.dll kernel32.dll KernelBase.dll winbrand.dll lpk.dll usp10.dll advapi32.dll cryptbase.dll imm32.dll msctf.dll,normal
 kernel32.dll ole32.dll gdi32.dll user32.dll lpk.dll rpcrt4.dll msctf.dll cryptbase.dll sechost.dll oleaut32.dll rsaenh.dll comctl32.dll shlwapi.dll userenv.dll profapi.dll shell32.dll ntmarta.dll Wldap32.dll,normal
 ntdll.dll kernel32.dll kernelbase.dll sechost.dll rpcrt4.dll ole32.dll combase.dll ucrtbase.dll bcryptprimitives.dll gdi32full.dll user32.dll win32u.dll oleaut32.dll atl.dll imm32.dll mscoreei.dll psapi.dll mscorlib.ni.dll system.ni.dll cryptsp.dll rsaenh.dll bcrypt.dll system.management.automation.ni.dll clbcatq.dll psapi.dll cfgmgr32.dll windows.storage.dll shcore.dll profapi.dll msasn1.dll mpoav.dll system.xml.ni.dll system.directoryservices.ni.dll system.numerics.ni.dll system.configuration.dll system.data.ni.dll system.data.dll clrjit.dll system.transactions.dll secur32.dll sspicli.dll microsoft.csharp.ni.dll wldp.dll microsoft.powershell.commands.utility.ni.dll system.configuration.install.ni.dll rasman.dll mswsock.dll winhttp.dll nsi.dll dhcpcsvc6.dll system.security.dll microsoft.powershell.commands.management.ni.dll wmiutils.dll wminet_utils.dll napinsp.dll dnsapi.dll winrnr.dll nlaapi.dll fastprox.dll,empire
 windows.networking.connectivity.dll npmproxy.dll nsi.dll winnsi.dll wlanapi.dll wcmapi.dll,normal
 ntdll.dll kernel32.dll kernelbase.dll msvcrt.dll rpcrt4.dll ucrtbase.dll msasn1.dll ole32.dll gdi32.dll gdi32full.dll user32.dll msvcp_win.dll shell32.dll cfgmgr32.dll windows.storage.dll powrprof.dll cryptdll.dll netapi32.dll shcore.dll profapi.dll setupapi.dll userenv.dll version.dll cryptbase.dll netutils.dll wldap32.dll logoncli.dll imm32.dll rsaenh.dll wintypes.dll wintrust.dll vaultcli.dll,mimikatz
 ntdll.dll kernel32.dll KernelBase.dll advapi32.dll user32.dll gdi32.dll lpk.dll usp10.dll ole32.dll sspicli.dll netapi32.dll netutils.dll srvcli.dll wkscli.dll logoncli.dll framedynos.dll version.dll imm32.dll wbemprox.dll wbemcomn.dll ntdll.dll KernelBase.dll gdi32.dll user32.dll msvcrt.dll ole32.dll rpcrt4.dll oleaut32.dll clbcatq.dll advapi32.dll sechost.dll,normal
 kernel32.dll kernelbase.dll msvcrt.dll combase.dll ucrtbase.dll ucrtbase.dll rpcrt4.dll rpcrt4.dll bcryptprimitives.dll bcryptprimitives.dll kernel.appcore.dll kernel.appcore.dll sechost.dll rmclient.dll wintypes.dll shcore.dll user32.dll gdi32.dll gdi32full.dll msvcp_win.dll onecoreuapcommonproxystub.dll inputhost.dll textinputframework.dll coreuicomponents.dll advapi32.dll coremessaging.dll coremessaging.dll coremessaging.dll ntmarta.dll ntmarta.dll languageoverlayutil.dll languageoverlayutil.dll bcp47mrm.dll bcp47mrm.dll biwinrt.dll oleaut32.dll slc.dll sspicli.dll policymanager.dll wldp.dll wldp.dll sppc.dll sppc.dll ws2_32.dll ws2_32.dll cfgmgr32.dll msasn1.dll wincorlib.dll msvcp110_win.dll wintrust.dll bcrypt.dll bcrypt.dll iphlpapi.dll winhttp.dll ncrypt.dll ncrypt.dll windows.storage.applicationdata.dll windows.storage.applicationdata.dll logoncli.dll threadpoolwinrt.dll windows.applicationmodel.background.timebroker.dll windows.applicationmodel.background.systemeventsbroker.dll windows.applicationmodel.background.systemeventsbroker.dll,normal
 kernel32.dll msvcrt.dll msctf.dll combase.dll rpcrt4.dll kernel.appcore.dll cryptbase.dll bcryptprimitives.dll sechost.dll uxtheme.dll cryptsp.dll bcrypt.dll clbcatq.dll ole32.dll tipskins.dll BCP47Langs.dll winsta.dll dui70.dll SHCore.dll dwmapi.dll shlwapi.dll gpapi.dll TipRes.dll Windows.UI.dll oleacc.dll,normal
 wow64.dll wow64win.dll kernel32.dll kernel32.dll oleaut32.dll msvcrt.dll gdi32.dll user32.dll rpcrt4.dll lpk.dll usp10.dll version.dll mpr.dll msimg32.dll shell32.dll shlwapi.dll wsock32.dll netutils.dll srvcli.dll imm32.dll msctf.dll uxtheme.dll dwmapi.dll wkscli.dll olepro32.dll,normal
 ntdll.dll kernel32.dll kernelbase.dll msvcrt.dll combase.dll rpcrt4.dll gdi32full.dll user32.dll win32u.dll oleaut32.dll conhostv2.dll propsys.dll shcore.dll shell32.dll windows.storage.dll powrprof.dll shlwapi.dll clbcatq.dll,normal
 drprov.dll davclnt.dll kbd101.dll kbd106.dll kbd106.dll kbdnec.dll,normal
 user32.dll lpk.dll usp10.dll msvcrt.dll imm32.dll gdi32.dll advapi32.dll sechost.dll apphelp.dll,normal
 user32.dll usp10.dll msvcrt.dll rpcrt4.dll oleaut32.dll cryptbase.dll clbcatq.dll sechost.dll ntdll.dll kernelbase.dll gdi32.dll user32.dll lpk.dll usp10.dll imm32.dll msctf.dll ole32.dll rpcrt4.dll oleaut32.dll ntdll.dll ntdll.dll wow64win.dll wow64cpu.dll kernel32.dll user32.dll kernel32.dll kernelbase.dll msvcrt.dll oleaut32.dll ole32.dll gdi32.dll user32.dll advapi32.dll rpcrt4.dll sspicli.dll version.dll vbscript.dll crypt32.dll cryptsp.dll msisip.dll wshext.dll shell32.dll scrobj.dll scrrun.dll ntdll.dll ntdll.dll wow64.dll wow64win.dll wow64cpu.dll kernel32.dll kernelbase.dll msvcrt.dll winbrand.dll user32.dll gdi32.dll advapi32.dll sspicli.dll cryptbase.dll msctf.dll,normal
 kernelbase.dll msvcrt.dll cmdext.dll sechost.dll rpcrt4.dll,normal
 ntdll.dll kernelbase.dll msvcrt.dll sechost.dll rpcrt4.dll msvcr120_clr0400.dll mscoree.dll gdi32.dll user32.dll usp10.dll oleaut32.dll cryptbase.dll rsaenh.dll rpcrtremote.dll msvcr80.dll shlwapi.dll shell32.dll profapi.dll mscorlib.ni.dll mscorlib.dll mscorlib.dll mscorlib.dll system.ni.dll microsoft.visualstudio.tools.office.outlook.hostadapter.v10.0.ni.dll mscorsec.dll crypt32.dll msasn1.dll imagehlp.dll bcrypt.dll userenv.dll cryptnet.dll wldap32.dll sensapi.dll system.core.ni.dll microsoft.visualstudio.tools.office.hostadapter.v10.0.ni.dll microsoft.visualstudio.tools.office.contract.v9.0.ni.dll system.addin.contract.ni.dll microsoft.visualstudio.tools.applications.adapter.v9.0.ni.dll,normal
 vaultsvc.dll,normal
 kernelbase.dll gdi32.dll user32.dll usp10.dll rpcrt4.dll advapi32.dll sechost.dll duser.dll msctf.dll dui70.dll comctl32.dll cryptbase.dll uxtheme.dll odbcint.dll iertutil.dll atl.dll ntdsapi.dll nsi.dll dsrole.dll els.dll filemgmt.dll wbemcntl.dll wdc.dll sspicli.dll pla.dll shell32.dll dmdskmgr.dll dmutil.dll newdev.dll crypt32.dll msasn1.dll mmcndmgr.dll dwmapi.dll xmllite.dll msxml3.dll profapi.dll tsuserex.dll wldap32.dll logoncli.dll wkscli.dll secur32.dll mmcex.ni.dll mmcfxcommon.ni.dll winsta.dll version.dll mpr.dll riched32.dll riched32.dll riched20.dll elsext.dll elsext.dll mycomput.dll cfgmgr32.dll localsec.dll credui.dll microsoft.managementconsole.ni.dll eventviewer.ni.dll setupapi.dll devobj.dll miguicontrols.ni.dll samcli.dll shfolder.dll devrtl.dll dsprop.dll rtrfiltr.dll rasman.dll slc.dll rtutils.dll servdeps.dll oleacc.dll rsaenh.dll mlang.dll mscoree.dll mscorwks.dll system.xml.ni.dll system.drawing.ni.dll system.windows.forms.ni.dll diasymreader.dll windowscodecs.dll system.serviceprocess.ni.dll adsnt.dll cscapi.dll taskschd.dll custommarshalers.ni.dll mscorjit.dll wecapi.dll riched20.dll system.web.ni.dll psapi.dll mshtml.dll msimtf.dll mmdevapi.dll tapiperf.dll usbperf.dll pcwum.dll ddrawex.dll wintrust.dll dxtmsft.dll wvc.dll msimg32.dll imageres.dll mcxdriv.dll imageres.dll imageres.dll imageres.dll imageres.dll imageres.dll imageres.dll mdminst.dll imageres.dll imageres.dll sysclass.dll netcfgx.dll sti_ci.dll batt.dll auxiliarydisplayclassinstaller.dll bthci.dll jscript.dll,normal
 eppmanifest.dll acppage.dll sfc.dll msi.dll wpdshext.dll,normal
 ntdll.dll ntdll.dll kernel32.dll kernelbase.dll user32.dll msvcrt.dll msvcrt.dll shlwapi.dll oleaut32.dll gdi32.dll sechost.dll sechost.dll kernel.appcore.dll cryptbase.dll cryptbase.dll bcryptprimitives.dll bcryptprimitives.dll uxtheme.dll clbcatq.dll rsaenh.dll bcrypt.dll propsys.dll,normal
 ntdll.dll kernelbase.dll msvcrt.dll rpcrt4.dll oleaut32.dll msvcp_win.dll bcryptprimitives.dll ole32.dll gdi32full.dll win32u.dll crypt32.dll msasn1.dll wintrust.dll secur32.dll bcrypt.dll version.dll userenv.dll kernel.appcore.dll clbcatq.dll cryptbase.dll windows.security.authentication.onlineid.dll dpapi.dll,normal
 kernelbase.dll shell32.dll msvcrt.dll msvcrt.dll cfgmgr32.dll ucrtbase.dll shcore.dll rpcrt4.dll rpcrt4.dll combase.dll bcryptprimitives.dll bcryptprimitives.dll windows.storage.dll advapi32.dll sechost.dll shlwapi.dll msvcp_win.dll user32.dll kernel.appcore.dll kernel.appcore.dll profapi.dll powrprof.dll filterlib.dll fltlib.dll chrome_elf.dll chrome_elf.dll userenv.dll winmmbase.dll imm32.dll chrome_child.dll ws2_32.dll oleaut32.dll msasn1.dll msasn1.dll crypt32.dll comdlg32.dll comdlg32.dll iphlpapi.dll oleacc.dll uiautomationcore.dll wtsapi32.dll dxgi.dll comctl32.dll usp10.dll winhttp.dll urlmon.dll urlmon.dll secur32.dll secur32.dll dhcpcsvc.dll dhcpcsvc.dll nsi.dll propsys.dll sspicli.dll,normal
 ntdll.dll wow64win.dll wow64cpu.dll kernel32.dll kernel32.dll user32.dll kernelbase.dll msvcrt.dll winbrand.dll user32.dll sechost.dll rpcrt4.dll imm32.dll msctf.dll apphelp.dll,normal
 kernel32.dll kernelbase.dll usp10.dll msvcrt.dll imm32.dll msctf.dll rpcrt4.dll oleaut32.dll cryptbase.dll advapi32.dll sechost.dll,normal
 ntdll.dll kernel32.dll msvcp_win.dll ntdll.dll wow64.dll ucrtbase.dll combase.dll rpcrt4.dll kernel32.dll kernel32.dll sspicli.dll cryptbase.dll bcryptprimitives.dll sechost.dll wow64cpu.dll user32.dll shlwapi.dll win32u.dll fusion.dll gdi32.dll advapi32.dll msvcrt.dll clbcatq.dll,normal
 ntdll.dll kernel32.dll advapi32.dll sechost.dll rpcrt4.dll user32.dll imm32.dll msctf.dll wdscore.dll shell32.dll shlwapi.dll crypt32.dll msasn1.dll userenv.dll profapi.dll ktmw32.dll dpx.dll setupapi.dll cfgmgr32.dll mpr.dll wrpint.dll sqmapi.dll winhttp.dll webio.dll winhttp.dll rsaenh.dll rpcrtremote.dll clbcatq.dll cbsapi.dll ntdll.dll wow64.dll wow64win.dll kernel32.dll kernel32.dll user32.dll kernelbase.dll msvcrt.dll winbrand.dll user32.dll gdi32.dll lpk.dll usp10.dll sechost.dll rpcrt4.dll sspicli.dll imm32.dll apphelp.dll,normal
 kernel32.dll kernelbase.dll gdi32.dll lpk.dll usp10.dll ole32.dll cryptbase.dll advapi32.dll sechost.dll kernelbase.dll user32.dll lpk.dll usp10.dll msvcrt.dll rpcrt4.dll oleaut32.dll cryptbase.dll clbcatq.dll ntdll.dll ntdll.dll wow64win.dll wow64cpu.dll kernel32.dll kernel32.dll kernel32.dll kernelbase.dll advapi32.dll sspicli.dll dnsapi.dll ws2_32.dll nsi.dll dhcpcsvc.dll dhcpcsvc6.dll shell32.dll shlwapi.dll gdi32.dll ole32.dll clbcatq.dll oleaut32.dll cryptsp.dll rsaenh.dll rpcrtremote.dll wevtapi.dll ntdll.dll ntdll.dll wow64cpu.dll kernel32.dll kernel32.dll kernel32.dll kernel32.dll kernelbase.dll winbrand.dll gdi32.dll lpk.dll advapi32.dll rpcrt4.dll sspicli.dll cryptbase.dll imm32.dll,normal
 ntdll.dll ntdll.dll wow64cpu.dll kernel32.dll kernel32.dll user32.dll kernel32.dll advapi32.dll sechost.dll rpcrt4.dll cryptbase.dll ws2_32.dll nsi.dll dhcpcsvc.dll dhcpcsvc6.dll shlwapi.dll lpk.dll usp10.dll ole32.dll imm32.dll oleaut32.dll wevtapi.dll ntdll.dll wow64.dll wow64win.dll wow64cpu.dll kernel32.dll kernel32.dll user32.dll kernel32.dll KernelBase.dll advapi32.dll msvcrt.dll rpcrt4.dll cryptbase.dll dnsapi.dll ws2_32.dll nsi.dll winnsi.dll dhcpcsvc.dll gdi32.dll user32.dll lpk.dll ole32.dll imm32.dll msctf.dll oleaut32.dll cryptsp.dll rsaenh.dll wevtapi.dll ntdll.dll kernel32.dll user32.dll lpk.dll msctf.dll ole32.dll rpcrt4.dll ntdll.dll wow64.dll wow64cpu.dll kernel32.dll msvcrt.dll user32.dll gdi32.dll lpk.dll usp10.dll advapi32.dll sechost.dll rpcrt4.dll cryptbase.dll imm32.dll,normal
 imageres.dll devrtl.dll sendmail.dll mydocs.dll sfc.dll msi.dll,normal
 ntdll.dll kernelbase.dll advapi32.dll rpcrt4.dll user32.dll lpk.dll mfc42u.dll oleaut32.dll shell32.dll urlmon.dll msasn1.dll iertutil.dll nsi.dll imm32.dll msctf.dll odbcint.dll cryptbase.dll uxtheme.dll riched32.dll dwmapi.dll comctl32.dll imecfm.dll version.dll cryptsp.dll comsvcs.dll atl.dll bcryptprimitives.dll msjetoledb40.dll mswstr10.dll msjint40.dll msadox.dll msjtes40.dll vbajet32.dll expsrv.dll imecfm.dll msadce.dll msadcer.dll propsys.dll ieframe.dll psapi.dll ntmarta.dll wldap32.dll setupapi.dll devobj.dll,caidao
 ntdll.dll kernel32.dll kernelbase.dll advapi32.dll sechost.dll rpcrt4.dll gdi32.dll user32.dll lpk.dll wtsapi32.dll winmm.dll userenv.dll imm32.dll msutb.dll comctl32.dll shlwapi.dll sspicli.dll cryptbase.dll wintrust.dll cryptsp.dll rsaenh.dll imagehlp.dll bcryptprimitives.dll ncrypt.dll cryptnet.dll wldap32.dll sensapi.dll version.dll oleaut32.dll api-ms-win-downlevel-ole32-l1-1-0.dll api-ms-win-downlevel-advapi32-l1-1-0.dll api-ms-win-downlevel-user32-l1-1-0.dll api-ms-win-downlevel-version-l1-1-0.dll api-ms-win-downlevel-normaliz-l1-1-0.dll,normal
 ntdll.dll ntdll.dll kernel32.dll kernelbase.dll msvcrt.dll msvcrt.dll tquery.dll tquery.dll msvcp_win.dll combase.dll combase.dll advapi32.dll advapi32.dll bcryptprimitives.dll sechost.dll cryptdll.dll windows.storage.dll gdi32.dll user32.dll win32u.dll shcore.dll shcore.dll powrprof.dll filterlib.dll imm32.dll clbcatq.dll ole32.dll mssph.dll authz.dll mssprxy.dll mssprxy.dll,normal
 ntdll.dll KernelBase.dll usp10.dll msvcrt.dll imm32.dll msctf.dll ole32.dll rpcrt4.dll oleaut32.dll clbcatq.dll advapi32.dll ntdll.dll wow64.dll kernel32.dll kernel32.dll kernel32.dll KernelBase.dll msvcrt.dll sspicli.dll cryptbase.dll dnsapi.dll nsi.dll dhcpcsvc.dll shlwapi.dll lpk.dll usp10.dll imm32.dll oleaut32.dll cryptsp.dll RpcRtRemote.dll ntdll.dll ntdll.dll wow64win.dll wow64cpu.dll kernel32.dll kernel32.dll kernel32.dll msvcrt.dll user32.dll gdi32.dll lpk.dll usp10.dll advapi32.dll sechost.dll rpcrt4.dll sspicli.dll cryptbase.dll imm32.dll,normal
 kernelbase.dll msvcrt.dll ole32.dll user32.dll lpk.dll usp10.dll oleaut32.dll imm32.dll msctf.dll cryptbase.dll sechost.dll advapi32.dll clbcatq.dll shlwapi.dll taskschd.dll netprofm.dll rsaenh.dll rpcrtremote.dll npmproxy.dll atl.dll crypt32.dll certenroll.dll ws2_32.dll logoncli.dll netutils.dll ntdsapi.dll bcrypt.dll bcryptprimitives.dll kerberos.dll winnsi.dll rasadhlp.dll,normal
 kernel32.dll advapi32.dll oleaut32.dll shlwapi.dll shell32.dll gdi32.dll imm32.dll kernel.appcore.dll bcryptprimitives.dll uxtheme.dll clbcatq.dll shcore.dll twinapi.dll bcp47langs.dll linkinfo.dll rsaenh.dll bcrypt.dll sspicli.dll srvcli.dll setupapi.dll cfgmgr32.dll cscapi.dll mscoreei.dll version.dll psapi.dll system.management.ni.dll clr.dll system.ni.dll system.core.ni.dll microsoft.powershell.consolehost.ni.dll system.management.automation.ni.dll system.xml.ni.dll system.directoryservices.ni.dll clrjit.dll system.configuration.install.ni.dll system.transactions.ni.dll system.configuration.ni.dll secur32.dll system.data.ni.dll system.data.dll ws2_32.dll crypt32.dll nsi.dll microsoft.powershell.commands.utility.ni.dll rasapi32.dll rasman.dll rtutils.dll mswsock.dll winnsi.dll system.security.dll system.security.ni.dll wmiutils.dll wbemprox.dll wminet_utils.dll napinsp.dll winrnr.dll nlaapi.dll,empire
 kernel32.dll gdi32.dll user32.dll usp10.dll imm32.dll msctf.dll ole32.dll rpcrt4.dll advapi32.dll sechost.dll ntdll.dll wow64.dll wow64cpu.dll kernel32.dll msvcrt.dll gdi32.dll lpk.dll usp10.dll advapi32.dll sechost.dll rpcrt4.dll sspicli.dll cryptbase.dll imm32.dll msctf.dll apphelp.dll,normal
 ntdll.dll kernel32.dll advapi32.dll msvcrt.dll shell32.dll shlwapi.dll user32.dll lpk.dll msctf.dll ole32.dll cryptbase.dll oleaut32.dll clbcatq.dll urlmon.dll api-ms-win-downlevel-ole32-l1-1-0.dll api-ms-win-downlevel-shlwapi-l1-1-0.dll version.dll userenv.dll devobj.dll api-ms-win-downlevel-user32-l1-1-0.dll normaliz.dll iertutil.dll wininet.dll propsys.dll cfgmgr32.dll sspicli.dll msctf.dll kernel32.dll rpcrt4.dll gdi32.dll user32.dll usp10.dll ole32.dll ntdll.dll kernel32.dll kernelbase.dll advapi32.dll msvcrt.dll sechost.dll ole32.dll gdi32.dll user32.dll imm32.dll cryptbase.dll cryptsp.dll rpcrtremote.dll clbcatq.dll sxs.dll mscoreei.dll mscorwks.dll msvcr80.dll shlwapi.dll profapi.dll mscorlib.ni.dll version.dll mscorlib.dll presentationcore.ni.dll presentationcore.dll presentationcore.dll system.xml.ni.dll system.drawing.ni.dll system.printing.ni.dll system.printing.dll reachframework.ni.dll uiautomationtypes.ni.dll system.data.ni.dll ws2_32.dll accessibility.ni.dll system.configuration.ni.dll microsoft.visualc.ni.dll presentationcffrasterizer.ni.dll system.runtime.serialization.formatters.soap.ni.dll system.directoryservices.ni.dll system.transactions.ni.dll system.transactions.dll system.transactions.dll system.transactions.dll system.transactions.dll system.enterpriseservices.ni.dll system.enterpriseservices.dll system.enterpriseservices.dll system.web.ni.dll system.web.dll system.web.dll system.web.dll system.web.services.ni.dll system.directoryservices.protocols.ni.dll system.design.ni.dll system.serviceprocess.ni.dll system.web.regularexpressions.ni.dll system.drawing.design.ni.dll system.data.oracleclient.ni.dll system.data.oracleclient.dll system.data.oracleclient.dll system.data.oracleclient.dll system.configuration.install.ni.dll gdi32.dll usp10.dll msvcrt.dll imm32.dll msctf.dll ole32.dll oleaut32.dll cryptbase.dll advapi32.dll,normal
 ntdll.dll wow64.dll wow64cpu.dll kernel32.dll kernel32.dll KernelBase.dll msvcrt.dll sechost.dll rpcrt4.dll cryptbase.dll dnsapi.dll ws2_32.dll nsi.dll dhcpcsvc.dll dhcpcsvc6.dll shell32.dll shlwapi.dll gdi32.dll user32.dll lpk.dll usp10.dll ole32.dll imm32.dll clbcatq.dll oleaut32.dll rsaenh.dll RpcRtRemote.dll wevtapi.dll ntdll.dll kernel32.dll lpk.dll usp10.dll msvcrt.dll imm32.dll msctf.dll oleaut32.dll ntdll.dll KernelBase.dll user32.dll lpk.dll msvcrt.dll imm32.dll msctf.dll ole32.dll cryptbase.dll advapi32.dll sechost.dll ntdll.dll ntdll.dll wow64cpu.dll kernel32.dll kernel32.dll KernelBase.dll advapi32.dll msvcrt.dll sechost.dll rpcrt4.dll sspicli.dll dnsapi.dll ws2_32.dll winnsi.dll shell32.dll user32.dll lpk.dll imm32.dll oleaut32.dll cryptsp.dll rsaenh.dll RpcRtRemote.dll wevtapi.dll ntdll.dll wow64.dll wow64cpu.dll kernel32.dll kernel32.dll kernel32.dll user32.dll KernelBase.dll advapi32.dll msvcrt.dll rpcrt4.dll cryptbase.dll ws2_32.dll shell32.dll shlwapi.dll user32.dll lpk.dll imm32.dll clbcatq.dll rsaenh.dll KernelBase.dll advapi32.dll msvcrt.dll gdi32.dll user32.dll usp10.dll ole32.dll msimg32.dll wtsapi32.dll winmm.dll userenv.dll profapi.dll msasn1.dll comctl32.dll sspicli.dll wintrust.dll MsCtfMonitor.dll setupapi.dll oleaut32.dll clbcatq.dll imagehlp.dll gpapi.dll cryptnet.dll devrtl.dll wininet.dll iertutil.dll ntdll.dll ntdll.dll wow64win.dll wow64cpu.dll kernel32.dll user32.dll KernelBase.dll msvcrt.dll oleaut32.dll gdi32.dll user32.dll advapi32.dll rpcrt4.dll cryptbase.dll lpk.dll usp10.dll imm32.dll msctf.dll advapi32.dll wintrust.dll wshext.dll comctl32.dll shell32.dll shlwapi.dll msi.dll scrrun.dll ntdll.dll kernel32.dll user32.dll lpk.dll usp10.dll msvcrt.dll imm32.dll msctf.dll ole32.dll ntdll.dll wow64.dll wow64win.dll wow64cpu.dll user32.dll KernelBase.dll advapi32.dll msvcrt.dll sechost.dll sspicli.dll cryptbase.dll dnsapi.dll winnsi.dll dhcpcsvc6.dll shlwapi.dll gdi32.dll user32.dll imm32.dll msctf.dll clbcatq.dll oleaut32.dll cryptsp.dll rsaenh.dll RpcRtRemote.dll ntdll.dll ntdll.dll kernel32.dll kernel32.dll kernel32.dll KernelBase.dll advapi32.dll msvcrt.dll sspicli.dll ws2_32.dll nsi.dll winnsi.dll dhcpcsvc.dll shell32.dll shlwapi.dll user32.dll lpk.dll ole32.dll imm32.dll msctf.dll oleaut32.dll cryptsp.dll rsaenh.dll wevtapi.dll,normal
 ntdll.dll,normal
 ntdll.dll kernel32.dll kernelbase.dll sechost.dll combase.dll bcryptprimitives.dll kernel.appcore.dll user32.dll win32u.dll gdi32.dll gdi32full.dll,normal
 auditcse.dll gpsvc.dll adtschema.dll adtschema.dll auditcse.dll gpsvc.dll auditcse.dll adtschema.dll gpsvc.dll auditcse.dll adtschema.dll CertEnroll.dll gpsvc.dll gpsvc.dll adtschema.dll auditcse.dll aeevts.dll auditcse.dll schedsvc.dll kdcsvc.dll gpsvc.dll adtschema.dll gpsvc.dll adtschema.dll auditcse.dll auditcse.dll gpsvc.dll auditcse.dll adtschema.dll schedsvc.dll gpsvc.dll auditcse.dll auditcse.dll adtschema.dll gpsvc.dll adtschema.dll auditcse.dll adtschema.dll gpsvc.dll auditcse.dll adtschema.dll gpsvc.dll auditcse.dll adtschema.dll auditcse.dll gpsvc.dll gpsvc.dll adtschema.dll CertEnroll.dll auditcse.dll gpsvc.dll schedsvc.dll adtschema.dll gpsvc.dll adtschema.dll adtschema.dll gpsvc.dll gpsvc.dll adtschema.dll auditcse.dll gpsvc.dll adtschema.dll gpsvc.dll auditcse.dll adtschema.dll gpsvc.dll crypt32.dll kdcsvc.dll auditcse.dll wevtapi.dll wevtapi.dll wecsvc.dll wevtapi.dll wevtapi.dll dfsrress.dll els.dll wevtapi.dll wevtapi.dll appidapi.dll appidapi.dll crypt32.dll authui.dll gpsvc.dll CertPolEng.dll cofiredm.dll cofiredm.dll SyncInfrastructure.dll auditcse.dll pla.dll sdiagprv.dll webio.dll WUDFPlatform.dll winhttp.dll fms.dll wevtfwd.dll apds.dll iphlpsvc.dll msv1_0.dll PSEvents.dll ntprint.dll RacEngn.dll scwengb.dll svrmgrnc.dll umrdp.dll mstscax.dll profsvc.dll MPSSVC.dll wuaueng.dll WsmRes.dll dot3svc.dll oleres.dll wininet.dll schedsvc.dll Wldap32.dll CbsMsg.dll samsrv.dll propsys.dll netdiagfx.dll clusapi.dll connect.dll logoncli.dll Display.dll xwizards.dll duser.dll SCardSvr.dll umrdp.dll eqossnap.dll oleres.dll ntshrui.dll appidapi.dll ActionCenter.dll schedsvc.dll l2nacp.dll WinMgmtR.dll WinMgmtR.dll MPSSVC.dll setupetw.dll FCRegSvc.dll ktmw32.dll dui70.dll lsasrv.dll MPSSVC.dll napipsec.dll nettrace.dll dwmapi.dll prflbmsg.dll ntevt.dll VAN.dll shsvcs.dll netcenter.dll perfdisk.dll dfsrress.dll wecsvc.dll ActionQueue.dll usercpl.dll netlogon.dll cmisetup.dll efscore.dll sstpsvc.dll wlgpclnt.dll fdPHost.dll ReAgent.dll PortableDeviceSyncProvider.dll Magnification.dll DiagCpl.dll FirewallControlPanel.dll wdc.dll stobject.dll SndVolSSO.dll rtm.dll loadperf.dll tbssvc.dll efssvc.dll microsoft-windows-hal-events.dll CertEnroll.dll energy.dll DeviceUxRes.dll msimsg.dll dwmcore.dll comres.dll comres.dll comres.dll msoobeui.dll whealogr.dll netevent.dll tcpmon.dll certprop.dll mshtml.dll dot3gpclnt.dll powercpl.dll sud.dll csrsrv.dll msdtcVSp1res.dll msdtcVSp1res.dll fundisc.dll dwmredir.dll kerberos.dll zipfldr.dll pots.dll IPBusEnum.dll msutb.dll WABSyncProvider.dll Sens.dll werconcpl.dll appinfo.dll oleaccrc.dll perfproc.dll ipmiprr.dll ActionCenterCPL.dll themeui.dll adtschema.dll gpsvc.dll pla.dll pla.dll gpsvc.dll auditcse.dll umrdp.dll umrdp.dll shell32.dll ntprint.dll auditcse.dll adtschema.dll adtschema.dll gpsvc.dll auditcse.dll adtschema.dll gpsvc.dll auditcse.dll wevtapi.dll wevtapi.dll wecsvc.dll wevtapi.dll wevtapi.dll els.dll els.dll crypt32.dll apilogen.dll appidapi.dll appidapi.dll aeevts.dll pla.dll AudioSes.dll gpsvc.dll dimsroam.dll CertPolEng.dll shell32.dll cofiredm.dll cofiredm.dll auditcse.dll svrmgrnc.dll pcwum.dll sdiageng.dll sdiagprv.dll netdiagfx.dll WUDFPlatform.dll eapsvc.dll certadm.dll certadm.dll fms.dll fdeploy.dll iphlpsvc.dll pnidui.dll ntprint.dll RacEngn.dll radardt.dll RstrtMgr.dll scwengb.dll schedsvc.dll mstscax.dll termsrv.dll profsvc.dll webio.dll MPSSVC.dll mscms.dll wuaueng.dll winhttp.dll WsmRes.dll dot3svc.dll UIAutomationCore.dll wininet.dll schedsvc.dll webservices.dll ieframe.dll credui.dll propsys.dll CbsMsg.dll samsrv.dll netdiagfx.dll iphlpsvc.dll duser.dll rpchttp.dll SCardSvr.dll netshell.dll pnidui.dll wdc.dll SndVolSSO.dll eqossnap.dll ntshrui.dll schedsvc.dll ActionCenter.dll WinMgmtR.dll WinMgmtR.dll lsasrv.dll apphelp.dll FCRegSvc.dll setupetw.dll RpcEpMap.dll mshtml.dll clusapi.dll MPSSVC.dll dui70.dll MPSSVC.dll napipsec.dll Win32_Tpm.dll userenv.dll pdh.dll comres.dll dwmapi.dll mshtml.dll prflbmsg.dll comres.dll shsvcs.dll dfsrress.dll els.dll wecsvc.dll certcli.dll netlogon.dll onex.dll adtschema.dll msobjs.dll umpnpmgr.dll efscore.dll umpo.dll sstpsvc.dll PortableDeviceSyncProvider.dll Magnification.dll DiagCpl.dll stobject.dll rtm.dll perfos.dll UIAnimation.dll tbssvc.dll efssvc.dll dimsjob.dll CertEnroll.dll msimsg.dll dwmcore.dll msoobeui.dll whealogr.dll netevent.dll certprop.dll dsound.dll mciavi32.dll dot3gpclnt.dll ktmw32.dll ktmw32.dll powercpl.dll sud.dll msdtcVSp1res.dll msdtcVSp1res.dll fundisc.dll FDResPub.dll perfnet.dll winsrv.dll IPBusEnum.dll WABSyncProvider.dll shwebsvc.dll werconcpl.dll FntCache.dll appinfo.dll netcenter.dll UIRibbon.dll oleaccrc.dll perfproc.dll ipmiprr.dll themeui.dll winsetup.dll adtschema.dll auditcse.dll wevtapi.dll wecsvc.dll wevtapi.dll dfsrress.dll els.dll els.dll wecsvc.dll wevtapi.dll apilogen.dll appidapi.dll AudioSes.dll qmgr.dll crypt32.dll CertPolEng.dll cofiredm.dll cofiredm.dll SyncInfrastructure.dll dps.dll pcwum.dll sdiageng.dll netdiagfx.dll WUDFPlatform.dll fdeploy.dll gpsvc.dll apds.dll hgcpl.dll iphlpsvc.dll microsoft-windows-kernel-power-events.dll shell32.dll netprofm.dll nlasvc.dll PSEvents.dll ntprint.dll RacEngn.dll radardt.dll RstrtMgr.dll auditcse.dll schedsvc.dll umrdp.dll MPSSVC.dll WsmRes.dll dot3svc.dll webservices.dll samsrv.dll setupetw.dll schedsvc.dll Wldap32.dll rpchttp.dll SCardSvr.dll ntshrui.dll l2nacp.dll WinMgmtR.dll ieframe.dll WinMgmtR.dll lsasrv.dll FCRegSvc.dll RpcEpMap.dll netdiagfx.dll iphlpsvc.dll connect.dll napipsec.dll Win32_Tpm.dll prflbmsg.dll ntevt.dll netlogon.dll xwizards.dll onex.dll ntdsmsg.dll cmisetup.dll perfctrs.dll duser.dll adtschema.dll msobjs.dll themecpl.dll DxpTaskSync.dll fdPHost.dll umrdp.dll Magnification.dll FirewallControlPanel.dll dps.dll pnidui.dll shsvcs.dll oleres.dll adsldpc.dll ipnathlp.dll ieframe.dll perfos.dll loadperf.dll efssvc.dll schedsvc.dll dimsjob.dll microsoft-windows-hal-events.dll wdc.dll DeviceUxRes.dll tcpmon.dll pautoenr.dll setupetw.dll comres.dll mshtml.dll apphelp.dll mciavi32.dll dwmcore.dll mprmsg.dll ktmw32.dll powercpl.dll sud.dll csrsrv.dll csrsrv.dll FDResPub.dll DocumentPerformanceEvents.dll lsasrv.dll RpcEpMap.dll perfnet.dll zipfldr.dll rdpendp.dll pots.dll userenv.dll msutb.dll Sens.dll pdh.dll mshtml.dll dwmapi.dll appinfo.dll VAN.dll quartz.dll comres.dll shsvcs.dll netcenter.dll UIRibbon.dll gpsvc.dll oleaccrc.dll ipmiprr.dll ActionCenterCPL.dll winsetup.dll adwsres.dll els.dll els.dll RstrtMgr.dll adwsres.dll adwsres.dll adwsres.dll adwsres.dll pwrshmsg.dll pwrshmsg.dll schedsvc.dll wevtapi.dll wevtapi.dll wevtapi.dll wevtapi.dll els.dll adwsres.dll wecsvc.dll wevtapi.dll appidapi.dll appidapi.dll crypt32.dll aeevts.dll dps.dll AudioSes.dll hgcpl.dll dimsroam.dll shell32.dll CertPolEng.dll ci.dll cofiredm.dll cofiredm.dll ncsi.dll netprofm.dll SyncInfrastructure.dll auditcse.dll schedsvc.dll pla.dll sdiagprv.dll netdiagfx.dll webio.dll WUDFPlatform.dll winhttp.dll eapsvc.dll certadm.dll fms.dll gpsvc.dll apds.dll microsoft-windows-kernel-power-events.dll nlasvc.dll PSEvents.dll ntprint.dll RacEngn.dll TSWorkspace.dll radardt.dll scwengb.dll umrdp.dll mstscax.dll termsrv.dll MPSSVC.dll mscms.dll wuaueng.dll Wldap32.dll ntshrui.dll webservices.dll ieframe.dll samsrv.dll duser.dll Display.dll rpchttp.dll umrdp.dll netshell.dll eqossnap.dll l2nacp.dll WinMgmtR.dll WinMgmtR.dll ieframe.dll dimsjob.dll CertEnroll.dll lsasrv.dll FCRegSvc.dll dwmcore.dll apphelp.dll pautoenr.dll setupetw.dll clusapi.dll connect.dll napipsec.dll csrsrv.dll dui70.dll csrsrv.dll dwmredir.dll RpcEpMap.dll zipfldr.dll winsrv.dll userenv.dll dwmapi.dll shsvcs.dll ActionQueue.dll gpsvc.dll usercpl.dll dfsrress.dll els.dll onex.dll ntdsmsg.dll perfctrs.dll adtschema.dll msobjs.dll umpo.dll sstpsvc.dll wlgpclnt.dll DxpTaskSync.dll fdPHost.dll PortableDeviceSyncProvider.dll PortableDeviceSyncProvider.dll FirewallControlPanel.dll SndVolSSO.dll rtm.dll ipnathlp.dll perfos.dll UIAnimation.dll microsoft-windows-hal-events.dll energy.dll msimsg.dll comres.dll comres.dll comres.dll msoobeui.dll microsoft-windows-kernel-processor-power-events.dll whealogr.dll netevent.dll tcpmon.dll certprop.dll dsound.dll mshtml.dll mshtml.dll mprmsg.dll ktmw32.dll powercpl.dll sud.dll msdtcVSp1res.dll fundisc.dll kerberos.dll perfnet.dll rdpendp.dll pots.dll msutb.dll pdh.dll Sens.dll shwebsvc.dll wersvc.dll appinfo.dll UIRibbon.dll oleaccrc.dll perfproc.dll themeui.dll winsetup.dll profsvc.dll adtschema.dll msobjs.dll adtschema.dll adtschema.dll CertEnroll.dll CertEnroll.dll gpsvc.dll auditcse.dll schedsvc.dll adtschema.dll gpsvc.dll auditcse.dll adtschema.dll gpsvc.dll gpsvc.dll wevtapi.dll wevtapi.dll wevtapi.dll wevtapi.dll els.dll adwsres.dll dfsrress.dll crypt32.dll appidapi.dll appidapi.dll aeevts.dll AudioSes.dll gpsvc.dll dimsroam.dll CertPolEng.dll ci.dll cofiredm.dll cofiredm.dll netprofm.dll auditcse.dll svrmgrnc.dll pla.dll sdiagprv.dll webio.dll winhttp.dll eapsvc.dll certadm.dll fdeploy.dll wevtfwd.dll hgcpl.dll microsoft-windows-kernel-power-events.dll ncsi.dll pnidui.dll msv1_0.dll ntprint.dll TSWorkspace.dll radardt.dll RstrtMgr.dll umrdp.dll termsrv.dll mscms.dll wuaueng.dll WsmRes.dll dot3svc.dll UIAutomationCore.dll Wldap32.dll ntshrui.dll webservices.dll ieframe.dll propsys.dll netdiagfx.dll iphlpsvc.dll logoncli.dll setupetw.dll comdlg32.dll duser.dll rpchttp.dll umrdp.dll dps.dll SCardSvr.dll pnidui.dll eqossnap.dll appidapi.dll l2nacp.dll WinMgmtR.dll WinMgmtR.dll ieframe.dll dimsjob.dll MPSSVC.dll lsasrv.dll lsasrv.dll pautoenr.dll setupetw.dll MPSSVC.dll napipsec.dll Win32_Tpm.dll MPSSVC.dll zipfldr.dll nettrace.dll userenv.dll ntevt.dll shsvcs.dll shsvcs.dll perfdisk.dll dwmapi.dll ActionQueue.dll shsvcs.dll gpsvc.dll netlogon.dll adwsres.dll dfsrress.dll els.dll els.dll wecsvc.dll xwizards.dll onex.dll ntdsmsg.dll msobjs.dll umpnpmgr.dll efscore.dll themecpl.dll sstpsvc.dll wlgpclnt.dll DxpTaskSync.dll fdPHost.dll ReAgent.dll PortableDeviceSyncProvider.dll PortableDeviceSyncProvider.dll Magnification.dll DiagCpl.dll netshell.dll stobject.dll SndVolSSO.dll rtm.dll ipnathlp.dll UIAnimation.dll tbssvc.dll efssvc.dll microsoft-windows-hal-events.dll taskbarcpl.dll DeviceUxRes.dll comres.dll msoobeui.dll whealogr.dll tcpmon.dll dsound.dll mshtml.dll mprmsg.dll dot3gpclnt.dll ktmw32.dll sud.dll csrsrv.dll fundisc.dll FDResPub.dll dwmredir.dll kerberos.dll perfnet.dll rdpendp.dll winsrv.dll IPBusEnum.dll msutb.dll WABSyncProvider.dll pdh.dll shwebsvc.dll werconcpl.dll FntCache.dll w32time.dll wersvc.dll appinfo.dll tabskb.dll UIRibbon.dll oleaccrc.dll ActionCenterCPL.dll themeui.dll winsetup.dll,normal
 ntdll.dll wow64.dll wow64cpu.dll kernel32.dll kernel32.dll kernelbase.dll advapi32.dll msvcrt.dll sechost.dll dnsapi.dll ws2_32.dll nsi.dll winnsi.dll dhcpcsvc.dll shell32.dll shlwapi.dll user32.dll ole32.dll imm32.dll oleaut32.dll rsaenh.dll rpcrtremote.dll wevtapi.dll,normal
 kernel32.dll kernelbase.dll sechost.dll rpcrt4.dll msvcr120_clr0400.dll gdi32.dll user32.dll lpk.dll usp10.dll imm32.dll msctf.dll cryptbase.dll cryptsp.dll sxs.dll mscoreei.dll mscorwks.dll shlwapi.dll shell32.dll profapi.dll mscorjit.dll mscorlib.dll mscorlib.dll version.dll system.ni.dll windowsbase.ni.dll presentationcore.ni.dll presentationcore.dll presentationcore.dll presentationcore.dll presentationcore.dll uiautomationprovider.ni.dll system.drawing.ni.dll system.deployment.ni.dll system.printing.dll system.printing.dll system.data.ni.dll system.data.dll system.data.dll system.data.dll ws2_32.dll nsi.dll msasn1.dll accessibility.ni.dll system.security.ni.dll microsoft.visualc.ni.dll presentationcffrasterizer.ni.dll system.windows.forms.ni.dll system.transactions.ni.dll system.transactions.dll system.enterpriseservices.ni.dll system.enterpriseservices.dll system.enterpriseservices.dll system.web.ni.dll system.web.dll system.web.dll system.web.dll system.web.dll system.design.ni.dll system.serviceprocess.ni.dll system.web.regularexpressions.ni.dll system.data.oracleclient.ni.dll system.data.oracleclient.dll,normal
 ntdll.dll msvcrt.dll oleaut32.dll msvcp_win.dll ucrtbase.dll combase.dll rpcrt4.dll gdi32.dll user32.dll win32u.dll mscoree.dll imm32.dll uxtheme.dll clbcatq.dll windows.storage.dll shlwapi.dll shcore.dll powrprof.dll appresolver.dll elscore.dll propsys.dll urlmon.dll cryptbase.dll linkinfo.dll ntshrui.dll sspicli.dll srvcli.dll cscapi.dll policymanager.dll msvcp110_win.dll bcrypt.dll ntmarta.dll mscoreei.dll msvcr120_clr0400.dll mscorlib.ni.dll microsoft.powershell.consolehost.dll microsoft.powershell.consolehost.dll cryptsp.dll rsaenh.dll cryptbase.dll system.core.dll system.core.dll system.dll psapi.dll wintrust.dll msasn1.dll crypt32.dll gpapi.dll system.management.automation.resources.dll microsoft.management.infrastructure.dll system.numerics.dll system.xml.dll system.directoryservices.dll system.directoryservices.dll system.management.dll microsoft.powershell.consolehost.resources.dll system.data.dll mscorlib.resources.dll microsoft.powershell.security.dll microsoft.powershell.security.dll system.transactions.dll system.transactions.dll secur32.dll system.configuration.dll wldp.dll mpclient.dll microsoft.powershell.psreadline.dll microsoft.powershell.psreadline.dll urlmon.dll iertutil.dll msiso.dll microsoft.csharp.dll microsoft.powershell.commands.utility.dll system.configuration.install.dll,normal
 ntdll.dll kernel32.dll kernelbase.dll user32.dll msvcrt.dll wininet.dll wininet.dll iertutil.dll combase.dll rpcrt4.dll rpcrt4.dll sechost.dll userenv.dll userenv.dll profapi.dll imm32.dll secur32.dll secur32.dll sspicli.dll shell32.dll nsi.dll ondemandconnroutehelper.dll ondemandconnroutehelper.dll kernel.appcore.dll kernel.appcore.dll winhttp.dll winhttp.dll urlmon.dll urlmon.dll iphlpapi.dll winnsi.dll dnsapi.dll,normal
 wow64.dll wow64win.dll wow64cpu.dll kernel32.dll user32.dll KernelBase.dll msvcrt.dll user32.dll gdi32.dll lpk.dll usp10.dll rpcrt4.dll sspicli.dll imm32.dll msctf.dll,normal
 devobj.dll kernelbase.dll gdi32.dll user32.dll msvcrt.dll sspicli.dll combase.dll crypt32.dll userenv.dll msimg32.dll wtsapi32.dll winsta.dll msctfmonitor.dll sechost.dll rpcrt4.dll winmmbase.dll msctf.dll msutb.dll shell32.dll cryptbase.dll cryptsp.dll rsaenh.dll imagehlp.dll clbcatq.dll urlmon.dll iertutil.dll dwmapi.dll credui.dll authui.dll dui70.dll duser.dll kbd101.dll rdpendp.dll msacm32.dll oleaut32.dll ksuser.dll audioses.dll wer.dll oleacc.dll inputswitch.dll xmllite.dll dwrite.dll uianimation.dll dxgi.dll dcomp.dll wer.dll tiptsf.dll,normal
 ntdll.dll kernel32.dll gdi32.dll user32.dll usp10.dll msvcrt.dll imm32.dll msctf.dll rpcrt4.dll cryptbase.dll clbcatq.dll kernel32.dll KernelBase.dll gdi32.dll user32.dll lpk.dll usp10.dll msvcrt.dll imm32.dll oleaut32.dll clbcatq.dll advapi32.dll ntdll.dll wow64.dll wow64win.dll wow64cpu.dll kernel32.dll kernel32.dll user32.dll msvcrt.dll lpk.dll usp10.dll rpcrt4.dll imm32.dll msctf.dll apphelp.dll,normal
 kernelbase.dll user32.dll usp10.dll imm32.dll msctf.dll ole32.dll rpcrt4.dll oleaut32.dll clbcatq.dll advapi32.dll sechost.dll,normal
 wow64.dll wow64win.dll kernel32.dll kernel32.dll user32.dll KernelBase.dll advapi32.dll sechost.dll rpcrt4.dll dnsapi.dll ws2_32.dll nsi.dll dhcpcsvc.dll dhcpcsvc6.dll shell32.dll shlwapi.dll gdi32.dll user32.dll lpk.dll ole32.dll imm32.dll clbcatq.dll wevtapi.dll,normal
 ntdll.dll ntdll.dll wow64.dll wow64win.dll wow64cpu.dll kernel32.dll user32.dll kernel32.dll msvcrt.dll sechost.dll rpcrt4.dll cryptbase.dll comctl32.dll lpk.dll usp10.dll mfc42u.dll oleaut32.dll odbc32.dll shlwapi.dll wininet.dll urlmon.dll crypt32.dll iertutil.dll winmm.dll ws2_32.dll msctf.dll odbcint.dll riched20.dll ole32.dll clbcatq.dll comctl32.dll shell32.dll msado15.dll msdart.dll rpcrtremote.dll comsvcs.dll atl.dll msjetoledb40.dll msjet40.dll mswstr10.dll msadox.dll msadrh15.dll vbajet32.dll expsrv.dll msadcer.dll ieframe.dll ieframe.dll ieframe.dll oleacc.dll setupapi.dll cfgmgr32.dll devobj.dll,caidao
 ntdll.dll oleaut32.dll lpk.dll ole32.dll sechost.dll usp10.dll wldap32.dll devobj.dll cfgmgr32.dll kernelbase.dll crypt32.dll msasn1.dll rpcrtremote.dll cryptbase.dll sspicli.dll bcrypt.dll cryptsp.dll logoncli.dll schannel.dll rsaenh.dll netutils.dll credssp.dll winsta.dll setupapi.dll ntmarta.dll netapi32.dll wkscli.dll winnsi.dll dhcpcsvc.dll dsrole.dll winbrand.dll samcli.dll ntdsapi.dll wbemcomn2.dll fastprox.dll wbemsvc.dll framedynos.dll security.dll cscapi.dll wmi.dll wevtapi.dll msvcirt.dll perfos.dll cbsapi.dll wmipcima.dll netapi32.dll logoncli.dll dsrole.dll schedcli.dll userenv.dll profapi.dll vdswmi.dll shlwapi.dll,normal
 sfc.dll sfc_os.dll,normal
 ntdll.dll advapi32.dll user32.dll lpk.dll usp10.dll msswch.dll winmm.dll dwmapi.dll gdiplus.dll oleaut32.dll shlwapi.dll wmsgapi.dll duser.dll imm32.dll msctf.dll dui70.dll comctl32.dll xmllite.dll clbcatq.dll cryptsp.dll rsaenh.dll rpcrtremote.dll cfgmgr32.dll windowscodecs.dll ntdll.dll ntdll.dll wow64.dll wow64win.dll kernel32.dll kernelbase.dll msvcrt.dll oleaut32.dll ole32.dll gdi32.dll user32.dll advapi32.dll rpcrt4.dll sspicli.dll cryptbase.dll lpk.dll msctf.dll clbcatq.dll vbscript.dll advapi32.dll wintrust.dll crypt32.dll cryptsp.dll rsaenh.dll msisip.dll comctl32.dll shell32.dll shlwapi.dll msi.dll kernel32.dll sechost.dll rpcrt4.dll msvcr120_clr0400.dll ole32.dll user32.dll lpk.dll imm32.dll msctf.dll cryptbase.dll cryptsp.dll rpcrtremote.dll mscoreei.dll clr.dll clrjit.dll system.ni.dll mscorlib.dll system.transactions.ni.dll system.transactions.dll system.xml.ni.dll system.runtime.remoting.ni.dll system.core.ni.dll system.configuration.ni.dll kernel32.dll kernel32.dll kernel32.dll kernel32.dll kernelbase.dll advapi32.dll msvcrt.dll rpcrt4.dll sspicli.dll cryptbase.dll msvcr120_clr0400.dll ole32.dll oleaut32.dll imm32.dll msctf.dll rsaenh.dll rpcrtremote.dll sxs.dll mscoreei.dll mscorlib.dll version.dll mscorlib.dll mscorlib.dll system.runtime.serialization.ni.dll system.runtime.serialization.dll system.runtime.serialization.dll system.dll system.dll system.xml.ni.dll system.xml.dll system.xml.dll system.xml.dll system.configuration.dll system.configuration.dll system.configuration.dll smdiagnostics.dll smdiagnostics.dll system.security.ni.dll system.security.dll system.security.dll system.data.sqlxml.dll system.data.sqlxml.dll ntdll.dll ntdll.dll wow64.dll wow64win.dll kernel32.dll user32.dll kernelbase.dll advapi32.dll msvcrt.dll sechost.dll sspicli.dll cryptbase.dll msvcr120_clr0400.dll mscoree.dll gdi32.dll user32.dll lpk.dll usp10.dll oleaut32.dll clbcatq.dll clr.dll shlwapi.dll system.ni.dll system.core.ni.dll system.data.entity.design.ni.dll mscorlib.dll system.core.dll system.data.entity.design.dll system.data.entity.design.dll system.data.entity.dll system.xml.ni.dll system.xml.dll system.data.dll system.data.dll system.web.ni.dll system.web.dll system.web.dll system.xml.linq.ni.dll system.xml.linq.dll system.data.datasetextensions.ni.dll system.data.datasetextensions.dll system.configuration.dll system.numerics.ni.dll system.numerics.dll system.numerics.dll system.security.dll ntdll.dll wow64cpu.dll kernel32.dll kernel32.dll sechost.dll rpcrt4.dll sspicli.dll cryptbase.dll ole32.dll gdi32.dll user32.dll usp10.dll oleaut32.dll imm32.dll msctf.dll cryptsp.dll rsaenh.dll rpcrtremote.dll mscoreei.dll clr.dll shlwapi.dll mscorlib.ni.dll system.ni.dll system.core.ni.dll version.dll system.dll system.dll system.management.instrumentation.ni.dll system.core.dll system.core.dll system.management.ni.dll system.configuration.ni.dll system.configuration.dll system.xml.dll system.xml.dll system.numerics.dll system.numerics.dll system.security.dll system.configuration.install.ni.dll,normal
 ntdll.dll ntdll.dll kernelbase.dll ws2_32.dll rpcrt4.dll nsi.dll nsi.dll vcruntime140.dll ucrtbase.dll ucrtbase.dll ucrtbase.dll ucrtbase.dll ucrtbase.dll ucrtbase.dll mswsock.dll,HTran
 kernelbase.dll msvcrt.dll kernel.appcore.dll bcryptprimitives.dll clbcatq.dll sechost.dll cryptsp.dll rsaenh.dll gdi32.dll imm32.dll uxtheme.dll thumbcache.dll shell32.dll propsys.dll shlwapi.dll comctl32.dll,normal
 kernel32.dll KernelBase.dll usp10.dll msvcrt.dll msctf.dll ole32.dll rpcrt4.dll oleaut32.dll ntdll.dll ntdll.dll wow64.dll wow64win.dll wow64cpu.dll kernel32.dll kernel32.dll kernel32.dll KernelBase.dll usp10.dll sechost.dll rpcrt4.dll sspicli.dll msctf.dll apphelp.dll,normal
 wow64win.dll wow64cpu.dll kernel32.dll kernel32.dll kernel32.dll KernelBase.dll gdi32.dll lpk.dll usp10.dll advapi32.dll rpcrt4.dll sspicli.dll imm32.dll msctf.dll apphelp.dll,normal
 ntdll.dll kernelbase.dll gdi32.dll user32.dll lpk.dll msvcrt.dll ole32.dll rpcrt4.dll cryptbase.dll clbcatq.dll advapi32.dll ntdll.dll kernelbase.dll gdi32.dll usp10.dll imm32.dll msctf.dll rpcrt4.dll cryptbase.dll advapi32.dll sechost.dll ntdll.dll ntdll.dll wow64win.dll wow64cpu.dll kernel32.dll kernel32.dll user32.dll kernelbase.dll msvcrt.dll user32.dll sechost.dll sspicli.dll cryptbase.dll imm32.dll msctf.dll,normal
 ntdll.dll ntdll.dll wow64.dll wow64win.dll kernel32.dll kernel32.dll kernel32.dll kernelbase.dll rpcrt4.dll sspicli.dll cryptbase.dll dnsapi.dll ws2_32.dll nsi.dll winnsi.dll dhcpcsvc.dll dhcpcsvc6.dll shell32.dll gdi32.dll usp10.dll imm32.dll clbcatq.dll cryptsp.dll rpcrtremote.dll wevtapi.dll ntdll.dll kernel32.dll advapi32.dll msvcrt.dll sechost.dll rpcrt4.dll ole32.dll gdi32.dll lpk.dll msctf.dll wdscore.dll oleaut32.dll cryptbase.dll crypt32.dll msasn1.dll dpx.dll drupdate.dll setupapi.dll cfgmgr32.dll devobj.dll webio.dll winhttp.dll sensapi.dll cryptsp.dll clbcatq.dll smipi.dll kernel32.dll gdi32.dll user32.dll usp10.dll msctf.dll rpcrt4.dll clbcatq.dll advapi32.dll sechost.dll lpk.dll usp10.dll msvcrt.dll msctf.dll ole32.dll rpcrt4.dll oleaut32.dll clbcatq.dll sechost.dll ntdll.dll kernel32.dll gdi32.dll user32.dll lpk.dll msvcrt.dll oleaut32.dll cryptbase.dll clbcatq.dll advapi32.dll ntdll.dll wow64cpu.dll kernel32.dll kernel32.dll kernel32.dll user32.dll kernel32.dll kernelbase.dll winbrand.dll user32.dll gdi32.dll lpk.dll usp10.dll advapi32.dll sechost.dll rpcrt4.dll sspicli.dll cryptbase.dll imm32.dll msctf.dll apphelp.dll,normal
 advapi32.dll sechost.dll rpcrt4.dll ole32.dll gdi32.dll user32.dll usp10.dll oleaut32.dll cryptbase.dll rpcrtremote.dll clbcatq.dll sxs.dll mscoreei.dll mscorwks.dll msvcr80.dll shlwapi.dll mscorlib.ni.dll mscorjit.dll mscorlib.dll mscorsec.dll wintrust.dll crypt32.dll msasn1.dll comctl32.dll riched20.dll imagehlp.dll ncrypt.dll bcrypt.dll bcryptprimitives.dll gpapi.dll wldap32.dll stdole.dll stdole.ni.dll stdole.ni.dll,normal
 ntdll.dll kernel32.dll user32.dll lpk.dll usp10.dll msvcrt.dll shlwapi.dll ole32.dll rpcrt4.dll oleaut32.dll uxtheme.dll msctf.dll dwmapi.dll clbcatq.dll sechost.dll propsys.dll setupapi.dll cfgmgr32.dll windowscodecs.dll audioses.dll msacm32.dll,normal
 npmproxy.dll,normal
 ntdll.dll kernel32.dll kernelbase.dll combase.dll bcryptprimitives.dll gdi32full.dll win32u.dll imm32.dll msvcp_win.dll propsys.dll sechost.dll shcore.dll kernel.appcore.dll profapi.dll cfgmgr32.dll windows.storage.dll clbcatq.dll msctf.dll,normal
 kernel32.dll kernelbase.dll msvcrt.dll combase.dll sechost.dll oleaut32.dll shell32.dll rpcrt4.dll sspicli.dll imm32.dll kernel.appcore.dll bcryptprimitives.dll cryptsp.dll rsaenh.dll bcrypt.dll,normal
 ntdll.dll kernel32.dll kernelbase.dll msvcrt.dll rpcrt4.dll user32.dll lpk.dll usp10.dll msimg32.dll wmsgapi.dll winmm.dll userenv.dll profapi.dll winsta.dll crypt32.dll msutb.dll shlwapi.dll secur32.dll shell32.dll uxtheme.dll wintrust.dll imagehlp.dll bcryptprimitives.dll gpapi.dll cryptnet.dll wldap32.dll sensapi.dll clbcatq.dll oleaut32.dll urlmon.dll api-ms-win-downlevel-ole32-l1-1-0.dll api-ms-win-downlevel-shlwapi-l1-1-0.dll api-ms-win-downlevel-advapi32-l1-1-0.dll api-ms-win-downlevel-user32-l1-1-0.dll api-ms-win-downlevel-normaliz-l1-1-0.dll normaliz.dll kernel32.dll kernelbase.dll advapi32.dll sechost.dll rpcrt4.dll ole32.dll gdi32.dll imm32.dll msctf.dll wdscore.dll shlwapi.dll dbghelp.dll cryptbase.dll version.dll crypt32.dll cbscore.dll wintrust.dll userenv.dll dpx.dll wcp.dll setupapi.dll devobj.dll drupdate.dll srclient.dll spp.dll vssapi.dll atl.dll winhttp.dll webio.dll webio.dll sensapi.dll smiengine.dll,normal
 ntdll.dll wow64.dll wow64cpu.dll kernel32.dll user32.dll kernel32.dll msvcrt.dll gdi32.dll usp10.dll advapi32.dll sechost.dll rpcrt4.dll sspicli.dll cryptbase.dll msctf.dll,normal
 ntdll.dll ntdll.dll wow64win.dll wow64cpu.dll kernel32.dll kernel32.dll kernel32.dll user32.dll kernelbase.dll comctl32.dll mfc42u.dll msvcrt.dll oleaut32.dll user32.dll winmm.dll rpcrt4.dll odbc32.dll shlwapi.dll iertutil.dll nsi.dll cryptbase.dll imm32.dll msctf.dll riched20.dll msls31.dll dwmapi.dll comctl32.dll clbcatq.dll version.dll dui70.dll imecfm.dll wer.dll shcore.dll msado15.dll msdart.dll oledb32.dll msjetoledb40.dll msjet40.dll msjter40.dll msjint40.dll msasn1.dll dpapi.dll msadox.dll vbajet32.dll msdadiag.dll imecfm.dll msadcer.dll urlmon.dll ieproxy.dll setupapi.dll devobj.dll,caidao
 ntdll.dll ntdll.dll kernel32.dll kernelbase.dll kernelbase.dll advapi32.dll msvcrt.dll combase.dll user32.dll sechost.dll sechost.dll rpcrt4.dll gdi32.dll msctf.dll kernel.appcore.dll kernel.appcore.dll bcryptprimitives.dll bcryptprimitives.dll cryptsp.dll cryptsp.dll rsaenh.dll bcrypt.dll mssprxy.dll shcore.dll shcore.dll,normal
 KernelBase.dll gdi32.dll lpk.dll usp10.dll imm32.dll ole32.dll ntdll.dll KernelBase.dll ole32.dll lpk.dll usp10.dll rpcrt4.dll msctf.dll cryptbase.dll advapi32.dll sechost.dll oleaut32.dll rsaenh.dll RpcRtRemote.dll comctl32.dll shlwapi.dll profapi.dll IDStore.dll shacct.dll,normal
 user32.dll msctf.dll cmdext.dll,normal
 ntdll.dll ntdll.dll wow64win.dll wow64cpu.dll kernel32.dll kernel32.dll kernelbase.dll msvcrt.dll gdi32.dll user32.dll advapi32.dll sechost.dll sspicli.dll cryptbase.dll usp10.dll version.dll clbcatq.dll advapi32.dll msasn1.dll rsaenh.dll wshext.dll comctl32.dll shell32.dll scrobj.dll msi.dll scrrun.dll,normal
 ntdll.dll KernelBase.dll advapi32.dll msvcrt.dll rpcrt4.dll usp10.dll ole32.dll oleaut32.dll esent.dll imm32.dll profapi.dll secur32.dll cryptsp.dll credssp.dll tquery.dll clbcatq.dll kbd101.dll kbd106.dll devobj.dll cryptsp.dll rsaenh.dll RpcRtRemote.dll propsys.dll winsta.dll Wldap32.dll ntmarta.dll samcli.dll netutils.dll vssapi.dll vsstrace.dll samlib.dll cfgmgr32.dll apphelp.dll crypt32.dll NaturalLanguage6.dll NlsModels0011.dll ELSCore.dll elsTrans.dll elslad.dll korwbrkr.dll chtbrkr.dll Query.dll setupapi.dll NlsLexicons000a.dll NlsData0000.dll NlsData0018.dll NlsLexicons001b.dll NlsData0021.dll NlsLexicons0021.dll NlsData0011.dll NlsLexicons0011.dll NlsData000a.dll NlsLexicons000a.dll NlsData0000.dll,normal
 ntdll.dll kernel32.dll kernelbase.dll advapi32.dll msvcrt.dll sechost.dll rpcrt4.dll oleaut32.dll msvcp_win.dll ole32.dll msasn1.dll slc.dll profapi.dll version.dll gdi32full.dll win32u.dll gpapi.dll cabinet.dll,normal
 ntdll.dll KernelBase.dll lpk.dll usp10.dll msvcrt.dll msctf.dll ole32.dll rpcrt4.dll KernelBase.dll gdi32.dll user32.dll usp10.dll msvcrt.dll imm32.dll msctf.dll ole32.dll rpcrt4.dll oleaut32.dll ntdll.dll kernel32.dll gdi32.dll user32.dll lpk.dll msvcrt.dll imm32.dll ole32.dll rpcrt4.dll clbcatq.dll advapi32.dll sechost.dll ntdll.dll wow64.dll wow64win.dll wow64cpu.dll kernel32.dll kernel32.dll kernel32.dll oleaut32.dll user32.dll advapi32.dll sechost.dll sspicli.dll lpk.dll usp10.dll version.dll imm32.dll msctf.dll sxs.dll msasn1.dll cryptsp.dll wshext.dll shell32.dll scrobj.dll wow64.dll kernel32.dll KernelBase.dll winbrand.dll user32.dll gdi32.dll usp10.dll advapi32.dll sechost.dll sspicli.dll cryptbase.dll imm32.dll msctf.dll apphelp.dll,normal
 ntdll.dll kernel32.dll kernelbase.dll kernelbase.dll msvcrt.dll cfgmgr32.dll,normal
 ntdll.dll kernel32.dll kernelbase.dll gdi32.dll user32.dll msvcrt.dll oleaut32.dll combase.dll rpcrt4.dll comctl32.dll cryptbase.dll bcryptprimitives.dll clbcatq.dll oleacc.dll advapi32.dll version.dll shlwapi.dll profapi.dll ntmarta.dll imecfm.dll,normal
 ntdll.dll KernelBase.dll sechost.dll win32u.dll gdi32.dll ucrtbase.dll msvcp110_win.dll bcryptprimitives.dll shell32.dll cfgmgr32.dll windows.storage.dll kernel.appcore.dll profapi.dll imm32.dll msctf.dll oleaut32.dll msvcp_win.dll dwmapi.dll,normal
 sensapi.dll sensapi.dll,normal
 ntdll.dll ntdll.dll kernelbase.dll kernelbase.dll msvcrt.dll oleaut32.dll msvcp_win.dll msvcp_win.dll ucrtbase.dll ucrtbase.dll combase.dll rpcrt4.dll bcryptprimitives.dll sechost.dll tquery.dll cryptdll.dll cryptdll.dll win32u.dll gdi32.dll kernel.appcore.dll clbcatq.dll,normal
 ntdll.dll kernel32.dll kernelbase.dll sechost.dll rpcrt4.dll user32.dll gdi32.dll lpk.dll tquery.dll tquery.dll imm32.dll msctf.dll msshooks.dll mscoreei.dll cryptbase.dll cryptsp.dll rpcrtremote.dll sxs.dll,normal
 msftedit.dll mssvp.dll mapi32.dll,normal
 ntdll.dll KernelBase.dll rpcrt4.dll ole32.dll user32.dll msctf.dll oleaut32.dll shlwapi.dll dbghelp.dll cryptbase.dll CbsCore.dll version.dll msasn1.dll wintrust.dll userenv.dll ktmw32.dll dpx.dll dpx.dll wcp.dll DrUpdate.dll setupapi.dll cfgmgr32.dll devobj.dll wrpint.dll sqmapi.dll winhttp.dll winhttp.dll SensApi.dll RpcRtRemote.dll clbcatq.dll CbsApi.dll smipi.dll smiengine.dll ntdll.dll wow64.dll kernel32.dll kernel32.dll kernel32.dll user32.dll kernel32.dll KernelBase.dll user32.dll gdi32.dll usp10.dll sspicli.dll cryptbase.dll apphelp.dll,normal
 kernel32.dll kernelbase.dll msvcrt.dll combase.dll oleaut32.dll shcore.dll sechost.dll advapi32.dll kernel.appcore.dll bcryptprimitives.dll nsi.dll user32.dll cryptsp.dll bcrypt.dll rsaenh.dll cryptbase.dll npmproxy.dll nsi.dll npmproxy.dll npmproxy.dll netprofm.dll npmproxy.dll netprofm.dll npmproxy.dll netprofm.dll nsi.dll nsi.dll npmproxy.dll netprofm.dll nsi.dll npmproxy.dll nsi.dll npmproxy.dll netprofm.dll nsi.dll npmproxy.dll netprofm.dll nsi.dll npmproxy.dll netprofm.dll npmproxy.dll netprofm.dll nsi.dll netprofm.dll npmproxy.dll netprofm.dll nsi.dll netprofm.dll npmproxy.dll nsi.dll npmproxy.dll netprofm.dll nsi.dll netprofm.dll nsi.dll npmproxy.dll netprofm.dll npmproxy.dll nsi.dll npmproxy.dll netprofm.dll nsi.dll netprofm.dll nsi.dll npmproxy.dll nsi.dll npmproxy.dll nsi.dll npmproxy.dll netprofm.dll npmproxy.dll netprofm.dll nsi.dll npmproxy.dll npmproxy.dll nsi.dll npmproxy.dll nsi.dll npmproxy.dll nsi.dll npmproxy.dll netprofm.dll nsi.dll npmproxy.dll netprofm.dll netprofm.dll netprofm.dll npmproxy.dll nsi.dll nsi.dll npmproxy.dll nsi.dll netprofm.dll nsi.dll npmproxy.dll npmproxy.dll nsi.dll nsi.dll netprofm.dll nsi.dll npmproxy.dll netprofm.dll npmproxy.dll nsi.dll npmproxy.dll netprofm.dll npmproxy.dll nsi.dll npmproxy.dll netprofm.dll npmproxy.dll nsi.dll npmproxy.dll netprofm.dll nsi.dll npmproxy.dll netprofm.dll npmproxy.dll netprofm.dll npmproxy.dll netprofm.dll nsi.dll npmproxy.dll npmproxy.dll netprofm.dll nsi.dll npmproxy.dll netprofm.dll npmproxy.dll npmproxy.dll nsi.dll netprofm.dll nsi.dll npmproxy.dll nsi.dll netprofm.dll nsi.dll npmproxy.dll netprofm.dll nsi.dll npmproxy.dll netprofm.dll nsi.dll npmproxy.dll netprofm.dll nsi.dll netprofm.dll npmproxy.dll nsi.dll npmproxy.dll netprofm.dll nsi.dll npmproxy.dll netprofm.dll nsi.dll npmproxy.dll nsi.dll npmproxy.dll nsi.dll npmproxy.dll netprofm.dll netprofm.dll nsi.dll npmproxy.dll npmproxy.dll npmproxy.dll npmproxy.dll npmproxy.dll npmproxy.dll netprofm.dll nsi.dll npmproxy.dll nsi.dll,normal
 ntdll.dll kernel32.dll sechost.dll msvcr120_clr0400.dll ole32.dll gdi32.dll usp10.dll oleaut32.dll imm32.dll msctf.dll cryptsp.dll RpcRtRemote.dll mscoreei.dll clr.dll clrjit.dll mscorlib.dll System.ni.dll Microsoft.VisualStudio.Tools.Applications.Runtime.ni.dll System.Data.dll WindowsBase.ni.dll KernelBase.dll mscoree.dll ole32.dll usp10.dll oleaut32.dll imm32.dll msctf.dll cryptbase.dll cryptsp.dll rsaenh.dll mscoreei.dll clr.dll mscorlib.ni.dll mscorlib.dll UIAutomationClient.ni.dll System.Core.ni.dll UIAutomationTypes.ni.dll Accessibility.ni.dll System.Configuration.ni.dll System.Xml.ni.dll ntdll.dll ntdll.dll wow64win.dll wow64cpu.dll kernel32.dll kernel32.dll kernel32.dll user32.dll KernelBase.dll advapi32.dll msvcrt.dll msvcr120_clr0400.dll ole32.dll user32.dll lpk.dll usp10.dll oleaut32.dll imm32.dll msctf.dll rsaenh.dll RpcRtRemote.dll sxs.dll mscorwks.dll shlwapi.dll shell32.dll mscorjit.dll mscorlib.dll mscorlib.dll version.dll mscorlib.dll Microsoft.VisualStudio.Tools.Applications.ServerDocument.v9.0.dll Microsoft.VisualStudio.Tools.Applications.ServerDocument.v9.0.dll mscorsec.dll wintrust.dll crypt32.dll comctl32.dll ncrypt.dll bcrypt.dll gpapi.dll SensApi.dll Microsoft.VisualStudio.Tools.Applications.ServerDocument.v9.0.dll System.dll System.dll System.dll Microsoft.VisualStudio.Tools.Applications.Runtime.v9.0.dll Microsoft.VisualStudio.Tools.Applications.Runtime.v9.0.dll Microsoft.VisualStudio.Tools.Applications.Runtime.v9.0.dll System.Xml.ni.dll System.XML.dll System.XML.dll System.XML.dll System.XML.dll System.XML.dll System.Data.ni.dll System.Data.dll System.Data.dll System.Data.dll nsi.dll System.AddIn.ni.dll System.AddIn.dll System.Core.ni.dll Microsoft.VisualStudio.Tools.Applications.Hosting.v9.0.ni.dll Microsoft.VisualStudio.Tools.Applications.Hosting.v9.0.dll Microsoft.VisualStudio.Tools.Applications.Hosting.v9.0.dll Microsoft.VisualStudio.Tools.Applications.Hosting.v9.0.dll Microsoft.VisualStudio.Tools.Applications.ServerDocument.v9.0.dll Microsoft.VisualStudio.Tools.Applications.ServerDocument.v9.0.ni.dll Microsoft.VisualStudio.Tools.Applications.ServerDocument.v9.0.ni.dll ntdll.dll ntdll.dll wow64.dll wow64cpu.dll kernel32.dll kernel32.dll user32.dll kernel32.dll KernelBase.dll cryptbase.dll msvcr120_clr0400.dll ole32.dll gdi32.dll user32.dll usp10.dll oleaut32.dll imm32.dll RpcRtRemote.dll clbcatq.dll sxs.dll mscoreei.dll msvcr80.dll shlwapi.dll shell32.dll profapi.dll mscorlib.ni.dll mscorjit.dll mscorlib.dll version.dll mscorlib.dll mscorlib.dll Microsoft.VisualStudio.Tools.Office.Word.AddInProxy.v9.0.dll mscorsec.dll wintrust.dll riched20.dll imagehlp.dll ncrypt.dll bcrypt.dll bcryptprimitives.dll userenv.dll Wldap32.dll SensApi.dll System.Core.ni.dll Microsoft.VisualStudio.Tools.Applications.Adapter.v9.0.ni.dll Microsoft.VisualStudio.Tools.Applications.Adapter.v9.0.dll Microsoft.VisualStudio.Tools.Applications.Adapter.v9.0.dll Microsoft.VisualStudio.Tools.Applications.Adapter.v9.0.dll System.ni.dll System.AddIn.ni.dll System.AddIn.dll System.AddIn.dll System.dll System.dll System.dll System.AddIn.Contract.ni.dll System.AddIn.Contract.dll System.AddIn.Contract.dll System.AddIn.Contract.dll System.AddIn.Contract.dll Microsoft.VisualStudio.Tools.Office.Contract.v9.0.dll Microsoft.VisualStudio.Tools.Office.Contract.v9.0.dll Microsoft.VisualStudio.Tools.Office.Contract.v9.0.dll Microsoft.Office.Tools.v9.0.ni.dll Microsoft.Office.Tools.v9.0.dll Microsoft.Office.Tools.v9.0.dll Microsoft.VisualStudio.Tools.Office.AddInAdapter.v9.0.ni.dll Microsoft.VisualStudio.Tools.Office.AddInAdapter.v9.0.dll Microsoft.VisualStudio.Tools.Applications.Runtime.v9.0.dll Microsoft.VisualStudio.Tools.Applications.Runtime.v9.0.dll Microsoft.VisualStudio.Tools.Applications.Runtime.v9.0.dll Microsoft.Office.Interop.Word.dll Microsoft.Office.Interop.Word.dll Microsoft.VisualStudio.Tools.Applications.AddInAdapter.v9.0.dll Microsoft.VisualStudio.Tools.Applications.AddInAdapter.v9.0.dll Microsoft.VisualStudio.Tools.Applications.AddInAdapter.v9.0.dll Microsoft.VisualStudio.Tools.Applications.AddInAdapter.v9.0.dll Microsoft.VisualStudio.Tools.Applications.Contract.v9.0.ni.dll Microsoft.VisualStudio.Tools.Applications.Contract.v9.0.dll Microsoft.VisualStudio.Tools.Applications.Contract.v9.0.dll Microsoft.VisualStudio.Tools.Applications.Contract.v9.0.dll System.Xml.ni.dll System.XML.dll System.XML.dll System.XML.dll Microsoft.VisualStudio.Tools.Office.Word.AddInProxy.v9.0.dll Microsoft.VisualStudio.Tools.Office.Word.AddInProxy.v9.0.ni.dll Microsoft.VisualStudio.Tools.Office.Word.AddInProxy.v9.0.ni.dll Microsoft.VisualStudio.Tools.Office.Word.AddInProxy.v9.0.ni.dll ntdll.dll wow64.dll kernel32.dll kernel32.dll kernel32.dll advapi32.dll msvcrt.dll sechost.dll rpcrt4.dll sspicli.dll cryptbase.dll mscoree.dll ole32.dll gdi32.dll user32.dll oleaut32.dll RpcRtRemote.dll clbcatq.dll mscorwks.dll msvcr80.dll shlwapi.dll profapi.dll mscorlib.ni.dll mscorjit.dll mscorlib.dll version.dll System.Speech.ni.dll System.dll System.dll System.dll System.dll System.XML.dll System.XML.dll System.XML.dll System.XML.dll sysglobl.dll System.Configuration.ni.dll System.configuration.dll System.configuration.dll System.configuration.dll System.Security.ni.dll System.Security.dll System.Security.dll System.Security.dll System.Data.SqlXml.dll System.Data.SqlXml.dll System.Data.SqlXml.dll ntdll.dll wow64.dll wow64win.dll wow64cpu.dll kernel32.dll kernel32.dll kernel32.dll KernelBase.dll advapi32.dll cryptbase.dll mscoree.dll ole32.dll user32.dll lpk.dll oleaut32.dll imm32.dll msctf.dll RpcRtRemote.dll clbcatq.dll mscoreei.dll mscorlib.ni.dll System.ni.dll ReachFramework.ni.dll version.dll mscorlib.dll mscorlib.dll PresentationCore.dll PresentationCore.dll WindowsBase.dll System.Core.dll System.Core.dll System.Printing.ni.dll System.Drawing.ni.dll System.Drawing.dll System.Drawing.dll System.Xml.ni.dll PresentationFramework.ni.dll PresentationFramework.dll System.Configuration.dll,normal
 ntdll.dll ntdll.dll wow64.dll kernel32.dll user32.dll kernel32.dll gdi32.dll lpk.dll usp10.dll advapi32.dll sechost.dll rpcrt4.dll cryptbase.dll msctf.dll apphelp.dll,normal
 ntdll.dll kernel32.dll kernel32.dll user32.dll ntdll.dll wow64win.dll kernel32.dll oleaut32.dll ole32.dll msvcrt.dll rpcrt4.dll sspicli.dll lpk.dll msimg32.dll shell32.dll shlwapi.dll nsi.dll msctf.dll apphelp.dll olepro32.dll setupapi.dll cfgmgr32.dll devobj.dll api-ms-win-downlevel-advapi32-l1-1-0.dll api-ms-win-downlevel-shlwapi-l1-1-0.dll api-ms-win-downlevel-version-l1-1-0.dll winmm.dll samcli.dll msacm32.dll sfc.dll userenv.dll profapi.dll dwmapi.dll api-ms-win-downlevel-ole32-l1-1-0.dll wininet.dll lspweb.dll,normal
 ntdll.dll kernel32.dll KernelBase.dll advapi32.dll msvcrt.dll sechost.dll user32.dll lpk.dll shell32.dll dui70.dll imm32.dll msctf.dll cryptbase.dll ntdll.dll wow64.dll wow64cpu.dll kernel32.dll user32.dll kernel32.dll KernelBase.dll winbrand.dll lpk.dll advapi32.dll sechost.dll rpcrt4.dll sspicli.dll apphelp.dll,normal
 kernel32.dll advapi32.dll sechost.dll rpcrt4.dll msvcr120_clr0400.dll lpk.dll usp10.dll oleaut32.dll cryptbase.dll rsaenh.dll RpcRtRemote.dll clbcatq.dll sxs.dll clr.dll shlwapi.dll mscorlib.ni.dll clrjit.dll version.dll mscorlib.dll System.ni.dll System.Core.ni.dll System.Transactions.ni.dll System.Transactions.dll System.Transactions.dll System.Runtime.Serialization.ni.dll Microsoft.CSharp.ni.dll System.Data.dll System.Data.dll System.Data.dll System.Numerics.ni.dll System.Security.ni.dll,normal
 ntdll.dll kernel32.dll advapi32.dll msvcrt.dll sechost.dll rpcrt4.dll ole32.dll lpk.dll imm32.dll wdscore.dll oleaut32.dll shell32.dll shlwapi.dll cryptbase.dll CbsCore.dll profapi.dll dpx.dll wcp.dll DrUpdate.dll mpr.dll wrpint.dll sxsstore.dll winhttp.dll winhttp.dll SensApi.dll clbcatq.dll smipi.dll smiengine.dll ntdll.dll wow64win.dll wow64cpu.dll kernel32.dll kernel32.dll kernel32.dll user32.dll kernel32.dll KernelBase.dll msvcrt.dll winbrand.dll gdi32.dll lpk.dll sechost.dll rpcrt4.dll sspicli.dll cryptbase.dll imm32.dll apphelp.dll,normal
 ntdll.dll kernelbase.dll msvcrt.dll combase.dll rpcrt4.dll kernel.appcore.dll cryptbase.dll bcryptprimitives.dll gdi32.dll sechost.dll rsaenh.dll idstore.dll,normal
 ntdll.dll msvcrt.dll rpcrt4.dll combase.dll bcryptprimitives.dll imm32.dll win32u.dll gdi32.dll gdi32full.dll kernel.appcore.dll clbcatq.dll crypt32.dll msasn1.dll advapi32.dll wevtapi.dll netutils.dll profapi.dll wkscli.dll tbs.dll windows.storage.dll powrprof.dll shcore.dll wtsapi32.dll winsta.dll webservices.dll iertutil.dll,normal
 kernel32.dll KernelBase.dll sechost.dll gdi32.dll user32.dll msswch.dll winmm.dll GdiPlus.dll oleaut32.dll shlwapi.dll wmsgapi.dll uxtheme.dll msctf.dll cryptbase.dll comctl32.dll xmllite.dll clbcatq.dll cryptsp.dll rsaenh.dll InkObj.dll atl.dll cfgmgr32.dll WindowsCodecs.dll,normal
 kernelbase.dll gdi32.dll lpk.dll imm32.dll msctf.dll ole32.dll rpcrt4.dll cryptbase.dll clbcatq.dll advapi32.dll sechost.dll wow64.dll wow64win.dll wow64cpu.dll kernel32.dll kernel32.dll kernel32.dll kernelbase.dll sechost.dll sspicli.dll gdi32.dll lpk.dll imm32.dll dnsapi.dll ws2_32.dll winnsi.dll dhcpcsvc6.dll oleaut32.dll cryptsp.dll msctf.dll ntdll.dll wow64.dll wow64win.dll wow64cpu.dll kernel32.dll kernel32.dll user32.dll kernel32.dll sspicli.dll cryptbase.dll ws2_32.dll nsi.dll winnsi.dll dhcpcsvc.dll shlwapi.dll gdi32.dll user32.dll lpk.dll usp10.dll ole32.dll msctf.dll clbcatq.dll oleaut32.dll rsaenh.dll rpcrtremote.dll wevtapi.dll,normal
 ntdll.dll kernel32.dll KernelBase.dll gdi32.dll user32.dll imm32.dll rpcrt4.dll oleaut32.dll ntdll.dll ntdll.dll wow64.dll wow64cpu.dll user32.dll kernel32.dll KernelBase.dll msvcrt.dll ole32.dll gdi32.dll advapi32.dll cryptbase.dll version.dll imm32.dll msctf.dll vbscript.dll crypt32.dll msasn1.dll cryptsp.dll rsaenh.dll msisip.dll wshext.dll shell32.dll shlwapi.dll scrobj.dll scrrun.dll,normal
 kernelbase.dll advapi32.dll msvcrt.dll rpcrt4.dll shell32.dll user32.dll lpk.dll imm32.dll propsys.dll oleaut32.dll api-ms-win-downlevel-ole32-l1-1-0.dll api-ms-win-downlevel-shlwapi-l1-1-0.dll api-ms-win-downlevel-advapi32-l1-1-0.dll api-ms-win-downlevel-user32-l1-1-0.dll version.dll api-ms-win-downlevel-normaliz-l1-1-0.dll usp10.dll normaliz.dll iertutil.dll wininet.dll secur32.dll sspicli.dll clbcatq.dll gdi32.dll devobj.dll,normal
 ntdll.dll ntdll.dll kernel32.dll kernel32.dll kernel32.dll kernelbase.dll msvcrt.dll gdi32.dll lpk.dll advapi32.dll sspicli.dll cryptbase.dll imm32.dll msctf.dll apphelp.dll,normal
 KernelBase.dll msvcrt.dll sechost.dll rpcrt4.dll usp10.dll mpr.dll oleaut32.dll secur32.dll ws2_32.dll netapi32.dll netutils.dll ntdsapi.dll version.dll slc.dll cryptbase.dll clbcatq.dll wbemprox.dll wbemcomn.dll ntdll.dll ntdll.dll wow64.dll wow64cpu.dll kernel32.dll user32.dll KernelBase.dll msvcrt.dll sechost.dll rpcrt4.dll sspicli.dll cryptbase.dll dnsapi.dll ws2_32.dll nsi.dll winnsi.dll dhcpcsvc.dll dhcpcsvc6.dll gdi32.dll user32.dll lpk.dll usp10.dll oleaut32.dll cryptsp.dll rsaenh.dll RpcRtRemote.dll,normal
 kernel32.dll kernelbase.dll advapi32.dll msvcrt.dll sechost.dll lpk.dll usp10.dll comctl32.dll msctf.dll ole32.dll winbrand.dll sppc.dll cryptbase.dll clbcatq.dll cryptsp.dll rpcrtremote.dll sppcomapi.dll sppcext.dll winscard.dll rasapi32.dll rasman.dll setupapi.dll cfgmgr32.dll devobj.dll tapi32.dll slwga.dll cryptui.dll sxs.dll webio.dll ws2_32.dll,normal
 ntdll.dll kernel32.dll kernelbase.dll advapi32.dll msvcrt.dll rpcrt4.dll gdi32.dll lpk.dll msimg32.dll wmsgapi.dll wtsapi32.dll userenv.dll crypt32.dll msasn1.dll msctfmonitor.dll msutb.dll secur32.dll sspicli.dll shell32.dll cryptsp.dll imagehlp.dll bcryptprimitives.dll gpapi.dll cryptnet.dll wldap32.dll sensapi.dll version.dll oleaut32.dll urlmon.dll api-ms-win-downlevel-shlwapi-l1-1-0.dll api-ms-win-downlevel-advapi32-l1-1-0.dll api-ms-win-downlevel-user32-l1-1-0.dll api-ms-win-downlevel-normaliz-l1-1-0.dll normaliz.dll iertutil.dll ntdll.dll user32.dll gdi32.dll kernel32.dll kernelbase.dll lpk.dll msvcrt.dll csrsrv.dll basesrv.dll winsrv.dll sxssrv.dll cryptbase.dll ntdll.dll ntdll.dll wow64cpu.dll kernel32.dll kernel32.dll kernelbase.dll msvcrt.dll winbrand.dll lpk.dll sechost.dll sspicli.dll imm32.dll msctf.dll apphelp.dll wow64win.dll wow64cpu.dll kernel32.dll user32.dll kernelbase.dll msvcrt.dll msvcr120_clr0400.dll mscoree.dll ole32.dll gdi32.dll lpk.dll usp10.dll oleaut32.dll msctf.dll rsaenh.dll rpcrtremote.dll clbcatq.dll mscoreei.dll mscorwks.dll mscorlib.ni.dll mscorlib.dll version.dll mscorlib.dll mscorsec.dll comctl32.dll riched20.dll imagehlp.dll bcrypt.dll bcryptprimitives.dll cryptnet.dll wldap32.dll microsoft.visualstudio.tools.applications.runtime.v9.0.dll microsoft.visualstudio.tools.applications.runtime.v9.0.dll microsoft.visualstudio.tools.applications.runtime.v9.0.dll system.dll system.dll system.dll system.addin.dll system.addin.dll system.addin.dll system.xml.dll system.xml.dll system.xml.dll ws2_32.dll nsi.dll system.data.dll system.data.dll system.data.dll windowsbase.ni.dll windowsbase.dll windowsbase.dll windowsbase.dll system.configuration.ni.dll system.configuration.dll system.configuration.dll system.configuration.dll ntdll.dll ntdll.dll wow64win.dll wow64cpu.dll kernel32.dll kernel32.dll kernelbase.dll advapi32.dll sechost.dll cryptbase.dll msvcr120_clr0400.dll mscoree.dll gdi32.dll user32.dll lpk.dll imm32.dll msctf.dll rsaenh.dll rpcrtremote.dll clbcatq.dll sxs.dll msvcr80.dll shlwapi.dll shell32.dll mscorlib.ni.dll mscorjit.dll mscorlib.dll mscorlib.dll version.dll mscorlib.dll mscorlib.dll system.web.services.dll system.web.services.dll system.web.services.dll system.dll system.dll system.dll system.xml.ni.dll system.xml.dll system.xml.dll system.xml.dll system.configuration.dll system.configuration.dll system.enterpriseservices.ni.dll system.enterpriseservices.dll system.directoryservices.dll system.directoryservices.dll system.directoryservices.dll system.design.ni.dll system.design.dll system.design.dll system.data.dll system.data.dll system.data.dll crypt32.dll msasn1.dll,normal
 ntdll.dll wow64win.dll wow64cpu.dll kernel32.dll kernel32.dll kernelbase.dll msvcrt.dll gdi32.dll lpk.dll advapi32.dll sechost.dll rpcrt4.dll imm32.dll msctf.dll apphelp.dll,normal
 napinsp.dll winrnr.dll wshbth.dll msvcp140.dll ucrtbase.dll api-ms-win-core-timezone-l1-1-0.dll api-ms-win-core-localization-l1-2-0.dll api-ms-win-core-synch-l1-2-0.dll api-ms-win-crt-string-l1-1-0.dll api-ms-win-crt-stdio-l1-1-0.dll api-ms-win-crt-convert-l1-1-0.dll api-ms-win-crt-time-l1-1-0.dll api-ms-win-crt-filesystem-l1-1-0.dll api-ms-win-crt-utility-l1-1-0.dll acropdf.dll acropdfimpl.dll mpr.dll shell32.dll shell32.dll ntdll.dll user32.dll msvcrt.dll ole32.dll ktmw32.dll wevtapi.dll imm32.dll advapi32.dll cryptsp.dll rsaenh.dll shlwapi.dll sspicli.dll clbcatq.dll tschannel.dll xmllite.dll apphelp.dll msvcrt.dll user32.dll gdi32.dll usp10.dll imm32.dll msctf.dll advapi32.dll sechost.dll rpcrt4.dll apphelp.dll,normal
 ntdll.dll msvcrt.dll advapi32.dll wer.dll gdi32.dll sspicli.dll shell32.dll combase.dll shlwapi.dll shcore.dll cryptsp.dll bcrypt.dll cryptbase.dll bcryptprimitives.dll,normal
 kernelbase.dll advapi32.dll sechost.dll rpcrt4.dll mscoree.dll user32.dll lpk.dll oleaut32.dll imm32.dll cryptbase.dll rsaenh.dll rpcrtremote.dll clbcatq.dll clr.dll shlwapi.dll system.core.ni.dll system.identitymodel.ni.dll mscorlib.dll mscorlib.dll system.xml.ni.dll system.configuration.ni.dll system.servicemodel.internals.ni.dll system.web.applicationservices.ni.dll system.numerics.ni.dll wow64.dll wow64cpu.dll kernel32.dll user32.dll kernel32.dll advapi32.dll msvcrt.dll sechost.dll mscoree.dll gdi32.dll lpk.dll usp10.dll msctf.dll cryptsp.dll mscoreei.dll mscorwks.dll shlwapi.dll profapi.dll mscorjit.dll mscorlib.dll mscorlib.dll version.dll mscorlib.dll reachframework.dll reachframework.dll system.dll windowsbase.ni.dll presentationframework.ni.dll presentationframework.dll presentationframework.dll presentationframework.dll presentationframework.dll presentationcore.dll presentationcore.dll presentationcore.dll system.printing.dll system.printing.dll system.printing.dll system.xml.dll system.xml.dll system.xml.dll system.xml.dll system.drawing.ni.dll system.drawing.dll system.drawing.dll system.security.dll system.security.dll system.security.dll system.configuration.dll system.configuration.dll system.configuration.dll system.data.sqlxml.ni.dll system.data.sqlxml.dll system.data.sqlxml.dll uiautomationprovider.ni.dll uiautomationprovider.dll system.deployment.dll system.deployment.dll system.deployment.dll system.deployment.dll presentationui.ni.dll presentationui.dll uiautomationtypes.dll uiautomationtypes.dll uiautomationtypes.dll uiautomationtypes.dll system.data.dll system.data.dll nsi.dll accessibility.ni.dll accessibility.dll accessibility.dll accessibility.dll presentationcffrasterizer.dll presentationcffrasterizer.dll system.windows.forms.ni.dll system.windows.forms.dll system.runtime.serialization.formatters.soap.ni.dll system.directoryservices.ni.dll system.directoryservices.dll system.directoryservices.dll system.directoryservices.dll system.transactions.ni.dll system.transactions.dll system.transactions.dll system.enterpriseservices.dll system.enterpriseservices.dll system.runtime.remoting.dll system.web.ni.dll system.web.dll system.web.dll system.web.dll system.web.services.dll system.directoryservices.protocols.ni.dll system.directoryservices.protocols.dll system.directoryservices.protocols.dll system.directoryservices.protocols.dll system.design.ni.dll system.serviceprocess.dll system.web.regularexpressions.ni.dll system.web.regularexpressions.dll system.web.regularexpressions.dll system.web.regularexpressions.dll system.web.regularexpressions.dll system.drawing.design.dll system.drawing.design.dll system.data.oracleclient.ni.dll system.data.oracleclient.dll system.data.oracleclient.dll system.data.oracleclient.dll system.data.oracleclient.dll system.data.oracleclient.dll system.configuration.install.ni.dll system.configuration.install.dll system.configuration.install.dll ntdll.dll kernel32.dll user32.dll kernel32.dll kernelbase.dll msvcrt.dll sspicli.dll cryptbase.dll msvcr120_clr0400.dll mscoree.dll ole32.dll user32.dll usp10.dll oleaut32.dll cryptsp.dll rsaenh.dll clbcatq.dll sxs.dll mscoreei.dll msvcr80.dll shell32.dll profapi.dll mscorjit.dll mscorlib.dll version.dll mscorlib.dll system.ni.dll system.servicemodel.dll system.servicemodel.dll system.dll system.dll system.dll system.dll smdiagnostics.ni.dll smdiagnostics.dll smdiagnostics.dll smdiagnostics.dll system.web.dll system.web.dll system.web.dll system.web.dll system.xml.dll system.xml.dll system.configuration.ni.dll system.configuration.dll system.configuration.dll system.configuration.dll system.transactions.dll system.transactions.dll system.transactions.dll system.identitymodel.dll system.enterpriseservices.ni.dll system.enterpriseservices.dll system.web.regularexpressions.ni.dll system.web.regularexpressions.dll system.web.regularexpressions.dll system.web.regularexpressions.dll system.web.regularexpressions.dll system.serviceprocess.dll system.web.services.ni.dll system.web.services.dll system.messaging.ni.dll system.identitymodel.selectors.ni.dll system.identitymodel.selectors.dll system.directoryservices.ni.dll system.directoryservices.dll system.directoryservices.dll microsoft.transactions.bridge.ni.dll microsoft.transactions.bridge.dll system.security.ni.dll system.security.dll system.data.sqlxml.ni.dll system.data.sqlxml.dll system.data.sqlxml.dll system.data.sqlxml.dll system.drawing.dll system.drawing.dll system.drawing.dll system.data.dll system.data.dll system.data.dll ws2_32.dll nsi.dll crypt32.dll msasn1.dll system.directoryservices.protocols.ni.dll system.directoryservices.protocols.dll system.directoryservices.protocols.dll system.design.ni.dll system.design.dll system.windows.forms.ni.dll system.windows.forms.dll system.windows.forms.dll system.windows.forms.dll microsoft.visualc.ni.dll system.runtime.remoting.ni.dll system.runtime.remoting.dll system.runtime.remoting.dll system.runtime.serialization.formatters.soap.ni.dll system.runtime.serialization.formatters.soap.dll system.drawing.design.dll system.data.oracleclient.ni.dll system.data.oracleclient.dll accessibility.ni.dll accessibility.dll accessibility.dll accessibility.dll system.deployment.dll system.deployment.dll system.configuration.install.ni.dll system.configuration.install.dll ntdll.dll ntdll.dll wow64cpu.dll kernel32.dll kernel32.dll kernel32.dll user32.dll kernelbase.dll rpcrt4.dll sspicli.dll msvcr120_clr0400.dll mscoree.dll ole32.dll gdi32.dll user32.dll oleaut32.dll imm32.dll msctf.dll cryptsp.dll rpcrtremote.dll mscoreei.dll shlwapi.dll mscorlib.ni.dll clrjit.dll microsoft.office.tools.outlook.implementation.dll system.ni.dll microsoft.office.tools.common.implementation.ni.dll version.dll mscorlib.dll mscorlib.dll system.dll system.dll system.core.dll system.core.dll microsoft.office.tools.outlook.ni.dll microsoft.office.tools.ni.dll system.drawing.ni.dll system.windows.forms.dll system.drawing.dll system.xml.ni.dll system.xml.dll system.xml.dll microsoft.office.tools.v4.0.framework.dll system.configuration.ni.dll system.configuration.dll system.numerics.ni.dll system.numerics.dll system.numerics.dll system.security.ni.dll system.security.dll,normal
 ntdll.dll kernel32.dll rpcrt4.dll nsi.dll vcruntime140.dll api-ms-win-crt-runtime-l1-1-0.dll ucrtbase.dll api-ms-win-core-file-l2-1-0.dll api-ms-win-core-localization-l1-2-0.dll api-ms-win-crt-heap-l1-1-0.dll api-ms-win-crt-string-l1-1-0.dll api-ms-win-crt-math-l1-1-0.dll api-ms-win-crt-locale-l1-1-0.dll mswsock.dll user32.dll usp10.dll imm32.dll msctf.dll sechost.dll winrnr.dll rasadhlp.dll,HTran
 msvcrt.dll shell32.dll shlwapi.dll gdi32.dll lpk.dll usp10.dll msctf.dll ole32.dll cryptbase.dll propsys.dll oleaut32.dll comctl32.dll profapi.dll urlmon.dll api-ms-win-downlevel-advapi32-l1-1-0.dll api-ms-win-downlevel-version-l1-1-0.dll api-ms-win-downlevel-normaliz-l1-1-0.dll normaliz.dll iertutil.dll wininet.dll secur32.dll setupapi.dll cfgmgr32.dll devobj.dll msctf.dll ntdll.dll kernelbase.dll rpcrt4.dll user32.dll lpk.dll ole32.dll oleaut32.dll imm32.dll,normal
 ntdll.dll wow64cpu.dll kernel32.dll kernel32.dll kernel32.dll user32.dll KernelBase.dll msvcrt.dll winbrand.dll user32.dll usp10.dll sechost.dll cryptbase.dll msctf.dll apphelp.dll,normal
 rpcrt4.dll combase.dll oleaut32.dll kernel.appcore.dll bcryptprimitives.dll sechost.dll user32.dll imm32.dll uxtheme.dll dwmapi.dll clbcatq.dll shcore.dll profapi.dll bcrypt.dll rsaenh.dll cryptbase.dll tokenbroker.dll shell32.dll windows.storage.dll shlwapi.dll powrprof.dll ole32.dll wkscli.dll wininet.dll iertutil.dll propsys.dll apprepsync.dll apprepapi.dll aepic.dll tbs.dll webservices.dll sfc_os.dll mrmcorer.dll windows.ui.dll ninput.dll bcp47langs.dll profext.dll vaultcli.dll devrtl.dll ws2_32.dll nsi.dll ondemandconnroutehelper.dll mswsock.dll rasadhlp.dll imagehlp.dll wldap32.dll dhcpcsvc.dll webio.dll,normal
 msftedit.dll msftedit.dll,normal
 ntdll.dll wow64win.dll wow64cpu.dll kernel32.dll kernel32.dll user32.dll kernel32.dll KernelBase.dll msvcrt.dll ole32.dll gdi32.dll rpcrt4.dll sspicli.dll cryptbase.dll imm32.dll msctf.dll clbcatq.dll oleaut32.dll cryptsp.dll RpcRtRemote.dll uxtheme.dll shlwapi.dll actxprxy.dll comctl32.dll ntdll.dll wow64.dll wow64cpu.dll kernel32.dll kernel32.dll KernelBase.dll msvcrt.dll winbrand.dll user32.dll usp10.dll advapi32.dll apphelp.dll,normal
 kernel32.dll user32.dll lpk.dll usp10.dll msvcrt.dll imm32.dll ole32.dll uxtheme.dll dwmapi.dll cryptbase.dll msswch.dll winmm.dll ntdll.dll kernel32.dll msvcrt.dll gdi32.dll user32.dll lpk.dll imm32.dll msctf.dll cryptbase.dll advapi32.dll oleaut32.dll cryptsp.dll rsaenh.dll shacct.dll comctl32.dll shlwapi.dll userenv.dll IDStore.dll,normal
 wow64.dll wow64cpu.dll kernel32.dll user32.dll kernel32.dll kernelbase.dll winbrand.dll user32.dll gdi32.dll usp10.dll advapi32.dll sechost.dll sspicli.dll cryptbase.dll imm32.dll,normal
 kernelbase.dll user32.dll lpk.dll msvcrt.dll imm32.dll msctf.dll ole32.dll oleaut32.dll ntdll.dll basesrv.dll user32.dll gdi32.dll kernel32.dll msvcrt.dll sxssrv.dll csrsrv.dll cryptbase.dll,normal
 kernelbase.dll gdi32.dll user32.dll lpk.dll imm32.dll msctf.dll ole32.dll rpcrt4.dll oleaut32.dll clbcatq.dll advapi32.dll ntdll.dll kernelbase.dll gdi32.dll lpk.dll msvcrt.dll imm32.dll msctf.dll ole32.dll cryptbase.dll sechost.dll ntdll.dll wow64.dll wow64win.dll kernel32.dll kernel32.dll kernel32.dll kernelbase.dll msvcrt.dll winbrand.dll gdi32.dll advapi32.dll rpcrt4.dll sspicli.dll msctf.dll apphelp.dll,normal
 thumbcache.dll msftedit.dll bcp47langs.dll tiptsf.dll explorerframe.dll structuredquery.dll searchfolder.dll onecorecommonproxystub.dll cscapi.dll mssvp.dll ntlanman.dll mapi32.dll samcli.dll dlnashext.dll playtodevice.dll samlib.dll actxprxy.dll wpdshext.dll twinapi.dll portabledeviceapi.dll portabledevicetypes.dll ehstorshell.dll,normal
 ntdll.dll ntdll.dll wow64win.dll wow64cpu.dll kernel32.dll kernel32.dll kernel32.dll msvcrt.dll winbrand.dll user32.dll usp10.dll rpcrt4.dll sspicli.dll cryptbase.dll msctf.dll,normal
 ntdll.dll kernel32.dll KernelBase.dll advapi32.dll msvcrt.dll rpcrt4.dll ole32.dll gdi32.dll user32.dll lpk.dll usp10.dll msctf.dll wdscore.dll shell32.dll shlwapi.dll dbghelp.dll crypt32.dll wintrust.dll userenv.dll profapi.dll ktmw32.dll dpx.dll dpx.dll dpx.dll wcp.dll DrUpdate.dll cfgmgr32.dll devobj.dll mpr.dll sxsstore.dll sqmapi.dll webio.dll winhttp.dll SensApi.dll RpcRtRemote.dll smiengine.dll ntdll.dll kernel32.dll rpcrt4.dll user32.dll gdi32.dll lpk.dll sspicli.dll ws2_32.dll nsi.dll netutils.dll srvcli.dll logoncli.dll framedynos.dll version.dll slc.dll msctf.dll clbcatq.dll wbemprox.dll wbemcomn.dll ntdll.dll ntdll.dll wow64win.dll kernel32.dll kernel32.dll kernel32.dll KernelBase.dll msvcrt.dll ole32.dll gdi32.dll user32.dll advapi32.dll sechost.dll rpcrt4.dll sspicli.dll cryptbase.dll lpk.dll usp10.dll msctf.dll sxs.dll clbcatq.dll wintrust.dll cryptsp.dll rsaenh.dll msisip.dll wshext.dll comctl32.dll shell32.dll scrobj.dll msi.dll scrrun.dll ntdll.dll wow64.dll wow64win.dll wow64cpu.dll kernel32.dll kernel32.dll kernel32.dll user32.dll kernel32.dll msvcrt.dll rpcrt4.dll sspicli.dll dnsapi.dll ws2_32.dll nsi.dll winnsi.dll shlwapi.dll gdi32.dll user32.dll lpk.dll ole32.dll msctf.dll gdi32.dll user32.dll imm32.dll msctf.dll ole32.dll oleaut32.dll cryptbase.dll advapi32.dll ntdll.dll wow64.dll wow64win.dll wow64cpu.dll user32.dll kernel32.dll sechost.dll sspicli.dll cryptbase.dll shell32.dll gdi32.dll user32.dll usp10.dll imm32.dll msctf.dll oleaut32.dll cryptsp.dll wevtapi.dll,normal
 ntdll.dll kernel32.dll gdi32.dll user32.dll lpk.dll msctf.dll rpcrt4.dll oleaut32.dll cryptbase.dll clbcatq.dll advapi32.dll sechost.dll ntdll.dll wow64.dll wow64cpu.dll user32.dll kernel32.dll kernelbase.dll msvcrt.dll winbrand.dll lpk.dll usp10.dll rpcrt4.dll sspicli.dll cryptbase.dll msctf.dll,normal
 ntdll.dll wow64.dll wow64win.dll wow64cpu.dll kernel32.dll kernel32.dll user32.dll kernel32.dll msvcrt.dll user32.dll sspicli.dll cryptbase.dll imm32.dll msctf.dll apphelp.dll,normal
 kernel32.dll kernelbase.dll msvcrt.dll combase.dll rpcrt4.dll clbcatq.dll user32.dll imm32.dll msctf.dll sechost.dll rsaenh.dll bcrypt.dll uxtheme.dll idstore.dll,normal
 kernel32.dll KernelBase.dll advapi32.dll msvcrt.dll gdi32.dll user32.dll dwmapi.dll oleacc.dll wmsgapi.dll duser.dll uxtheme.dll msctf.dll ntdll.dll kernel32.dll msvcrt.dll ole32.dll gdi32.dll lpk.dll usp10.dll rpcrt4.dll imm32.dll msctf.dll cryptbase.dll clbcatq.dll oleaut32.dll RpcRtRemote.dll thumbcache.dll shlwapi.dll psapi.dll propsys.dll comctl32.dll,normal
 npmproxy.dll,normal
 ntdll.dll ntdll.dll wow64cpu.dll kernel32.dll kernel32.dll kernelbase.dll msvcrt.dll winbrand.dll gdi32.dll lpk.dll usp10.dll advapi32.dll sechost.dll imm32.dll msctf.dll apphelp.dll kernel32.dll advapi32.dll msvcrt.dll sechost.dll rpcrt4.dll user32.dll usp10.dll msswch.dll winmm.dll dwmapi.dll ole32.dll oleacc.dll duser.dll uxtheme.dll imm32.dll dui70.dll clbcatq.dll tabskb.dll cryptsp.dll windowscodecs.dll,normal
 ntdll.dll ntdll.dll wow64win.dll kernel32.dll kernel32.dll msvcrt.dll gdi32.dll usp10.dll advapi32.dll sechost.dll rpcrt4.dll sspicli.dll imm32.dll msctf.dll apphelp.dll,normal
 ntdll.dll kernel32.dll kernelbase.dll oleaut32.dll msvcr120_clr0400.dll mscoree.dll msvcp_win.dll win32u.dll gdi32.dll msvcrt.dll mscoreei.dll shlwapi.dll version.dll ole32.dll clbcatq.dll sspicli.dll fusion.dll xmllite.dll,normal
 ntdll.dll wow64win.dll wow64cpu.dll kernel32.dll user32.dll kernel32.dll kernelbase.dll msvcrt.dll user32.dll gdi32.dll usp10.dll advapi32.dll sspicli.dll imm32.dll msctf.dll,normal
 setupapi.dll oleaut32.dll dbghelp.dll vm3dum64_10.dll dbghelp.dll d3d10level9.dll vm3dum64.dll vm3dum64.dll setupapi.dll cfgmgr32.dll oleaut32.dll vm3dum64_10.dll vm3dum64.dll dbghelp.dll vm3dum64.dll dbghelp.dll d3d10level9.dll cfgmgr32.dll devobj.dll vm3dum64_10.dll dbghelp.dll vm3dum64_10.dll vm3dum64.dll dbghelp.dll vm3dum64.dll dbghelp.dll oleaut32.dll devobj.dll dbghelp.dll vm3dum64.dll dbghelp.dll vm3dum64.dll dbghelp.dll vm3dum64_10.dll vm3dum64_10.dll vm3dum64.dll d3d10level9.dll setupapi.dll cfgmgr32.dll oleaut32.dll devobj.dll vm3dum64_10.dll dbghelp.dll vm3dum64_10.dll vm3dum64_10.dll vm3dum64.dll dbghelp.dll dbghelp.dll vm3dum64.dll dbghelp.dll d3d10level9.dll cfgmgr32.dll oleaut32.dll vm3dum64_10.dll vm3dum64_10.dll vm3dum64.dll d3d10level9.dll dbghelp.dll dbghelp.dll vm3dum64.dll dbghelp.dll d3d10level9.dll,normal
 kernel32.dll KernelBase.dll ole32.dll gdi32.dll user32.dll lpk.dll usp10.dll msctf.dll cryptbase.dll clbcatq.dll advapi32.dll oleaut32.dll cryptsp.dll rsaenh.dll shell32.dll shlwapi.dll psapi.dll propsys.dll ntdll.dll kernel32.dll KernelBase.dll msvcrt.dll sechost.dll rpcrt4.dll lpk.dll msswch.dll dwmapi.dll oleacc.dll shlwapi.dll duser.dll imm32.dll msctf.dll cryptbase.dll dui70.dll comctl32.dll rsaenh.dll RpcRtRemote.dll atl.dll cfgmgr32.dll,normal
 ntdll.dll kernelbase.dll msvcrt.dll ole32.dll gdi32.dll user32.dll lpk.dll rpcrt4.dll oleaut32.dll cryptbase.dll sechost.dll advapi32.dll sspicli.dll rsaenh.dll rpcrtremote.dll npmproxy.dll msasn1.dll mswsock.dll secur32.dll credssp.dll netutils.dll wship6.dll dnsapi.dll winnsi.dll rasadhlp.dll taskschd.dll kerberos.dll cryptdll.dll bcrypt.dll bcryptprimitives.dll certenroll.dll logoncli.dll ntdsapi.dll ntdll.dll ntdll.dll wow64win.dll user32.dll kernelbase.dll advapi32.dll msvcrt.dll rpcrt4.dll dnsapi.dll ws2_32.dll winnsi.dll dhcpcsvc.dll dhcpcsvc6.dll shell32.dll shlwapi.dll gdi32.dll lpk.dll usp10.dll ole32.dll imm32.dll msctf.dll rsaenh.dll,normal
 ntdll.dll ntdll.dll wow64.dll wow64win.dll wow64cpu.dll kernel32.dll kernel32.dll kernel32.dll advapi32.dll msvcrt.dll sechost.dll sspicli.dll cryptbase.dll winnsi.dll dhcpcsvc.dll dhcpcsvc6.dll shell32.dll shlwapi.dll gdi32.dll user32.dll usp10.dll imm32.dll msctf.dll clbcatq.dll oleaut32.dll rsaenh.dll RpcRtRemote.dll wevtapi.dll kernel32.dll KernelBase.dll gdi32.dll user32.dll imm32.dll msctf.dll cryptbase.dll sechost.dll ntdll.dll wow64.dll kernel32.dll kernel32.dll kernel32.dll KernelBase.dll advapi32.dll msvcrt.dll rpcrt4.dll cryptbase.dll dnsapi.dll nsi.dll shell32.dll shlwapi.dll gdi32.dll ole32.dll clbcatq.dll oleaut32.dll cryptsp.dll rsaenh.dll wevtapi.dll kernel32.dll KernelBase.dll sechost.dll ole32.dll user32.dll lpk.dll usp10.dll imm32.dll shlwapi.dll dbghelp.dll CbsCore.dll msasn1.dll profapi.dll dpx.dll dpx.dll wcp.dll setupapi.dll sxsstore.dll winhttp.dll webio.dll winhttp.dll webio.dll cryptsp.dll RpcRtRemote.dll clbcatq.dll CbsApi.dll smipi.dll smiengine.dll ntdll.dll KernelBase.dll gdi32.dll user32.dll msvcrt.dll imm32.dll msctf.dll ole32.dll rpcrt4.dll oleaut32.dll cryptbase.dll sechost.dll ntdll.dll wow64.dll wow64win.dll kernel32.dll kernel32.dll kernel32.dll user32.dll KernelBase.dll advapi32.dll msvcrt.dll sechost.dll cryptbase.dll user32.dll gdi32.dll shell32.dll ole32.dll oleaut32.dll crypt32.dll imm32.dll msctf.dll iertutil.dll urlmon.dll comctl32.dll ws2_32.dll nsi.dll winnsi.dll clbcatq.dll cryptsp.dll ieframe.dll version.dll propsys.dll setupapi.dll cfgmgr32.dll netprofm.dll nlaapi.dll nlaapi.dll npmproxy.dll comctl32.dll msctf.dll msctf.dll Wldap32.dll rtutils.dll rasadhlp.dll ieui.dll sxs.dll NapiNSP.dll shell32.dll winrnr.dll wship6.dll xmllite.dll LspWaoIe.dll imagehlp.dll ExplorerFrame.dll duser.dll dui70.dll shell32.dll shell32.dll userenv.dll,normal
 ntdll.dll advapi32.dll msvcrt.dll atl.dll ole32.dll oleaut32.dll gdi32.dll combase.dll imm32.dll msctf.dll kernel.appcore.dll cryptbase.dll clbcatq.dll shcore.dll profapi.dll propsys.dll linkinfo.dll cryptsp.dll bcrypt.dll ntshrui.dll setupapi.dll ntmarta.dll system.management.automation.ni.dll psapi.dll system.xml.ni.dll microsoft.management.infrastructure.ni.dll system.configuration.dll system.ni.dll microsoft.powershell.consolehost.ni.dll system.directoryservices.ni.dll clrjit.dll system.configuration.install.ni.dll system.transactions.ni.dll microsoft.powershell.security.dll microsoft.powershell.security.ni.dll secur32.dll wldp.dll system.data.ni.dll nsi.dll microsoft.powershell.commands.utility.ni.dll diasymreader.dll rasapi32.dll rtutils.dll mswsock.dll winnsi.dll dhcpcsvc.dll system.security.dll system.security.ni.dll wbemcomn.dll wminet_utils.dll wminet_utils.dll napinsp.dll dnsapi.dll winrnr.dll nlaapi.dll wbemsvc.dll,empire
 ntdll.dll kernel32.dll kernelbase.dll msvcrt.dll ole32.dll user32.dll lpk.dll usp10.dll msctf.dll clbcatq.dll advapi32.dll cryptsp.dll rsaenh.dll userenv.dll profapi.dll idstore.dll,normal
 ntdll.dll wow64win.dll kernel32.dll user32.dll msvcrt.dll winbrand.dll user32.dll gdi32.dll usp10.dll advapi32.dll rpcrt4.dll sspicli.dll imm32.dll msctf.dll apphelp.dll,normal
 ntdll.dll ntdll.dll wow64win.dll wow64cpu.dll kernel32.dll kernel32.dll user32.dll kernel32.dll KernelBase.dll advapi32.dll sechost.dll rpcrt4.dll dnsapi.dll ws2_32.dll nsi.dll winnsi.dll dhcpcsvc.dll dhcpcsvc6.dll shell32.dll gdi32.dll user32.dll lpk.dll ole32.dll clbcatq.dll cryptsp.dll wevtapi.dll ntdll.dll wow64.dll wow64win.dll kernel32.dll user32.dll KernelBase.dll advapi32.dll cryptbase.dll dnsapi.dll dhcpcsvc6.dll shell32.dll shlwapi.dll gdi32.dll user32.dll lpk.dll usp10.dll ole32.dll imm32.dll msctf.dll clbcatq.dll oleaut32.dll cryptsp.dll rsaenh.dll wevtapi.dll ntdll.dll wow64.dll wow64cpu.dll kernel32.dll KernelBase.dll rpcrt4.dll sspicli.dll ws2_32.dll nsi.dll winnsi.dll dhcpcsvc.dll shlwapi.dll user32.dll msctf.dll clbcatq.dll oleaut32.dll cryptsp.dll RpcRtRemote.dll wevtapi.dll,normal
 ntdll.dll kernelbase.dll msvcrt.dll gdi32.dll user32.dll rpcrt4.dll msctf.dll advapi32.dll oleaut32.dll cryptsp.dll rsaenh.dll uxtheme.dll thumbcache.dll shlwapi.dll comctl32.dll psapi.dll propsys.dll,normal
 ntdll.dll kernel32.dll KernelBase.dll msvcrt.dll sechost.dll rpcrt4.dll ole32.dll gdi32.dll user32.dll lpk.dll usp10.dll wdscore.dll shlwapi.dll cryptbase.dll CbsCore.dll version.dll userenv.dll profapi.dll ktmw32.dll dpx.dll dpx.dll devobj.dll sxsstore.dll winhttp.dll webio.dll winhttp.dll SensApi.dll cryptsp.dll rsaenh.dll RpcRtRemote.dll clbcatq.dll smiengine.dll ntdll.dll KernelBase.dll gdi32.dll user32.dll usp10.dll msvcrt.dll imm32.dll msctf.dll ole32.dll oleaut32.dll cryptbase.dll advapi32.dll sechost.dll ntdll.dll wow64.dll wow64win.dll kernel32.dll kernel32.dll user32.dll oleaut32.dll gdi32.dll user32.dll rpcrt4.dll cryptbase.dll lpk.dll imm32.dll msctf.dll sxs.dll clbcatq.dll advapi32.dll wintrust.dll msasn1.dll cryptsp.dll msisip.dll shlwapi.dll scrrun.dll ntdll.dll ntdll.dll wow64win.dll wow64cpu.dll kernel32.dll user32.dll kernel32.dll msvcrt.dll winbrand.dll lpk.dll usp10.dll rpcrt4.dll sspicli.dll cryptbase.dll msctf.dll,normal
 sendmail.dll mydocs.dll,normal
 wow64.dll wow64win.dll wow64cpu.dll kernel32.dll user32.dll kernel32.dll winbrand.dll gdi32.dll lpk.dll usp10.dll advapi32.dll sechost.dll rpcrt4.dll imm32.dll msctf.dll,normal
 rasadhlp.dll pnrpnsp.dll napinsp.dll,normal
 kernel32.dll KernelBase.dll advapi32.dll sechost.dll rsaenh.dll cryptbase.dll ntdll.dll wow64.dll wow64cpu.dll kernel32.dll kernel32.dll kernel32.dll user32.dll lpk.dll usp10.dll advapi32.dll sechost.dll rpcrt4.dll cryptbase.dll imm32.dll msctf.dll apphelp.dll,normal
 msftedit.dll mssvp.dll wpdshext.dll audiodev.dll mapi32.dll,normal
 windows.security.authentication.onlineid.dll windows.networking.hostname.dll tquery.dll structuredquery.dll imgutil.dll d3d10warp.dll,normal
 ntdll.dll ntdll.dll kernel32.dll kernelbase.dll kernelbase.dll msvcrt.dll msvcrt.dll sechost.dll gdi32.dll user32.dll imm32.dll kernel.appcore.dll cryptbase.dll cryptbase.dll bcryptprimitives.dll bcryptprimitives.dll uxtheme.dll uxtheme.dll clbcatq.dll msfeeds.dll msfeeds.dll iertutil.dll advapi32.dll elscore.dll elscore.dll netapi32.dll slc.dll netutils.dll srvcli.dll sppc.dll sppc.dll shell32.dll cryptsp.dll rsaenh.dll rsaenh.dll bcrypt.dll wininet.dll userenv.dll profapi.dll sspicli.dll msxml6.dll ws2_32.dll ws2_32.dll nsi.dll ondemandconnroutehelper.dll winhttp.dll winhttp.dll msfeedsbs.dll netprofm.dll netprofm.dll mswsock.dll winnsi.dll winnsi.dll npfproxy.dll npmproxy.dll urlmon.dll urlmon.dll comctl32.dll crypt32.dll dpapi.dll dpapi.dll wbemprox.dll wbemcomn.dll wbemcomn.dll wbemsvc.dll fastprox.dll gpapi.dll gpapi.dll ncrypt.dll ncrypt.dll ntasn1.dll ntasn1.dll dwmapi.dll rasadhlp.dll fwpuclnt.dll,normal
 kernel32.dll kernelbase.dll user32.dll lpk.dll usp10.dll msvcrt.dll imm32.dll ole32.dll rpcrt4.dll oleaut32.dll advapi32.dll,normal
 kernelbase.dll advapi32.dll rpcrt4.dll crypt32.dll msasn1.dll netapi32.dll netutils.dll srvcli.dll wkscli.dll gdi32.dll user32.dll lpk.dll usp10.dll shlwapi.dll sspicli.dll shell32.dll version.dll setupapi.dll cfgmgr32.dll devobj.dll winscard.dll imm32.dll msctf.dll vaultcli.dll wintrust.dll bcryptprimitives.dll cryptsp.dll,mimikatz
 ntdll.dll ntdll.dll wow64.dll wow64win.dll kernel32.dll kernel32.dll kernelbase.dll msvcrt.dll user32.dll lpk.dll sechost.dll rpcrt4.dll sspicli.dll cryptbase.dll imm32.dll apphelp.dll ntdll.dll kernelbase.dll msvcrt.dll sechost.dll rpcrt4.dll gdi32.dll ole32.dll oleaut32.dll shlwapi.dll msctf.dll clbcatq.dll tquery.dll cryptsp.dll rsaenh.dll mssprxy.dll ieframe.dll api-ms-win-downlevel-advapi32-l1-1-0.dll api-ms-win-downlevel-shlwapi-l1-1-0.dll api-ms-win-downlevel-user32-l1-1-0.dll api-ms-win-downlevel-shell32-l1-1-0.dll shell32.dll api-ms-win-downlevel-version-l1-1-0.dll api-ms-win-downlevel-normaliz-l1-1-0.dll normaliz.dll iertutil.dll comctl32.dll api-ms-win-downlevel-ole32-l1-1-0.dll secur32.dll sspicli.dll propsys.dll wininet.dll userenv.dll kernel32.dll kernelbase.dll msvcrt.dll rpcrt4.dll gdi32.dll user32.dll lpk.dll usp10.dll wtsapi32.dll userenv.dll winsta.dll crypt32.dll imm32.dll comctl32.dll secur32.dll wintrust.dll cryptsp.dll bcrypt.dll wmsgapi.dll wldap32.dll version.dll oleaut32.dll urlmon.dll api-ms-win-downlevel-shlwapi-l1-1-0.dll api-ms-win-downlevel-version-l1-1-0.dll api-ms-win-downlevel-normaliz-l1-1-0.dll msutb.dll ncrypt.dll cryptnet.dll sensapi.dll,normal
 ntdll.dll kernelbase.dll rpcrt4.dll advapi32.dll wersvc.dll,normal
 ntdll.dll ntdll.dll wow64cpu.dll kernel32.dll kernel32.dll user32.dll lpk.dll usp10.dll sechost.dll cryptbase.dll imm32.dll msctf.dll apphelp.dll advapi32.dll sechost.dll msvcr120_clr0400.dll gdi32.dll usp10.dll msctf.dll clbcatq.dll rpcrtremote.dll sxs.dll mscoreei.dll clr.dll shlwapi.dll mscorlib.ni.dll system.ni.dll system.data.ni.dll version.dll system.data.dll system.data.dll mscorlib.dll system.data.dll system.xml.ni.dll system.transactions.ni.dll system.transactions.dll system.transactions.dll system.numerics.ni.dll system.configuration.ni.dll system.enterpriseservices.ni.dll system.security.ni.dll wow64.dll wow64win.dll wow64cpu.dll kernel32.dll kernel32.dll user32.dll kernel32.dll advapi32.dll msvcrt.dll rpcrt4.dll msvcr120_clr0400.dll mscoree.dll ole32.dll user32.dll lpk.dll usp10.dll imm32.dll msctf.dll cryptsp.dll clbcatq.dll sxs.dll mscoreei.dll shell32.dll mscorlib.ni.dll mscorjit.dll mscorlib.dll system.ni.dll mmcfxcommon.ni.dll mmcfxcommon.dll system.dll system.dll system.dll system.dll system.drawing.ni.dll system.windows.forms.ni.dll system.windows.forms.dll system.drawing.dll system.drawing.dll system.drawing.dll system.drawing.dll system.configuration.ni.dll system.configuration.dll system.configuration.dll system.xml.ni.dll system.xml.dll system.xml.dll system.security.dll system.security.dll system.security.dll system.data.sqlxml.dll system.data.sqlxml.dll system.data.sqlxml.dll accessibility.ni.dll accessibility.dll accessibility.dll system.runtime.serialization.formatters.soap.ni.dll system.runtime.serialization.formatters.soap.dll system.runtime.serialization.formatters.soap.dll system.deployment.dll system.deployment.dll system.deployment.dll ntdll.dll ntdll.dll wow64cpu.dll kernel32.dll kernel32.dll user32.dll kernel32.dll kernelbase.dll advapi32.dll msvcrt.dll sechost.dll sspicli.dll msvcr120_clr0400.dll mscoree.dll ole32.dll gdi32.dll user32.dll lpk.dll cryptsp.dll rsaenh.dll sxs.dll mscoreei.dll mscorwks.dll msvcr80.dll shlwapi.dll shell32.dll mscorjit.dll mscorlib.dll presentationframework.royale.ni.dll system.ni.dll presentationframework.royale.dll presentationframework.royale.dll presentationframework.royale.dll presentationframework.dll presentationframework.dll windowsbase.dll windowsbase.dll windowsbase.dll system.dll presentationcore.dll presentationcore.dll,normal
 ntdll.dll wow64win.dll kernel32.dll kernel32.dll kernel32.dll kernelbase.dll msvcrt.dll winbrand.dll user32.dll gdi32.dll lpk.dll usp10.dll advapi32.dll rpcrt4.dll imm32.dll,normal
 ntdll.dll KernelBase.dll rpcrt4.dll gdi32.dll user32.dll lpk.dll usp10.dll imm32.dll ntdll.dll kernel32.dll KernelBase.dll ole32.dll gdi32.dll user32.dll imm32.dll msctf.dll clbcatq.dll sechost.dll cryptsp.dll shacct.dll userenv.dll IDStore.dll kernel32.dll user32.dll kernel32.dll kernel32.dll KernelBase.dll oleaut32.dll ole32.dll user32.dll advapi32.dll sechost.dll rpcrt4.dll usp10.dll shell32.dll shlwapi.dll ws2_32.dll nsi.dll imm32.dll clbcatq.dll cryptsp.dll rsaenh.dll winnsi.dll dhcpcsvc.dll dhcpcsvc6.dll RpcRtRemote.dll wevtapi.dll,normal
 ntdll.dll kernel32.dll kernelbase.dll advapi32.dll msvcrt.dll sechost.dll rpcrt4.dll msvcr120_clr0400.dll mscoree.dll ole32.dll imm32.dll msctf.dll cryptbase.dll cryptsp.dll rpcrtremote.dll clbcatq.dll sxs.dll mscoreei.dll mscorwks.dll msvcr80.dll shlwapi.dll shell32.dll mscorjit.dll mscorlib.dll mscorlib.dll mscorlib.dll system.drawing.ni.dll system.security.ni.dll system.configuration.ni.dll system.deployment.ni.dll system.data.sqlxml.ni.dll ntdll.dll wow64.dll wow64cpu.dll kernel32.dll kernel32.dll user32.dll kernel32.dll advapi32.dll msvcrt.dll sechost.dll sspicli.dll cryptbase.dll msvcr120_clr0400.dll ole32.dll gdi32.dll user32.dll lpk.dll oleaut32.dll imm32.dll msctf.dll cryptsp.dll rsaenh.dll mscorwks.dll msvcr80.dll shell32.dll profapi.dll mscorlib.ni.dll mscorjit.dll mscorlib.dll version.dll system.deployment.dll system.deployment.dll system.dll system.windows.forms.dll system.drawing.dll system.drawing.dll system.drawing.dll system.xml.dll system.xml.dll system.xml.dll system.security.ni.dll system.security.dll system.security.dll system.configuration.dll system.configuration.dll,normal
 ntdll.dll kernel32.dll KernelBase.dll msvcrt.dll rpcrt4.dll atl.dll user32.dll oleaut32.dll mscoree.dll msctf.dll clbcatq.dll shell32.dll comctl32.dll ntmarta.dll Wldap32.dll setupapi.dll cfgmgr32.dll srvcli.dll slc.dll rsaenh.dll mscoreei.dll ntshrui.dll mscorwks.dll mscorwks.dll msvcr80.dll Microsoft.PowerShell.ConsoleHost.ni.dll psapi.dll System.Management.Automation.ni.dll System.Core.ni.dll Microsoft.PowerShell.Commands.Diagnostics.ni.dll System.Configuration.Install.ni.dll Microsoft.WSMan.Management.ni.dll System.Transactions.ni.dll Microsoft.PowerShell.Security.ni.dll Culture.dll System.DirectoryServices.ni.dll mscorjit.dll sspicli.dll System.Data.ni.dll ws2_32.dll nsi.dll crypt32.dll msasn1.dll System.Data.dll,normal
 kernel32.dll kernelbase.dll gdi32.dll user32.dll lpk.dll usp10.dll msvcrt.dll msctf.dll ntdll.dll wow64cpu.dll kernel32.dll kernel32.dll user32.dll kernel32.dll kernelbase.dll msvcrt.dll lpk.dll advapi32.dll rpcrt4.dll sspicli.dll cryptbase.dll imm32.dll msctf.dll,normal
 ntdll.dll ntdll.dll wow64win.dll wow64cpu.dll kernel32.dll kernel32.dll user32.dll kernel32.dll KernelBase.dll winbrand.dll user32.dll usp10.dll advapi32.dll sechost.dll cryptbase.dll,normal
 ntdll.dll kernel32.dll advapi32.dll sechost.dll rpcrt4.dll gdi32.dll lpk.dll usp10.dll msswch.dll GdiPlus.dll ole32.dll oleacc.dll wmsgapi.dll duser.dll uxtheme.dll msctf.dll dui70.dll cryptsp.dll RpcRtRemote.dll cfgmgr32.dll WindowsCodecs.dll,normal
 ntdll.dll wow64.dll wow64cpu.dll kernel32.dll kernel32.dll kernel32.dll msvcrt.dll sechost.dll rpcrt4.dll sspicli.dll cryptbase.dll ws2_32.dll nsi.dll winnsi.dll dhcpcsvc6.dll shell32.dll user32.dll ole32.dll imm32.dll msctf.dll clbcatq.dll oleaut32.dll rsaenh.dll RpcRtRemote.dll wevtapi.dll wow64win.dll kernel32.dll kernel32.dll kernel32.dll user32.dll KernelBase.dll oleaut32.dll ole32.dll msvcrt.dll gdi32.dll user32.dll sechost.dll cryptbase.dll lpk.dll usp10.dll msimg32.dll mpr.dll shell32.dll wsock32.dll nsi.dll netapi32.dll netutils.dll wkscli.dll msctf.dll setupapi.dll cfgmgr32.dll clbcatq.dll propsys.dll WindowsCodecs.dll EhStorShell.dll ntshrui.dll ntshrui.dll cscapi.dll imageres.dll imageres.dll imageres.dll imageres.dll imageres.dll imageres.dll imageres.dll imageres.dll winsta.dll ntdll.dll ntdll.dll wow64win.dll wow64cpu.dll kernel32.dll user32.dll kernel32.dll KernelBase.dll advapi32.dll sechost.dll rpcrt4.dll dnsapi.dll nsi.dll dhcpcsvc6.dll shell32.dll gdi32.dll user32.dll msctf.dll oleaut32.dll cryptsp.dll ntdll.dll wow64.dll wow64win.dll wow64cpu.dll kernel32.dll kernel32.dll kernel32.dll kernel32.dll KernelBase.dll msvcrt.dll sechost.dll rpcrt4.dll cryptbase.dll ws2_32.dll nsi.dll shell32.dll user32.dll lpk.dll ole32.dll imm32.dll msctf.dll clbcatq.dll cryptsp.dll rsaenh.dll wevtapi.dll ntdll.dll wow64cpu.dll kernel32.dll user32.dll kernel32.dll KernelBase.dll advapi32.dll msvcrt.dll dnsapi.dll ws2_32.dll nsi.dll winnsi.dll dhcpcsvc.dll dhcpcsvc6.dll shell32.dll imm32.dll clbcatq.dll oleaut32.dll cryptsp.dll ntdll.dll KernelBase.dll gdi32.dll user32.dll msvcrt.dll imm32.dll msctf.dll ole32.dll oleaut32.dll ntdll.dll KernelBase.dll user32.dll lpk.dll usp10.dll msvcrt.dll msctf.dll ole32.dll rpcrt4.dll oleaut32.dll clbcatq.dll advapi32.dll sechost.dll ntdll.dll ntdll.dll wow64win.dll wow64cpu.dll kernel32.dll kernel32.dll KernelBase.dll winbrand.dll user32.dll lpk.dll advapi32.dll sechost.dll rpcrt4.dll imm32.dll msctf.dll,normal
 wow64.dll wow64win.dll kernel32.dll kernel32.dll KernelBase.dll winbrand.dll user32.dll gdi32.dll lpk.dll sechost.dll rpcrt4.dll sspicli.dll cryptbase.dll imm32.dll apphelp.dll,normal
 KernelBase.dll rpcrt4.dll user32.dll gdi32.dll lpk.dll usp10.dll oleaut32.dll imm32.dll msctf.dll msshooks.dll cryptbase.dll clbcatq.dll cryptsp.dll rsaenh.dll RpcRtRemote.dll mscoreei.dll ntdll.dll,normal
 devrtl.dll,normal
 KernelBase.dll user32.dll lpk.dll usp10.dll msvcrt.dll imm32.dll ole32.dll ntdll.dll ntdll.dll wow64win.dll kernel32.dll user32.dll kernel32.dll KernelBase.dll msvcrt.dll gdi32.dll usp10.dll advapi32.dll rpcrt4.dll sspicli.dll cryptbase.dll msctf.dll apphelp.dll,normal
 ntdll.dll kernel32.dll gdi32.dll user32.dll usp10.dll rpcrt4.dll imm32.dll msctf.dll clbcatq.dll advapi32.dll oleaut32.dll cryptsp.dll rsaenh.dll RpcRtRemote.dll shacct.dll userenv.dll,normal
 wow64win.dll kernel32.dll kernel32.dll user32.dll kernel32.dll KernelBase.dll user32.dll gdi32.dll usp10.dll advapi32.dll rpcrt4.dll sspicli.dll cryptbase.dll imm32.dll apphelp.dll,normal
 ntdll.dll kernel32.dll kernelbase.dll msvcrt.dll winbrand.dll user32.dll gdi32.dll,normal
 ntdll.dll kernelbase.dll gdi32.dll msvcrt.dll imm32.dll combase.dll msctf.dll sspicli.dll sechost.dll cryptbase.dll clbcatq.dll,normal
 ntdll.dll KernelBase.dll advapi32.dll sechost.dll rpcrt4.dll gdi32.dll user32.dll lpk.dll usp10.dll msimg32.dll wtsapi32.dll winmm.dll winsta.dll msasn1.dll MsCtfMonitor.dll msctf.dll msutb.dll comctl32.dll shlwapi.dll shell32.dll cryptbase.dll cryptsp.dll rsaenh.dll bcrypt.dll gpapi.dll Wldap32.dll SensApi.dll version.dll clbcatq.dll oleaut32.dll api-ms-win-downlevel-ole32-l1-1-0.dll api-ms-win-downlevel-shlwapi-l1-1-0.dll api-ms-win-downlevel-user32-l1-1-0.dll api-ms-win-downlevel-version-l1-1-0.dll iertutil.dll wininet.dll ntdll.dll wow64cpu.dll kernel32.dll kernel32.dll user32.dll kernel32.dll gdi32.dll advapi32.dll sechost.dll rpcrt4.dll cryptbase.dll apphelp.dll,normal
 ntdll.dll kernelbase.dll msvcrt.dll gdi32.dll user32.dll usp10.dll msctf.dll shlwapi.dll msimg32.dll wtsapi32.dll winmm.dll userenv.dll winsta.dll cryptbase.dll uxtheme.dll msasn1.dll comctl32.dll secur32.dll dwmapi.dll cryptsp.dll rsaenh.dll oleaut32.dll wintrust.dll imagehlp.dll version.dll dui70.dll duser.dll imageres.dll propsys.dll urlmon.dll authui.dll cryptui.dll imecfm.dll xmllite.dll cfgmgr32.dll devobj.dll rdpendp.dll msacm32.dll slc.dll ksuser.dll,normal
 kernel32.dll kernelbase.dll msvcrt.dll sechost.dll gdi32.dll user32.dll lpk.dll msswch.dll winmm.dll dwmapi.dll gdiplus.dll ole32.dll oleaut32.dll shlwapi.dll wmsgapi.dll uxtheme.dll msctf.dll dui70.dll comctl32.dll xmllite.dll tabskb.dll rpcrtremote.dll mmdevapi.dll propsys.dll,normal
 kernel32.dll KernelBase.dll msvcrt.dll combase.dll kernel.appcore.dll cryptbase.dll clbcatq.dll gdi32.dll cryptsp.dll bcrypt.dll uxtheme.dll IDStore.dll userenv.dll profapi.dll,normal
 ntdll.dll kernel32.dll kernelbase.dll msvcrt.dll sechost.dll rpcrt4.dll shlwapi.dll user32.dll lpk.dll usp10.dll imm32.dll ole32.dll uxtheme.dll propsys.dll oleaut32.dll comctl32.dll clbcatq.dll urlmon.dll api-ms-win-downlevel-shlwapi-l1-1-0.dll api-ms-win-downlevel-advapi32-l1-1-0.dll api-ms-win-downlevel-version-l1-1-0.dll normaliz.dll iertutil.dll wininet.dll userenv.dll secur32.dll devobj.dll ntdll.dll kernelbase.dll sechost.dll rpcrt4.dll mscoree.dll gdi32.dll user32.dll lpk.dll usp10.dll oleaut32.dll imm32.dll cryptbase.dll rsaenh.dll clbcatq.dll sxs.dll mscoreei.dll mscorwks.dll msvcr80.dll shlwapi.dll shell32.dll profapi.dll mscorjit.dll version.dll mscorsec.dll crypt32.dll msasn1.dll comctl32.dll riched20.dll ncrypt.dll bcrypt.dll cryptnet.dll wldap32.dll sensapi.dll system.ni.dll system.windows.forms.ni.dll system.addin.ni.dll microsoft.office.tools.v9.0.dll microsoft.office.tools.v9.0.ni.dll sechost.dll rpcrt4.dll msvcr120_clr0400.dll ole32.dll gdi32.dll user32.dll lpk.dll usp10.dll imm32.dll msctf.dll rsaenh.dll rpcrtremote.dll mscoreei.dll msvcr80.dll profapi.dll mscorlib.ni.dll mscorlib.dll mscorlib.dll mscorlib.dll system.enterpriseservices.ni.dll system.enterpriseservices.dll system.transactions.ni.dll system.transactions.dll system.transactions.dll system.transactions.dll system.xml.ni.dll system.directoryservices.ni.dll system.runtime.remoting.ni.dll,normal
 ntdll.dll KernelBase.dll gdi32.dll imm32.dll oleaut32.dll msctf.dll rpcrt4.dll uxtheme.dll comctl32.dll sechost.dll kernel.appcore.dll clbcatq.dll advapi32.dll shell32.dll version.dll shlwapi.dll profapi.dll dui70.dll imecfm.dll wer.dll,normal
 ntdll.dll kernel32.dll conhostv2.dll bcryptprimitives.dll gdi32full.dll user32.dll win32u.dll imm32.dll msvcp_win.dll sechost.dll shcore.dll shell32.dll cfgmgr32.dll windows.storage.dll powrprof.dll shlwapi.dll profapi.dll clbcatq.dll,normal
 kernel32.dll kernelbase.dll version.dll msvcrt.dll shell32.dll gdi32.dll user32.dll usp10.dll sechost.dll userenv.dll imm32.dll msctf.dll ole32.dll oleaut32.dll psapi.dll wtsapi32.dll wintrust.dll crypt32.dll dwrite.dll dxgi.dll comctl32.dll secur32.dll sspicli.dll cryptbase.dll setupapi.dll cfgmgr32.dll d3d11.dll chrome_child.dll comdlg32.dll iertutil.dll dxva2.dll d3dcompiler_47.dll libglesv2.dll d3d9.dll vm3dum64_10.dll vm3dum64.dll,normal
 sechost.dll msvcr120_clr0400.dll ole32.dll gdi32.dll user32.dll lpk.dll usp10.dll imm32.dll cryptbase.dll cryptsp.dll rsaenh.dll RpcRtRemote.dll sxs.dll mscoreei.dll msvcr80.dll shell32.dll profapi.dll mscorlib.ni.dll mscorjit.dll mscorlib.dll version.dll mscorlib.dll mscorsec.dll crypt32.dll comctl32.dll riched20.dll imagehlp.dll ncrypt.dll bcrypt.dll gpapi.dll cryptnet.dll Wldap32.dll stdole.dll stdole.ni.dll,normal
 ntdll.dll user32.dll lpk.dll usp10.dll msvcrt.dll imm32.dll msctf.dll ole32.dll ntdll.dll ntdll.dll wow64.dll wow64win.dll wow64cpu.dll kernel32.dll user32.dll kernel32.dll KernelBase.dll cryptbase.dll ws2_32.dll nsi.dll winnsi.dll dhcpcsvc.dll gdi32.dll user32.dll lpk.dll ole32.dll msctf.dll clbcatq.dll oleaut32.dll cryptsp.dll rsaenh.dll wevtapi.dll ntdll.dll ntdll.dll wow64.dll wow64win.dll kernel32.dll kernel32.dll KernelBase.dll msvcrt.dll sechost.dll rpcrt4.dll sspicli.dll imm32.dll msctf.dll apphelp.dll,normal
 searchfolder.dll,normal
 ntdll.dll shlwapi.dll kernel32.dll oleaut32.dll lpk.dll imm32.dll ole32.dll ws2_32.dll nsi.dll user32.dll msvcrt.dll advapi32.dll gdi32.dll usp10.dll rpcrt4.dll cfgmgr32.dll kernelbase.dll msasn1.dll winsta.dll sspicli.dll cryptdll.dll bcrypt.dll netjoin.dll cryptsp.dll mswsock.dll wship6.dll rsaenh.dll bcryptprimitives.dll cryptsvc.dll credssp.dll gpapi.dll wkssvc.dll termsrv.dll winnsi.dll wtsapi32.dll webio.dll rasadhlp.dll propsys.dll dsrole.dll es.dll samcli.dll vsstrace.dll dnsrslvr.dll cryptnet.dll samlib.dll ntdsapi.dll ncsi.dll icaapi.dll lsmproxy.dll rdpwsx.dll sensapi.dll,normal
 ntdll.dll kernel32.dll kernelbase.dll rpcrt4.dll user32.dll sechost.dll mscoreei.dll version.dll mscorsvc.dll ole32.dll fusion.dll bcryptprimitives.dll clbcatq.dll taskschd.dll xmllite.dll,normal
 ntdll.dll kernel32.dll KernelBase.dll advapi32.dll msvcrt.dll rpcrt4.dll gdi32.dll user32.dll imm32.dll msctf.dll wdscore.dll shlwapi.dll dbghelp.dll cryptbase.dll CbsCore.dll crypt32.dll msasn1.dll wintrust.dll userenv.dll profapi.dll ktmw32.dll dpx.dll dpx.dll wcp.dll DrUpdate.dll cfgmgr32.dll devobj.dll sqmapi.dll webio.dll cryptsp.dll RpcRtRemote.dll clbcatq.dll smipi.dll smiengine.dll ntdll.dll wow64.dll wow64cpu.dll kernel32.dll kernel32.dll user32.dll KernelBase.dll msvcrt.dll gdi32.dll advapi32.dll imm32.dll msctf.dll apphelp.dll,normal
 kernel32.dll kernelbase.dll msvcrt.dll ole32.dll gdi32.dll usp10.dll rpcrt4.dll imm32.dll msctf.dll clbcatq.dll advapi32.dll sechost.dll cryptsp.dll rsaenh.dll shell32.dll shlwapi.dll propsys.dll,normal
 LocationFrameworkPS.dll usoapi.dll wups.dll NetSetupEngine.dll ImplatSetup.dll NetSetupEngine.dll ImplatSetup.dll,normal
 ntdll.dll wow64cpu.dll kernel32.dll kernel32.dll kernel32.dll msvcrt.dll winbrand.dll user32.dll gdi32.dll lpk.dll usp10.dll sechost.dll rpcrt4.dll cryptbase.dll imm32.dll,normal
 ntdll.dll wow64win.dll wow64cpu.dll kernel32.dll msvcrt.dll sechost.dll rpcrt4.dll sspicli.dll cryptbase.dll ws2_32.dll dhcpcsvc6.dll shlwapi.dll gdi32.dll user32.dll lpk.dll usp10.dll imm32.dll msctf.dll oleaut32.dll cryptsp.dll wevtapi.dll ntdll.dll wow64.dll wow64win.dll kernel32.dll kernel32.dll user32.dll msvcrt.dll oleaut32.dll ole32.dll gdi32.dll user32.dll advapi32.dll rpcrt4.dll cryptbase.dll lpk.dll usp10.dll version.dll imm32.dll msctf.dll wintrust.dll msasn1.dll cryptsp.dll rsaenh.dll comctl32.dll shell32.dll shlwapi.dll scrobj.dll scrrun.dll ntdll.dll wow64.dll wow64cpu.dll kernel32.dll kernel32.dll kernel32.dll user32.dll kernel32.dll kernelbase.dll advapi32.dll sspicli.dll cryptbase.dll dnsapi.dll nsi.dll winnsi.dll dhcpcsvc6.dll shlwapi.dll lpk.dll usp10.dll ole32.dll imm32.dll clbcatq.dll oleaut32.dll wevtapi.dll ntdll.dll wow64.dll wow64win.dll kernel32.dll kernel32.dll kernel32.dll kernel32.dll kernelbase.dll advapi32.dll msvcrt.dll rpcrt4.dll sspicli.dll ws2_32.dll dhcpcsvc.dll dhcpcsvc6.dll gdi32.dll user32.dll lpk.dll usp10.dll ole32.dll imm32.dll msctf.dll cryptsp.dll rsaenh.dll rpcrtremote.dll wevtapi.dll ntdll.dll wow64.dll wow64cpu.dll kernel32.dll kernel32.dll kernel32.dll advapi32.dll msvcrt.dll rpcrt4.dll sspicli.dll dhcpcsvc.dll dhcpcsvc6.dll shell32.dll user32.dll ole32.dll imm32.dll msctf.dll cryptsp.dll rpcrtremote.dll wevtapi.dll ntdll.dll kernel32.dll gdi32.dll lpk.dll msvcrt.dll msctf.dll rpcrt4.dll ntdll.dll wow64.dll kernel32.dll kernel32.dll kernel32.dll kernel32.dll kernelbase.dll advapi32.dll msvcrt.dll sechost.dll dnsapi.dll ws2_32.dll nsi.dll winnsi.dll dhcpcsvc.dll shell32.dll shlwapi.dll ole32.dll clbcatq.dll cryptsp.dll rsaenh.dll wevtapi.dll ntdll.dll wow64win.dll wow64cpu.dll kernel32.dll user32.dll kernelbase.dll msvcrt.dll usp10.dll advapi32.dll sechost.dll rpcrt4.dll sspicli.dll cryptbase.dll imm32.dll apphelp.dll,normal
 ntdll.dll kernelbase.dll msvcrt.dll ole32.dll gdi32.dll user32.dll usp10.dll rpcrt4.dll imm32.dll cryptbase.dll clbcatq.dll advapi32.dll sechost.dll cryptsp.dll rsaenh.dll rpcrtremote.dll uxtheme.dll thumbcache.dll psapi.dll ntdll.dll wow64cpu.dll kernel32.dll kernel32.dll kernel32.dll user32.dll advapi32.dll rpcrt4.dll sspicli.dll msvcr120_clr0400.dll mscoree.dll ole32.dll user32.dll lpk.dll oleaut32.dll imm32.dll msctf.dll clbcatq.dll clr.dll shlwapi.dll system.ni.dll system.directoryservices.protocols.ni.dll system.directoryservices.protocols.dll system.directoryservices.protocols.dll mscorlib.dll system.dll system.xml.ni.dll system.xml.dll system.directoryservices.ni.dll system.directoryservices.dll system.core.dll ntdll.dll ntdll.dll wow64win.dll kernel32.dll kernel32.dll kernel32.dll kernelbase.dll sechost.dll rpcrt4.dll cryptbase.dll mscoree.dll ole32.dll gdi32.dll user32.dll usp10.dll oleaut32.dll msctf.dll cryptsp.dll rpcrtremote.dll sxs.dll mscoreei.dll clr.dll clrjit.dll system.ni.dll system.core.ni.dll version.dll mscorlib.dll system.dll system.dll system.core.dll system.drawing.dll system.web.entity.ni.dll system.web.entity.dll system.web.entity.dll system.web.dll system.web.dll system.data.entity.dll system.windows.forms.ni.dll system.windows.forms.dll system.data.dll system.configuration.dll system.configuration.dll system.xml.ni.dll system.xml.dll system.numerics.dll system.security.ni.dll ntdll.dll wow64.dll wow64win.dll wow64cpu.dll kernel32.dll kernel32.dll user32.dll kernelbase.dll advapi32.dll rpcrt4.dll mscoree.dll ole32.dll user32.dll oleaut32.dll cryptsp.dll rsaenh.dll clbcatq.dll mscoreei.dll clr.dll shlwapi.dll clrjit.dll system.ni.dll version.dll mscorlib.dll mscorlib.dll system.xaml.dll system.xaml.dll system.core.ni.dll windowsbase.ni.dll presentationcore.ni.dll presentationframework.ni.dll presentationframework.dll presentationframework.dll system.core.dll system.core.dll presentationcore.dll system.drawing.ni.dll system.windows.forms.ni.dll system.windows.forms.dll system.drawing.dll uiautomationprovider.ni.dll uiautomationprovider.dll uiautomationprovider.dll system.configuration.ni.dll system.configuration.dll system.configuration.dll system.xml.ni.dll,normal
 msvcrt.dll ole32.dll gdi32.dll usp10.dll imm32.dll msctf.dll cryptbase.dll clbcatq.dll sechost.dll oleaut32.dll rsaenh.dll RpcRtRemote.dll uxtheme.dll shlwapi.dll thumbcache.dll propsys.dll psapi.dll,normal
 ntdll.dll ntdll.dll wow64.dll wow64win.dll wow64cpu.dll kernel32.dll msimg32.dll netutils.dll KernelBase.dll gdi32.dll advapi32.dll sechost.dll rpcrt4.dll cryptbase.dll usp10.dll version.dll comctl32.dll ws2_32.dll netapi32.dll srvcli.dll wkscli.dll imm32.dll kernel32.dll,normal
 wow64.dll wow64win.dll wow64cpu.dll kernel32.dll kernel32.dll kernel32.dll kernel32.dll user32.dll msvcrt.dll ole32.dll advapi32.dll sechost.dll sspicli.dll cryptbase.dll usp10.dll msctf.dll clbcatq.dll cryptsp.dll rsaenh.dll shell32.dll comctl32.dll,normal
 kernel32.dll kernelbase.dll advapi32.dll msvcrt.dll sechost.dll shlwapi.dll user32.dll lpk.dll msctf.dll ole32.dll cryptbase.dll uxtheme.dll propsys.dll comctl32.dll ntmarta.dll urlmon.dll api-ms-win-downlevel-shlwapi-l1-1-0.dll api-ms-win-downlevel-advapi32-l1-1-0.dll api-ms-win-downlevel-user32-l1-1-0.dll api-ms-win-downlevel-normaliz-l1-1-0.dll wininet.dll userenv.dll setupapi.dll cfgmgr32.dll devobj.dll urlmon.dll api-ms-win-downlevel-ole32-l1-1-0.dll api-ms-win-downlevel-user32-l1-1-0.dll api-ms-win-downlevel-normaliz-l1-1-0.dll normaliz.dll wininet.dll userenv.dll,normal
 ntdll.dll imm32.dll kernel32.dll lpk.dll msvcrt.dll user32.dll usp10.dll KernelBase.dll profapi.dll RpcRtRemote.dll winsta.dll cryptbase.dll apphelp.dll secur32.dll srvcli.dll ws2_32.dll cryptsp.dll mswsock.dll credssp.dll ubpm.dll wtsapi32.dll msv1_0.dll cryptdll.dll,normal
 ntdll.dll kernelbase.dll gdi32.dll lpk.dll usp10.dll msvcrt.dll imm32.dll msctf.dll ole32.dll cryptbase.dll ntdll.dll ntdll.dll wow64cpu.dll kernel32.dll kernel32.dll kernelbase.dll msvcrt.dll gdi32.dll usp10.dll advapi32.dll sechost.dll rpcrt4.dll sspicli.dll cryptbase.dll msctf.dll apphelp.dll,normal
 ntdll.dll wow64.dll wow64win.dll wow64cpu.dll user32.dll kernel32.dll advapi32.dll msvcrt.dll sspicli.dll cryptbase.dll mscoree.dll ole32.dll gdi32.dll user32.dll usp10.dll oleaut32.dll imm32.dll RpcRtRemote.dll clbcatq.dll sxs.dll mscoreei.dll shlwapi.dll mscorlib.ni.dll clrjit.dll version.dll mscorlib.dll Microsoft.Powershell.GPowerShell.dll System.Core.ni.dll WindowsBase.ni.dll PresentationFramework.dll WindowsBase.dll System.dll System.Xaml.ni.dll System.Management.Automation.dll System.Management.Automation.dll System.Xml.dll System.Drawing.ni.dll System.Drawing.dll System.Drawing.dll System.Configuration.ni.dll System.Configuration.dll System.Configuration.dll Microsoft.Powershell.GraphicalHost.dll System.ComponentModel.Composition.ni.dll System.ComponentModel.Composition.dll System.ComponentModel.Composition.dll System.Windows.Forms.dll UIAutomationTypes.ni.dll UIAutomationTypes.dll Microsoft.Powershell.ISECommon.dll System.Runtime.Serialization.ni.dll System.Runtime.Serialization.dll System.Runtime.Serialization.dll System.Numerics.ni.dll System.Numerics.dll System.Numerics.dll System.Security.dll,normal
 ntdll.dll kernel32.dll KernelBase.dll msvcrt.dll gdi32.dll user32.dll imm32.dll msctf.dll cryptbase.dll clbcatq.dll advapi32.dll sechost.dll oleaut32.dll RpcRtRemote.dll uxtheme.dll shlwapi.dll comctl32.dll,normal
 ntdll.dll kernelbase.dll rpcrt4.dll vcruntime140.dll api-ms-win-crt-runtime-l1-1-0.dll ucrtbase.dll api-ms-win-core-file-l2-1-0.dll api-ms-win-core-synch-l1-2-0.dll api-ms-win-crt-heap-l1-1-0.dll api-ms-win-crt-math-l1-1-0.dll api-ms-win-crt-locale-l1-1-0.dll mswsock.dll user32.dll gdi32.dll usp10.dll imm32.dll msctf.dll nlaapi.dll napinsp.dll sechost.dll,HTran
 ntdll.dll kernel32.dll kernelbase.dll chrome_elf.dll version.dll msvcrt.dll shell32.dll lpk.dll usp10.dll advapi32.dll rpcrt4.dll userenv.dll msctf.dll winnsi.dll ole32.dll oleaut32.dll uiautomationcore.dll psapi.dll wintrust.dll dwrite.dll dxgi.dll comctl32.dll secur32.dll cryptbase.dll ws2_32.dll nsi.dll dbghelp.dll urlmon.dll wininet.dll,normal
 ntdll.dll kernel32.dll kernelbase.dll kernelbase.dll ws2_32.dll sechost.dll sechost.dll rpcrt4.dll nsi.dll nsi.dll ucrtbase.dll ucrtbase.dll mswsock.dll napinsp.dll msvcrt.dll pnrpnsp.dll pnrpnsp.dll nlaapi.dll nlaapi.dll imm32.dll dnsapi.dll winrnr.dll wshbth.dll fwpuclnt.dll rasadhlp.dll rasadhlp.dll,HTran
 ntdll.dll kernel32.dll kernelbase.dll kernelbase.dll ws2_32.dll sechost.dll rpcrt4.dll rpcrt4.dll nsi.dll nsi.dll ucrtbase.dll ucrtbase.dll mswsock.dll,HTran
 ntdll.dll kernel32.dll kernelbase.dll combase.dll bcryptprimitives.dll gdi32.dll sechost.dll cryptsp.dll rsaenh.dll bcrypt.dll idstore.dll profapi.dll,normal
 ntdll.dll wow64win.dll wow64cpu.dll kernel32.dll kernel32.dll kernel32.dll kernelbase.dll advapi32.dll msvcrt.dll rpcrt4.dll cryptbase.dll msvcr120_clr0400.dll mscoree.dll ole32.dll gdi32.dll user32.dll lpk.dll usp10.dll oleaut32.dll imm32.dll cryptsp.dll rsaenh.dll rpcrtremote.dll sxs.dll clrjit.dll system.core.ni.dll mscorlib.dll system.core.dll system.dll system.dll microsoft.visualbasic.activities.compiler.dll microsoft.visualbasic.ni.dll system.numerics.dll system.numerics.dll system.security.ni.dll system.configuration.ni.dll system.configuration.dll system.configuration.dll,normal
 ntdll.dll advapi32.dll sechost.dll rpcrt4.dll ole32.dll lpk.dll usp10.dll imm32.dll oleaut32.dll shlwapi.dll dbghelp.dll cryptbase.dll crypt32.dll msasn1.dll wintrust.dll userenv.dll ktmw32.dll dpx.dll dpx.dll wcp.dll setupapi.dll cfgmgr32.dll mpr.dll wrpint.dll sxsstore.dll sqmapi.dll winhttp.dll winhttp.dll webio.dll cryptsp.dll rsaenh.dll cbsapi.dll,normal
 mscorjit.dll mshtml.dll msftedit.dll mssvp.dll mapi32.dll wpdshext.dll mssvp.dll,normal
 kernel32.dll advapi32.dll msvcrt.dll sechost.dll rpcrt4.dll user32.dll gdi32.dll lpk.dll usp10.dll oleaut32.dll tquery.dll imm32.dll msctf.dll mscoree.dll cryptsp.dll rsaenh.dll mssprxy.dll ntdll.dll kernel32.dll advapi32.dll sechost.dll lpk.dll usp10.dll comctl32.dll shlwapi.dll imm32.dll msctf.dll ole32.dll oleaut32.dll shell32.dll winbrand.dll slc.dll sppc.dll cryptsp.dll RpcRtRemote.dll sppcext.dll crypt32.dll msasn1.dll WinSCard.dll webio.dll rasapi32.dll rasman.dll ws2_32.dll setupapi.dll cfgmgr32.dll devobj.dll msi.dll wtsapi32.dll sxs.dll ntdll.dll wow64win.dll kernel32.dll kernel32.dll kernel32.dll kernel32.dll msvcrt.dll sechost.dll rpcrt4.dll sspicli.dll cryptbase.dll msvcr120_clr0400.dll ole32.dll gdi32.dll usp10.dll imm32.dll cryptsp.dll rsaenh.dll clbcatq.dll mscoreei.dll msvcr80.dll mscorlib.ni.dll mscorjit.dll mscorlib.dll mscorlib.dll mscorlib.dll System.AddIn.Contract.ni.dll System.AddIn.Contract.dll System.AddIn.Contract.dll wow64.dll wow64win.dll kernel32.dll kernel32.dll kernel32.dll msvcrt.dll rpcrt4.dll cryptbase.dll msvcr120_clr0400.dll gdi32.dll user32.dll lpk.dll usp10.dll msctf.dll cryptsp.dll rsaenh.dll clbcatq.dll sxs.dll mscoreei.dll mscorwks.dll shell32.dll profapi.dll mscorlib.ni.dll mscorlib.dll version.dll mscorlib.dll System.ni.dll System.ComponentModel.DataAnnotations.ni.dll System.Web.ni.dll System.Web.Extensions.ni.dll System.Web.Routing.ni.dll System.dll System.Web.DynamicData.dll System.Web.DynamicData.dll System.Web.DynamicData.dll System.dll System.Web.dll System.Web.dll System.Web.dll System.Web.Routing.dll System.Web.Routing.dll System.Web.Abstractions.dll System.Web.Abstractions.dll System.Web.Abstractions.dll System.Core.dll System.Core.dll System.Web.Extensions.dll System.Web.Extensions.dll System.Web.Extensions.dll System.ComponentModel.DataAnnotations.dll System.ComponentModel.DataAnnotations.dll System.ComponentModel.DataAnnotations.dll System.Data.Linq.dll System.Data.Entity.dll System.Data.Entity.dll System.Data.ni.dll System.Data.dll System.Data.dll ws2_32.dll msasn1.dll System.Drawing.dll System.Drawing.dll System.Xml.Linq.dll System.Xml.Linq.dll System.Xml.ni.dll System.XML.dll System.XML.dll System.Configuration.ni.dll System.configuration.dll System.configuration.dll System.configuration.dll System.Security.dll System.Security.dll System.Data.SqlXml.ni.dll System.Data.SqlXml.dll System.Data.SqlXml.dll System.Data.SqlXml.dll System.Web.Services.ni.dll System.Web.Services.dll System.Web.Services.dll System.Web.Services.dll System.DirectoryServices.dll System.DirectoryServices.dll System.DirectoryServices.dll System.DirectoryServices.Protocols.dll System.DirectoryServices.Protocols.dll System.EnterpriseServices.dll System.Design.dll System.Design.dll System.ServiceProcess.dll System.Windows.Forms.ni.dll System.Windows.Forms.dll System.Windows.Forms.dll System.Windows.Forms.dll System.Windows.Forms.dll System.Web.RegularExpressions.ni.dll System.Web.RegularExpressions.dll System.Web.RegularExpressions.dll Microsoft.VisualC.ni.dll System.Transactions.ni.dll System.Transactions.dll System.Transactions.dll System.Transactions.dll System.Transactions.dll System.Runtime.Remoting.ni.dll System.Runtime.Remoting.dll System.Runtime.Serialization.Formatters.Soap.ni.dll System.Runtime.Serialization.Formatters.Soap.dll System.Data.OracleClient.ni.dll System.Data.OracleClient.dll System.Data.OracleClient.dll System.Data.OracleClient.dll Accessibility.dll Accessibility.dll Accessibility.dll System.Deployment.ni.dll System.Deployment.dll System.Deployment.dll System.Configuration.Install.ni.dll System.ServiceModel.ni.dll System.ServiceModel.dll System.ServiceModel.dll System.Runtime.Serialization.ni.dll System.Runtime.Serialization.dll System.Runtime.Serialization.dll System.Runtime.Serialization.dll System.ServiceModel.Web.dll System.ServiceModel.Web.dll System.Data.Services.Client.dll System.Data.Services.Client.dll SMDiagnostics.ni.dll SMdiagnostics.dll SMdiagnostics.dll System.IdentityModel.ni.dll System.IdentityModel.dll System.IdentityModel.dll System.IdentityModel.dll System.IdentityModel.dll System.Messaging.ni.dll System.Messaging.dll System.Messaging.dll System.IdentityModel.Selectors.dll Microsoft.Transactions.Bridge.ni.dll Microsoft.Transactions.Bridge.dll Microsoft.Transactions.Bridge.dll WindowsBase.dll WindowsBase.dll WindowsBase.dll ntdll.dll ntdll.dll wow64cpu.dll kernel32.dll kernel32.dll kernel32.dll user32.dll KernelBase.dll rpcrt4.dll sspicli.dll cryptbase.dll msvcr120_clr0400.dll mscoree.dll ole32.dll gdi32.dll user32.dll lpk.dll usp10.dll cryptsp.dll rsaenh.dll RpcRtRemote.dll mscoreei.dll clr.dll System.Web.Entity.ni.dll System.Web.Entity.dll System.Web.Entity.dll mscorlib.dll System.dll System.Core.dll System.Drawing.ni.dll System.Drawing.dll System.Drawing.dll System.Web.Extensions.dll System.Web.Extensions.dll System.Data.Entity.ni.dll System.Data.Entity.dll System.Data.Entity.dll System.Data.dll System.Data.dll System.Configuration.ni.dll System.Configuration.dll System.Xml.dll System.Numerics.ni.dll System.Numerics.dll System.Security.dll,normal
 ntdll.dll wow64win.dll wow64cpu.dll kernel32.dll kernel32.dll KernelBase.dll advapi32.dll msvcrt.dll rpcrt4.dll cryptbase.dll msvcr120_clr0400.dll gdi32.dll user32.dll lpk.dll usp10.dll msctf.dll RpcRtRemote.dll sxs.dll mscoreei.dll msvcr80.dll shlwapi.dll shell32.dll profapi.dll mscorjit.dll version.dll mscorlib.dll mscorlib.dll System.Drawing.dll System.Drawing.dll System.dll System.dll System.dll System.dll System.configuration.dll System.configuration.dll System.configuration.dll System.XML.dll System.XML.dll System.XML.dll,normal
 ntdll.dll kernel32.dll KernelBase.dll gdi32.dll msvcrt.dll imm32.dll msctf.dll rpcrt4.dll oleaut32.dll cryptbase.dll clbcatq.dll ntdll.dll wow64win.dll wow64cpu.dll kernel32.dll kernel32.dll user32.dll oleaut32.dll msvcrt.dll gdi32.dll user32.dll advapi32.dll sechost.dll rpcrt4.dll sspicli.dll cryptbase.dll usp10.dll msimg32.dll mpr.dll shlwapi.dll wsock32.dll nsi.dll srvcli.dll uxtheme.dll propsys.dll profapi.dll apphelp.dll cfgmgr32.dll ntshrui.dll ntshrui.dll ntshrui.dll ntshrui.dll cscapi.dll EhStorShell.dll EhStorShell.dll EhStorShell.dll imageres.dll imageres.dll imageres.dll imageres.dll imageres.dll imageres.dll imageres.dll wtsapi32.dll winsta.dll ntdll.dll ntdll.dll wow64.dll kernel32.dll user32.dll KernelBase.dll winbrand.dll gdi32.dll usp10.dll advapi32.dll sechost.dll rpcrt4.dll msctf.dll apphelp.dll,normal
 ntdll.dll wow64cpu.dll kernel32.dll kernel32.dll user32.dll kernel32.dll kernelbase.dll msvcrt.dll user32.dll gdi32.dll lpk.dll usp10.dll rpcrt4.dll imm32.dll apphelp.dll,normal
 ntdll.dll wow64.dll wow64win.dll wow64cpu.dll kernel32.dll user32.dll kernelbase.dll msvcrt.dll winbrand.dll user32.dll usp10.dll sechost.dll rpcrt4.dll sspicli.dll imm32.dll,normal
 ntdll.dll wow64.dll wow64cpu.dll kernel32.dll kernel32.dll user32.dll KernelBase.dll sechost.dll rpcrt4.dll sspicli.dll ws2_32.dll nsi.dll dhcpcsvc.dll dhcpcsvc6.dll shell32.dll gdi32.dll user32.dll ole32.dll imm32.dll msctf.dll oleaut32.dll cryptsp.dll rsaenh.dll,normal
 ntdll.dll kernel32.dll kernelbase.dll lpk.dll uxtheme.dll sechost.dll rpcrt4.dll wldap32.dll atl.dll cfgmgr32.dll devobj.dll cryptsp.dll rsaenh.dll msctf.dll shell32.dll userenv.dll profapi.dll comctl32.dll propsys.dll ntmarta.dll ws2_32.dll nsi.dll shdocvw.dll rpcrtremote.dll system.configuration.ni.dll srvcli.dll cscapi.dll mswsock.dll wship6.dll webio.dll winnsi.dll version.dll mscorwks.dll mscorwks.dll msvcr80.dll system.ni.dll microsoft.powershell.consolehost.ni.dll system.core.ni.dll system.configuration.install.ni.dll microsoft.powershell.commands.management.ni.dll microsoft.powershell.security.dll microsoft.powershell.security.ni.dll culture.dll system.xml.ni.dll shfolder.dll sspicli.dll system.data.ni.dll system.data.dll rasapi32.dll rasman.dll dhcpcsvc6.dll dhcpcsvc.dll dnsapi.dll rasadhlp.dll system.security.dll system.security.ni.dll wmiutils.dll wbemprox.dll wminet_utils.dll wminet_utils.dll nlaapi.dll napinsp.dll wshbth.dll fastprox.dll ntdsapi.dll,empire
 kernel32.dll KernelBase.dll user32.dll lpk.dll msvcrt.dll imm32.dll msctf.dll ole32.dll rpcrt4.dll ntdll.dll user32.dll lpk.dll ole32.dll rpcrt4.dll cryptbase.dll ntdll.dll kernel32.dll usp10.dll ole32.dll oleaut32.dll ntdll.dll ntdll.dll wow64.dll wow64win.dll kernel32.dll kernel32.dll user32.dll kernel32.dll sechost.dll rpcrt4.dll cryptbase.dll dnsapi.dll ws2_32.dll nsi.dll dhcpcsvc6.dll shell32.dll shlwapi.dll gdi32.dll user32.dll usp10.dll imm32.dll clbcatq.dll cryptsp.dll RpcRtRemote.dll wevtapi.dll ntdll.dll user32.dll lpk.dll usp10.dll imm32.dll msctf.dll ole32.dll oleaut32.dll cryptbase.dll clbcatq.dll sechost.dll ntdll.dll kernel32.dll KernelBase.dll gdi32.dll lpk.dll usp10.dll msvcrt.dll imm32.dll msctf.dll rpcrt4.dll oleaut32.dll clbcatq.dll advapi32.dll,normal
 ntdll.dll ntdll.dll kernel32.dll kernel32.dll kernel32.dll KernelBase.dll advapi32.dll rpcrt4.dll sspicli.dll cryptbase.dll ws2_32.dll nsi.dll winnsi.dll dhcpcsvc.dll dhcpcsvc6.dll shell32.dll lpk.dll usp10.dll imm32.dll msctf.dll clbcatq.dll rsaenh.dll RpcRtRemote.dll,normal
 msftedit.dll mfperfhelper.dll wpdshext.dll,normal
 KernelBase.dll advapi32.dll msvcrt.dll sechost.dll rpcrt4.dll shell32.dll user32.dll lpk.dll usp10.dll imm32.dll ole32.dll cryptbase.dll uxtheme.dll propsys.dll comctl32.dll ntmarta.dll Wldap32.dll api-ms-win-downlevel-advapi32-l1-1-0.dll api-ms-win-downlevel-user32-l1-1-0.dll api-ms-win-downlevel-version-l1-1-0.dll userenv.dll secur32.dll mpr.dll cfgmgr32.dll devobj.dll api-ms-win-downlevel-user32-l1-1-0.dll version.dll api-ms-win-downlevel-normaliz-l1-1-0.dllnormaliz.dll iertutil.dll wininet.dll userenv.dll,normal
 ntdll.dll kernel32.dll gdi32.dll usp10.dll msvcrt.dll api-ms-win-downlevel-advapi32-l1-1-0.dll advapi32.dll sechost.dll shlwapi.dll iertutil.dll api-ms-win-downlevel-version-l1-1-0.dll normaliz.dll imm32.dll api-ms-win-downlevel-shell32-l1-1-0.dll cryptbase.dll ole32.dll oleaut32.dll comctl32.dll wininet.dll profapi.dll ieshims.dll winhttp.dll comdlg32.dll ws2_32.dll nsi.dll webio.dll wship6.dll cryptsp.dll rpcrtremote.dll netprofm.dll nlaapi.dll rasadhlp.dll ieproxy.dll netapi32.dll netutils.dll srvcli.dll crypt32.dll msasn1.dll msswch.dll winmm.dll windowscodecs.dll msimg32.dll dhcpcsvc6.dll propsys.dll cfgmgr32.dll wldap32.dll ntmarta.dll wshqos.dll wshqos.dll credssp.dll schannel.dll ncrypt.dll bcrypt.dll bcryptprimitives.dll wintrust.dll gpapi.dll cryptnet.dll sensapi.dll mssprxy.dll vcruntime140.dll api-ms-win-crt-runtime-l1-1-0.dll ucrtbase.dll api-ms-win-core-synch-l1-2-0.dll api-ms-win-core-file-l1-2-0.dll api-ms-win-crt-stdio-l1-1-0.dll api-ms-win-crt-convert-l1-1-0.dll xmllite.dll msswch.dll winmm.dll msswch.dll winmm.dll tquery.dll linkinfo.dll samlib.dll ntshrui.dll cscapi.dll wpc.dll msxml3.dll msxml3.dll msxml3.dll msxml3.dll msxml3.dll winmm.dll msswch.dll winmm.dll actxprxy.dll winshfhc.dll webio.dll mpclient.dll,normal
 windows.staterepositoryps.dll windows.staterepositoryps.dll,normal
 ntdll.dll kernel32.dll kernelbase.dll gdi32.dll lpk.dll msvcrt.dll oleaut32.dll cryptbase.dll ntdll.dll ntdll.dll wow64.dll wow64win.dll wow64cpu.dll kernel32.dll kernel32.dll kernel32.dll kernel32.dll msvcrt.dll user32.dll usp10.dll advapi32.dll sechost.dll rpcrt4.dll cryptbase.dll msctf.dll apphelp.dll,normal
 ntdll.dll kernelbase.dll msvcrt.dll conhostv2.dll combase.dll rpcrt4.dll gdi32full.dll user32.dll win32u.dll oleaut32.dll msvcp_win.dll sechost.dll shell32.dll cfgmgr32.dll powrprof.dll shlwapi.dll profapi.dll msctf.dll,normal
 ntdll.dll kernelbase.dll vcruntime140.dll api-ms-win-crt-runtime-l1-1-0.dll api-ms-win-crt-string-l1-1-0.dll api-ms-win-crt-convert-l1-1-0.dll api-ms-win-crt-locale-l1-1-0.dll api-ms-win-crt-heap-l1-1-0.dll ucrtbase.dll mswsock.dll,HTran
 ntdll.dll ntdll.dll kernelbase.dll rpcrt4.dll ucrtbase.dll bcryptprimitives.dll bcryptprimitives.dll kernel.appcore.dll msvcrt.dll msvcrt.dll user32.dll gdi32.dll gdi32full.dll msvcp_win.dll msvcp_win.dll webservices.dll webservices.dll msasn1.dll advapi32.dll advapi32.dll oleaut32.dll clipsvc.dll winbrand.dll winbrand.dll,normal
 kernel32.dll kernelbase.dll user32.dll lpk.dll usp10.dll msvcrt.dll imm32.dll ole32.dll rpcrt4.dll oleaut32.dll clbcatq.dll advapi32.dll sechost.dll kernel32.dll sechost.dll rpcrt4.dll gdi32.dll ole32.dll wmsgapi.dll winmm.dll userenv.dll crypt32.dll msasn1.dll msctfmonitor.dll imm32.dll msutb.dll comctl32.dll shlwapi.dll secur32.dll sspicli.dll uxtheme.dll wintrust.dll imagehlp.dll bcrypt.dll bcryptprimitives.dll ncrypt.dll cryptnet.dll wldap32.dll version.dll oleaut32.dll urlmon.dll api-ms-win-downlevel-ole32-l1-1-0.dll api-ms-win-downlevel-shlwapi-l1-1-0.dll api-ms-win-downlevel-version-l1-1-0.dll,normal
 ntdll.dll kernel32.dll user32.dll lpk.dll usp10.dll imm32.dll msctf.dll ole32.dll oleaut32.dll cryptbase.dll advapi32.dll,normal
 ntdll.dll wow64win.dll kernel32.dll kernel32.dll kernel32.dll kernelbase.dll advapi32.dll msvcrt.dll sechost.dll rpcrt4.dll sspicli.dll msvcr120_clr0400.dll ole32.dll user32.dll usp10.dll oleaut32.dll rsaenh.dll clbcatq.dll sxs.dll clrjit.dll microsoft.management.infrastructure.native.dll mscorlib.dll mscorlib.dll microsoft.visualc.ni.dll system.dll system.dll system.core.ni.dll system.configuration.ni.dll system.configuration.dll system.configuration.dll system.core.dll system.xml.ni.dll system.xml.dll,normal
 ntdll.dll kernelbase.dll sechost.dll rpcrt4.dll vcruntime140.dll mswsock.dll,HTran
 sensapi.dll sensapi.dll sensapi.dll mshtml.dll iertutil.dll normaliz.dll urlmon.dll wininet.dll userenv.dll sensapi.dll sensapi.dll fastprox.dll sensapi.dll secur32.dll api-ms-win-downlevel-advapi32-l2-1-0.dll sensapi.dll sensapi.dll sensapi.dll sensapi.dll sensapi.dll sensapi.dll sensapi.dll sensapi.dll sensapi.dll sensapi.dll sensapi.dll sensapi.dll sensapi.dll sensapi.dll sensapi.dll sensapi.dll networkexplorer.dll drprov.dll ntlanman.dll davhlpr.dll sensapi.dll sensapi.dll sensapi.dll sensapi.dll sensapi.dll sensapi.dll sensapi.dll sensapi.dll sensapi.dll sensapi.dll sensapi.dll sensapi.dll sensapi.dll sensapi.dll sensapi.dll sensapi.dll sensapi.dll sensapi.dll sensapi.dll sensapi.dll sensapi.dll sensapi.dll sensapi.dll sensapi.dll sensapi.dll sensapi.dll sensapi.dll sensapi.dll sensapi.dll sensapi.dll sensapi.dll sensapi.dll sensapi.dll sensapi.dll sensapi.dll sensapi.dll sensapi.dll sensapi.dll sensapi.dll sensapi.dll sensapi.dll sensapi.dll sensapi.dll sensapi.dll sensapi.dll sensapi.dll sensapi.dll sensapi.dll sensapi.dll sensapi.dll sensapi.dll sensapi.dll sensapi.dll sensapi.dll sensapi.dll sensapi.dll sensapi.dll sensapi.dll sensapi.dll sensapi.dll sensapi.dll sensapi.dll sensapi.dll sensapi.dll sensapi.dll sensapi.dll sensapi.dll sensapi.dll sensapi.dll sensapi.dll sensapi.dll sensapi.dll sensapi.dll sensapi.dll sensapi.dll sensapi.dll sensapi.dll sensapi.dll sensapi.dll sensapi.dll sensapi.dll sensapi.dll sensapi.dll sensapi.dll sensapi.dll sensapi.dll sensapi.dll sensapi.dll sensapi.dll sensapi.dll sensapi.dll sensapi.dll sensapi.dll sensapi.dll sensapi.dll sensapi.dll shdocvw.dll shdocvw.dll shdocvw.dll shdocvw.dll sensapi.dll sensapi.dll sensapi.dll sensapi.dll sensapi.dll sensapi.dll sensapi.dll sensapi.dll sensapi.dll sensapi.dll ole32.dll,normal
 kernelbase.dll lpk.dll usp10.dll msvcrt.dll imm32.dll msctf.dll rpcrt4.dll oleaut32.dll clbcatq.dll advapi32.dll sechost.dll ntdll.dll wow64.dll wow64win.dll wow64cpu.dll kernel32.dll kernel32.dll user32.dll kernel32.dll msvcrt.dll usp10.dll advapi32.dll sechost.dll cryptbase.dll imm32.dll msctf.dll,normal
 ntdll.dll ntdll.dll gdi32.dll lpk.dll msvcrt.dll rpcrt4.dll rpcrt4.dll oleaut32.dll ktmw32.dll wevtapi.dll msctf.dll cryptbase.dll sechost.dll advapi32.dll cryptsp.dll rsaenh.dll shlwapi.dll ole32.dll sspicli.dll sspicli.dll rpcrtremote.dll rpcrtremote.dll xmllite.dll apphelp.dll,normal
 kernel32.dll KernelBase.dll advapi32.dll msvcrt.dll gdi32.dll lpk.dll comdlg32.dll comctl32.dll shell32.dll ole32.dll version.dll imm32.dll msctf.dll uxtheme.dll imecfm.dll duser.dll xmllite.dll xmllite.dll,normal
 ntdll.dll wow64win.dll kernel32.dll user32.dll advapi32.dll msvcrt.dll sechost.dll rpcrt4.dll cryptbase.dll ws2_32.dll nsi.dll winnsi.dll shell32.dll shlwapi.dll user32.dll lpk.dll usp10.dll imm32.dll msctf.dll clbcatq.dll oleaut32.dll rpcrtremote.dll wevtapi.dll ntdll.dll kernelbase.dll user32.dll lpk.dll msvcrt.dll imm32.dll rpcrt4.dll cryptbase.dll advapi32.dll ntdll.dll ntdll.dll wow64.dll wow64win.dll wow64cpu.dll kernel32.dll kernel32.dll msvcrt.dll sechost.dll sspicli.dll cryptbase.dll ws2_32.dll dhcpcsvc6.dll shell32.dll lpk.dll usp10.dll ole32.dll msctf.dll clbcatq.dll cryptsp.dll rsaenh.dll rpcrtremote.dll wevtapi.dll ntdll.dll wow64.dll wow64win.dll kernel32.dll kernel32.dll kernel32.dll kernelbase.dll winbrand.dll user32.dll lpk.dll usp10.dll sechost.dll rpcrt4.dll sspicli.dll cryptbase.dll msctf.dll,normal
 wow64win.dll kernel32.dll kernel32.dll kernel32.dll user32.dll kernel32.dll kernelbase.dll user32.dll gdi32.dll lpk.dll usp10.dll sechost.dll imm32.dll msctf.dll apphelp.dll,normal
 ntdll.dll kernelbase.dll,normal
 gdi32.dll user32.dll msvcrt.dll oleaut32.dll cryptbase.dll clbcatq.dll sechost.dll KernelBase.dll user32.dll usp10.dll msvcrt.dll imm32.dll ole32.dll rpcrt4.dll cryptbase.dll clbcatq.dll advapi32.dll sechost.dll ntdll.dll kernel32.dll KernelBase.dll user32.dll lpk.dll usp10.dll msctf.dll ole32.dll rpcrt4.dll oleaut32.dll cryptbase.dll advapi32.dll sechost.dll ntdll.dll wow64.dll wow64cpu.dll kernel32.dll user32.dll kernel32.dll KernelBase.dll advapi32.dll sechost.dll rpcrt4.dll sspicli.dll cryptbase.dll dnsapi.dll ws2_32.dll nsi.dll winnsi.dll shell32.dll shlwapi.dll gdi32.dll lpk.dll usp10.dll ole32.dll clbcatq.dll cryptsp.dll rsaenh.dll RpcRtRemote.dll wevtapi.dll kernel32.dll KernelBase.dll user32.dll imm32.dll msctf.dll ole32.dll oleaut32.dll cryptbase.dll clbcatq.dll advapi32.dll sechost.dll ntdll.dll wow64win.dll kernel32.dll kernel32.dll kernel32.dll msvcrt.dll gdi32.dll advapi32.dll sechost.dll cryptbase.dll,normal
 kernel32.dll KernelBase.dll ole32.dll gdi32.dll lpk.dll cryptbase.dll clbcatq.dll sechost.dll rsaenh.dll uxtheme.dll shell32.dll shlwapi.dll propsys.dll thumbcache.dll ntdll.dll wow64win.dll wow64cpu.dll kernel32.dll kernel32.dll kernel32.dll KernelBase.dll msvcrt.dll winbrand.dll gdi32.dll usp10.dll advapi32.dll sechost.dll rpcrt4.dll sspicli.dll cryptbase.dll msctf.dll apphelp.dll,normal
 ntdll.dll,normal
 kernel32.dll kernelbase.dll advapi32.dll rpcrt4.dll msvcp_win.dll ucrtbase.dll combase.dll bcryptprimitives.dll gdi32.dll user32.dll crypt32.dll msasn1.dll wintrust.dll slc.dll sppc.dll version.dll userenv.dll gpapi.dll,normal
 ntdll.dll ntdll.dll wow64cpu.dll kernel32.dll KernelBase.dll advapi32.dll msvcrt.dll sspicli.dll ws2_32.dll nsi.dll winnsi.dll dhcpcsvc.dll gdi32.dll user32.dll lpk.dll usp10.dll ole32.dll imm32.dll clbcatq.dll oleaut32.dll rsaenh.dll wevtapi.dll ntdll.dll kernel32.dll user32.dll usp10.dll msvcrt.dll imm32.dll msctf.dll ole32.dll rpcrt4.dll clbcatq.dll sechost.dll ntdll.dll lpk.dll msvcrt.dll imm32.dll msctf.dll rpcrt4.dll oleaut32.dll cryptbase.dll clbcatq.dll sechost.dll ntdll.dll kernel32.dll user32.dll lpk.dll msvcrt.dll imm32.dll ole32.dll rpcrt4.dll,normal
 ntdll.dll kernel32.dll sechost.dll rpcrt4.dll user32.dll lpk.dll usp10.dll msimg32.dll wmsgapi.dll wtsapi32.dll winmm.dll userenv.dll profapi.dll winsta.dll MsCtfMonitor.dll imm32.dll msutb.dll secur32.dll sspicli.dll cryptbase.dll wintrust.dll cryptsp.dll imagehlp.dll bcryptprimitives.dll ncrypt.dll cryptnet.dll Wldap32.dll oleaut32.dll urlmon.dll api-ms-win-downlevel-shlwapi-l1-1-0.dll api-ms-win-downlevel-advapi32-l1-1-0.dll api-ms-win-downlevel-version-l1-1-0.dll iertutil.dll,normal
 ntdll.dll KernelBase.dll gdi32.dll user32.dll lpk.dll msctf.dll ole32.dll rpcrt4.dll,normal
 advapi32.dll sechost.dll rpcrt4.dll gdi32.dll user32.dll lpk.dll ole32.dll msimg32.dll wtsapi32.dll winmm.dll winsta.dll msasn1.dll msctf.dll shlwapi.dll secur32.dll sspicli.dll shell32.dll cryptsp.dll rsaenh.dll imagehlp.dll bcryptprimitives.dll gpapi.dll cryptnet.dll Wldap32.dll SensApi.dll setupapi.dll cfgmgr32.dll oleaut32.dll devobj.dll devrtl.dll clbcatq.dll wininet.dll iertutil.dll,normal
 ntdll.dll ntdll.dll kernel32.dll kernelbase.dll msvcrt.dll msvcrt.dll combase.dll rpcrt4.dll msctf.dll sechost.dll sechost.dll kernel.appcore.dll kernel.appcore.dll cryptbase.dll bcryptprimitives.dll cryptsp.dll rsaenh.dll rsaenh.dll bcrypt.dll bcrypt.dll propsys.dll propsys.dll,normal
 ntdll.dll ntdll.dll wow64.dll kernel32.dll user32.dll KernelBase.dll winbrand.dll user32.dll gdi32.dll lpk.dll advapi32.dll sechost.dll rpcrt4.dll cryptbase.dll imm32.dll,normal
 ondemandconnroutehelper.dll,normal
 ntdll.dll chrome_elf.dll shlwapi.dll gdi32.dll lpk.dll usp10.dll rpcrt4.dll winmm.dll profapi.dll imm32.dll msctf.dll uxtheme.dll cryptbase.dll userenv.dll,normal
 mscoree.dll mscoreei.dll clr.dll clr.dll ntdll.dll kernel32.dll msvcrt.dll advapi32.dll sechost.dll shlwapi.dll gdi32.dll lpk.dll usp10.dll ole32.dll oleaut32.dll imm32.dll fusion.dll,normal
 taskschd.dll xmllite.dll,normal
 ntdll.dll ntdll.dll wow64win.dll wow64cpu.dll kernel32.dll kernel32.dll user32.dll advapi32.dll sechost.dll sspicli.dll cryptbase.dll ws2_32.dll nsi.dll dhcpcsvc6.dll shell32.dll shlwapi.dll gdi32.dll lpk.dll usp10.dll ole32.dll cryptsp.dll rsaenh.dll wevtapi.dll ntdll.dll kernel32.dll KernelBase.dll imm32.dll ole32.dll rpcrt4.dll clbcatq.dll ntdll.dll kernel32.dll gdi32.dll user32.dll lpk.dll usp10.dll msvcrt.dll imm32.dll msctf.dll ole32.dll oleaut32.dll cryptbase.dll advapi32.dll ntdll.dll wow64win.dll wow64cpu.dll kernel32.dll kernel32.dll user32.dll KernelBase.dll msvcrt.dll winbrand.dll lpk.dll usp10.dll advapi32.dll sspicli.dll imm32.dll msctf.dll apphelp.dll,normal
 kernel32.dll msvcrt.dll sechost.dll gdi32.dll usp10.dll mpr.dll sspicli.dll ws2_32.dll nsi.dll netapi32.dll netutils.dll srvcli.dll logoncli.dll framedynos.dll wtsapi32.dll ntdsapi.dll version.dll slc.dll clbcatq.dll wbemprox.dll wbemcomn.dll,normal
 ntdll.dll wow64.dll wow64cpu.dll kernel32.dll kernel32.dll user32.dll kernel32.dll winbrand.dll gdi32.dll lpk.dll advapi32.dll sechost.dll cryptbase.dll msctf.dll apphelp.dll,normal
 ntdll.dll ntdll.dll wow64cpu.dll kernel32.dll kernel32.dll kernel32.dll advapi32.dll sechost.dll rpcrt4.dll sspicli.dll shlwapi.dll gdi32.dll user32.dll ole32.dll imm32.dll msctf.dll clbcatq.dll wevtapi.dll advapi32.dll ole32.dll gdi32.dll usp10.dll oleaut32.dll shell32.dll shlwapi.dll cryptbase.dll CbsCore.dll version.dll crypt32.dll msasn1.dll wintrust.dll ktmw32.dll dpx.dll dpx.dll setupapi.dll cfgmgr32.dll mpr.dll wrpint.dll sxsstore.dll sqmapi.dll winhttp.dll webio.dll SensApi.dll cryptsp.dll rsaenh.dll RpcRtRemote.dll smipi.dll ntdll.dll kernel32.dll KernelBase.dll advapi32.dll msvcrt.dll rpcrt4.dll ole32.dll user32.dll msctf.dll wdscore.dll oleaut32.dll shell32.dll dbghelp.dll CbsCore.dll msasn1.dll wintrust.dll dpx.dll dpx.dll wcp.dll DrUpdate.dll cfgmgr32.dll devobj.dll mpr.dll wrpint.dll sxsstore.dll sqmapi.dll webio.dll winhttp.dll webio.dll SensApi.dll rsaenh.dll RpcRtRemote.dll clbcatq.dll smiengine.dll ntdll.dll kernel32.dll imm32.dll msctf.dll rpcrt4.dll oleaut32.dll cryptbase.dll clbcatq.dll sechost.dll ntdll.dll ntdll.dll wow64.dll wow64cpu.dll kernel32.dll kernel32.dll KernelBase.dll msvcrt.dll sechost.dll sspicli.dll cryptbase.dll dnsapi.dll ws2_32.dll winnsi.dll shell32.dll shlwapi.dll user32.dll lpk.dll usp10.dll ole32.dll clbcatq.dll rsaenh.dll RpcRtRemote.dll wevtapi.dll ntdll.dll kernel32.dll KernelBase.dll gdi32.dll user32.dll lpk.dll usp10.dll msvcrt.dll msctf.dll ole32.dll oleaut32.dll ntdll.dll ntdll.dll wow64.dll wow64win.dll kernel32.dll kernel32.dll kernel32.dll KernelBase.dll advapi32.dll msvcrt.dll sechost.dll rpcrt4.dll sspicli.dll cryptbase.dll winnsi.dll dhcpcsvc.dll shell32.dll shlwapi.dll gdi32.dll user32.dll usp10.dll imm32.dll oleaut32.dll cryptsp.dll,normal
 kernel32.dll KernelBase.dll advapi32.dll sechost.dll rpcrt4.dll msvcr120_clr0400.dll gdi32.dll lpk.dll oleaut32.dll msctf.dll RpcRtRemote.dll mscoreei.dll mscorwks.dll msvcr80.dll shlwapi.dll shell32.dll profapi.dll mscorjit.dll mscorlib.dll mscorlib.dll mscorlib.dll System.ni.dll System.Core.ni.dll System.Xml.Linq.ni.dll System.Data.dll System.Data.dll System.Data.dll System.Data.dll System.Data.dll nsi.dll crypt32.dll System.Transactions.ni.dll System.Transactions.dll System.Transactions.dll System.Transactions.dll System.Runtime.Serialization.ni.dll System.Configuration.ni.dll System.Security.ni.dll Microsoft.VisualC.ni.dll System.EnterpriseServices.ni.dll System.EnterpriseServices.dll System.DirectoryServices.ni.dll System.Web.ni.dll System.Web.dll System.Web.dll System.Web.dll System.Drawing.ni.dll System.Web.Services.ni.dll System.DirectoryServices.Protocols.ni.dll System.Design.ni.dll System.Web.RegularExpressions.ni.dll System.Data.OracleClient.dll System.Data.OracleClient.dll System.Data.OracleClient.dll System.Data.OracleClient.dll WindowsBase.ni.dll kernel32.dll KernelBase.dll msvcrt.dll sechost.dll mscoree.dll gdi32.dll user32.dll usp10.dll oleaut32.dll imm32.dll msctf.dll cryptbase.dll RpcRtRemote.dll sxs.dll mscorwks.dll msvcr80.dll shlwapi.dll shell32.dll profapi.dll mscorjit.dll version.dll mscorlib.dll System.ni.dll System.Xml.ni.dll System.Configuration.ni.dll,normal
 wow64.dll wow64cpu.dll kernel32.dll kernel32.dll kernel32.dll user32.dll kernel32.dll advapi32.dll msvcrt.dll sechost.dll rpcrt4.dll sspicli.dll cryptbase.dll dnsapi.dll winnsi.dll dhcpcsvc6.dll shlwapi.dll gdi32.dll lpk.dll usp10.dll imm32.dll msctf.dll clbcatq.dll oleaut32.dll rsaenh.dll wevtapi.dll ntdll.dll wow64win.dll kernel32.dll kernel32.dll kernel32.dll KernelBase.dll advapi32.dll msvcrt.dll sechost.dll dnsapi.dll ws2_32.dll shlwapi.dll gdi32.dll lpk.dll ole32.dll clbcatq.dll oleaut32.dll rsaenh.dll RpcRtRemote.dll wevtapi.dll,normal
 thumbcache.dll structuredquery.dll mapi32.dll mssprxy.dll explorerframe.dll msftedit.dll globinputhost.dll tiptsf.dll searchfolder.dll actxprxy.dll samcli.dll samlib.dll ntshrui.dll cscapi.dll davhlpr.dll playtodevice.dll twinapi.dll winmm.dll winmmbase.dll devobj.dll ehstorshell.dll setupapi.dll wintrust.dll msasn1.dll wtsapi32.dll cscdll.dll devdispitemprovider.dll,normal
 ntdll.dll kernel32.dll KernelBase.dll msvcrt.dll ole32.dll user32.dll lpk.dll rpcrt4.dll sechost.dll oleaut32.dll RpcRtRemote.dll uxtheme.dll comctl32.dll profapi.dll cryptsp.dll shacct.dll userenv.dll,normal
 ntdll.dll ntdll.dll wow64.dll wow64win.dll wow64cpu.dll kernel32.dll user32.dll kernel32.dll kernelbase.dll apphelp.dll gdi32.dll comctl32.dll msvcrt.dll shell32.dll winmm.dll rpcrt4.dll ws2_32.dll shlwapi.dll iertutil.dll sspicli.dll cryptbase.dll bcryptprimitives.dll nsi.dll imm32.dll msctf.dll uxtheme.dll msls31.dll riched32.dll comctl32.dll clbcatq.dll version.dll propsys.dll ntmarta.dll dui70.dll wer.dll shcore.dll msdart.dll oledb32.dll comsvcs.dll msjter40.dll msasn1.dll mswstr10.dll msjint40.dll msadrh15.dll expsrv.dll msdadiag.dll imecfm.dll wer.dll,caidao
 ntdll.dll kernel32.dll KernelBase.dll user32.dll lpk.dll msvcrt.dll msctf.dll rpcrt4.dll oleaut32.dll cryptbase.dll sechost.dll KernelBase.dll user32.dll lpk.dll usp10.dll msvcrt.dll imm32.dll msctf.dll ole32.dll oleaut32.dll clbcatq.dll sechost.dll wow64.dll wow64win.dll wow64cpu.dll kernel32.dll user32.dll KernelBase.dll msvcrt.dll user32.dll usp10.dll advapi32.dll sechost.dll sspicli.dll imm32.dll apphelp.dll,normal
 KernelBase.dll gdi32.dll user32.dll lpk.dll msvcrt.dll imm32.dll msctf.dll ole32.dll ntdll.dll KernelBase.dll ws2_32.dll gdi32.dll usp10.dll advapi32.dll sechost.dll shlwapi.dll msctf.dll cryptbase.dll netutils.dll version.dll netapi32.dll wkscli.dll winmm.dll msvcr90.dll glib-2.0.dll pcre.dll iconv.dll msvcp90.dll dbghelp.dll dbghelp.dll Framework.dll log4cpp.dll MaIntegrationSubsys.dll CafIntegrationSubsys.dll VgAuthIntegrationSubsys.dll,normal
 sfc.dll sfc_os.dll,normal
 KernelBase.dll advapi32.dll msvcrt.dll sechost.dll rpcrt4.dll gdi32.dll lpk.dll usp10.dll ole32.dll winmm.dll userenv.dll crypt32.dll MsCtfMonitor.dll imm32.dll msutb.dll comctl32.dll shlwapi.dll secur32.dll shell32.dll cryptbase.dll uxtheme.dll wintrust.dll cryptsp.dll rsaenh.dll bcrypt.dll ncrypt.dll version.dll clbcatq.dll oleaut32.dll api-ms-win-downlevel-ole32-l1-1-0.dll api-ms-win-downlevel-shlwapi-l1-1-0.dll api-ms-win-downlevel-advapi32-l1-1-0.dll api-ms-win-downlevel-user32-l1-1-0.dll api-ms-win-downlevel-version-l1-1-0.dll kernel32.dll KernelBase.dll sechost.dll rpcrt4.dll msvcr120_clr0400.dll ole32.dll gdi32.dll user32.dll usp10.dll oleaut32.dll imm32.dll msctf.dll cryptbase.dll cryptsp.dll rsaenh.dll RpcRtRemote.dll sxs.dll mscoreei.dll mscorwks.dll shlwapi.dll shell32.dll profapi.dll mscorjit.dll mscorlib.dll version.dll mscorlib.dll mscorlib.dll System.ni.dll Microsoft.Windows.Diagnosis.Commands.WriteDiagProgress.ni.dll Microsoft.Windows.Diagnosis.SDHost.ni.dll System.Configuration.Install.ni.dll System.Transactions.ni.dll System.Transactions.dll System.Transactions.dll System.Transactions.dll System.Xml.ni.dll System.Management.ni.dll System.DirectoryServices.ni.dll System.Data.ni.dll System.Data.dll System.Data.dll ws2_32.dll nsi.dll crypt32.dll msasn1.dll System.Security.ni.dll System.Data.SqlXml.ni.dll System.Drawing.ni.dll Accessibility.ni.dll System.Deployment.ni.dll System.EnterpriseServices.ni.dll System.Web.dll System.Web.dll System.Web.Services.ni.dll System.Web.RegularExpressions.ni.dll System.Data.OracleClient.ni.dll System.Data.OracleClient.dll System.Data.OracleClient.dll System.Data.OracleClient.dll Microsoft.Vsa.ni.dll Microsoft.Windows.Diagnosis.Commands.GetDiagInput.ni.dll Microsoft.Windows.Diagnosis.Commands.UpdateDiagReport.ni.dll ntdll.dll kernel32.dll KernelBase.dll advapi32.dll rpcrt4.dll msvcr120_clr0400.dll ole32.dll user32.dll lpk.dll usp10.dll imm32.dll cryptbase.dll cryptsp.dll clbcatq.dll sxs.dll mscorwks.dll msvcr80.dll shlwapi.dll shell32.dll profapi.dll mscorlib.ni.dll mscorlib.dll mscorlib.dll mscorlib.dll System.ni.dll System.Drawing.ni.dll System.Windows.Forms.ni.dll KernelBase.dll msvcrt.dll sechost.dll rpcrt4.dll msvcr120_clr0400.dll gdi32.dll oleaut32.dll imm32.dll msctf.dll cryptbase.dll cryptsp.dll rsaenh.dll RpcRtRemote.dll sxs.dll mscoreei.dll msvcr80.dll shell32.dll profapi.dll mscorjit.dll mscorlib.dll mscorlib.dll mscorlib.dll UIAutomationTypes.ni.dll System.ni.dll WindowsBase.ni.dll System.Configuration.ni.dll ntdll.dll advapi32.dll msvcrt.dll sechost.dll rpcrt4.dll msvcr120_clr0400.dll gdi32.dll user32.dll usp10.dll msctf.dll cryptsp.dll RpcRtRemote.dll clbcatq.dll sxs.dll mscoreei.dll clr.dll System.ni.dll System.Core.ni.dll version.dll mscorlib.dll System.ServiceModel.ni.dll System.Runtime.Serialization.ni.dll System.Configuration.ni.dll System.Xml.ni.dll System.ServiceModel.Internals.ni.dll System.Web.ni.dll System.Web.dll System.Xml.Linq.ni.dll System.Web.Extensions.ni.dll System.ServiceModel.Activation.ni.dll SMDiagnostics.ni.dll System.ServiceModel.Channels.ni.dll ntdll.dll mscoree.dll ole32.dll gdi32.dll user32.dll lpk.dll usp10.dll msctf.dll cryptbase.dll cryptsp.dll clbcatq.dll sxs.dll clr.dll mscorlib.ni.dll clrjit.dll System.ni.dll version.dll System.ServiceModel.Internals.ni.dll System.Numerics.ni.dll System.Security.ni.dll ntdll.dll wow64.dll wow64win.dll kernel32.dll user32.dll msvcrt.dll sechost.dll sspicli.dll cryptbase.dll msvcr120_clr0400.dll mscoree.dll user32.dll usp10.dll msctf.dll cryptsp.dll clbcatq.dll mscoreei.dll mscorwks.dll msvcr80.dll profapi.dll mscorlib.ni.dll mscorlib.dll version.dll mscorlib.dll mscorlib.dll System.Core.ni.dll System.dll System.dll System.Core.dll System.ComponentModel.DataAnnotations.ni.dll System.ComponentModel.DataAnnotations.dll System.ComponentModel.DataAnnotations.dll System.configuration.dll System.configuration.dll System.Xml.ni.dll System.XML.dll System.XML.dll System.XML.dll System.Security.ni.dll System.Security.dll System.Security.dll System.Security.dll System.Data.SqlXml.dll System.Data.SqlXml.dll,normal
 ntdll.dll kernelbase.dll msvcrt.dll shell32.dll gdi32.dll usp10.dll advapi32.dll sechost.dll rpcrt4.dll profapi.dll msctf.dll cryptbase.dll ole32.dll userenv.dll,normal
 KernelBase.dll gdi32.dll lpk.dll msvcrt.dll imm32.dll msctf.dll ole32.dll rpcrt4.dll oleaut32.dll cryptbase.dll sechost.dll,normal
 KernelBase.dll gdi32.dll user32.dll imm32.dll msctf.dll ole32.dll oleaut32.dll clbcatq.dll advapi32.dll sechost.dll ntdll.dll ntdll.dll wow64.dll wow64win.dll wow64cpu.dll kernel32.dll kernel32.dll kernel32.dll kernel32.dll KernelBase.dll winbrand.dll user32.dll sechost.dll rpcrt4.dll sspicli.dll msctf.dll,normal
 rasapi32.dll rasman.dll,normal
 ntdll.dll KernelBase.dll lpk.dll usp10.dll msvcrt.dll imm32.dll ole32.dll oleaut32.dll cryptbase.dll advapi32.dll sechost.dll,normal
 pcadm.dll pcacli.dll mpr.dll,normal
 ntdll.dll kernel32.dll gdi32.dll user32.dll lpk.dll msctf.dll ole32.dll oleaut32.dll gdi32.dll lpk.dll usp10.dll msvcrt.dll imm32.dll msctf.dll rpcrt4.dll oleaut32.dll cryptbase.dll clbcatq.dll sechost.dll gdi32.dll user32.dll lpk.dll usp10.dll msvcrt.dll msctf.dll ole32.dll oleaut32.dll cryptbase.dll advapi32.dll sechost.dll ntdll.dll wow64.dll kernel32.dll user32.dll kernelbase.dll advapi32.dll sechost.dll rpcrt4.dll sspicli.dll nsi.dll dhcpcsvc.dll shlwapi.dll user32.dll lpk.dll usp10.dll ole32.dll imm32.dll msctf.dll clbcatq.dll oleaut32.dll rsaenh.dll rpcrtremote.dll ntdll.dll wow64.dll kernel32.dll kernel32.dll kernel32.dll user32.dll kernel32.dll msvcrt.dll winbrand.dll usp10.dll sechost.dll imm32.dll msctf.dll apphelp.dll,normal
 ntdll.dll kernel32.dll KernelBase.dll gdi32.dll imm32.dll combase.dll msctf.dll uxtheme.dll tiptsf.dll ole32.dll sechost.dll oleacc.dll advapi32.dll shell32.dll shlwapi.dll propsys.dll profapi.dll ntmarta.dll dui70.dll wer.dll,normal
 ntdll.dll,normal
 ntdll.dll kernel32.dll KernelBase.dll gdi32.dll user32.dll msctf.dll ole32.dll rpcrt4.dll cryptbase.dll shell32.dll shlwapi.dll comctl32.dll imecfm.dll version.dll uxtheme.dll,normal
 microsoft.windows.servermanager.deployment.extension.ni.dll microsoft.windows.fileserver.management.plugin.ni.dll system.drawing.ni.dll microsoft.windows.fileserver.management.common.ni.dll system.windows.forms.ni.dll,normal
 ntdll.dll kernel32.dll kernelbase.dll advapi32.dll msvcrt.dll sechost.dll rpcrt4.dll gdi32.dll user32.dll lpk.dll usp10.dll msswch.dll gdiplus.dll ole32.dll oleacc.dll shlwapi.dll uxtheme.dll msctf.dll ntdll.dll ntdll.dll wow64win.dll wow64cpu.dll kernel32.dll user32.dll kernel32.dll kernelbase.dll msvcrt.dll rpcrt4.dll cryptbase.dll mscoree.dll ole32.dll user32.dll usp10.dll msctf.dll cryptsp.dll rpcrtremote.dll clr.dll mscorlib.ni.dll clrjit.dll presentationframework.royale.ni.dll version.dll mscorlib.dll mscorlib.dll windowsbase.ni.dll presentationframework.dll presentationframework.dll windowsbase.dll windowsbase.dll system.core.dll system.xaml.ni.dll system.xaml.dll system.xaml.dll system.configuration.dll system.configuration.dll system.xml.dll system.xml.dll wow64cpu.dll kernel32.dll kernel32.dll kernel32.dll user32.dll kernel32.dll advapi32.dll sechost.dll sspicli.dll msvcr120_clr0400.dll mscoree.dll ole32.dll user32.dll usp10.dll imm32.dll cryptsp.dll rsaenh.dll sxs.dll mscoreei.dll mscorlib.ni.dll system.web.applicationservices.ni.dll version.dll system.web.applicationservices.dll system.web.applicationservices.dll mscorlib.dll mscorlib.dll system.dll system.core.ni.dll system.xml.ni.dll system.xml.dll system.xml.dll,normal
 ntdll.dll kernel32.dll lpk.dll usp10.dll msvcrt.dll ole32.dll rpcrt4.dll oleaut32.dll cryptbase.dll advapi32.dll kernel32.dll sechost.dll rpcrt4.dll gdi32.dll user32.dll lpk.dll usp10.dll winmm.dll dwmapi.dll gdiplus.dll oleaut32.dll duser.dll imm32.dll cryptbase.dll dui70.dll comctl32.dll xmllite.dll cryptsp.dll rsaenh.dll rpcrtremote.dll cfgmgr32.dll inkobj.dll windowscodecs.dll,normal
 wpdshext.dll wpdshext.dll wpdshext.dll wpdshext.dll wpdshext.dll wpdshext.dll wpdshext.dll wpdshext.dll wpdshext.dll wpdshext.dll wpdshext.dll wpdshext.dll gdiplus.dll gdiplus.dll gdiplus.dll gdiplus.dll gdiplus.dll,normal
 ntdll.dll ntdll.dll kernel32.dll kernel32.dll user32.dll kernel32.dll advapi32.dll msvcrt.dll sechost.dll cryptbase.dll user32.dll gdi32.dll lpk.dll usp10.dll ws2_32.dll imm32.dll msctf.dll uxtheme.dll shlwapi.dll propsys.dll oleaut32.dll comctl32.dll apphelp.dll ieframe.dll oleacc.dll crypt32.dll msasn1.dll setupapi.dll cfgmgr32.dll,normal
 ntdll.dll kernelbase.dll advapi32.dll msvcrt.dll rpcrt4.dll gdi32.dll user32.dll lpk.dll usp10.dll msctf.dll oleaut32.dll shell32.dll dbghelp.dll cryptbase.dll cbscore.dll version.dll msasn1.dll wintrust.dll userenv.dll ktmw32.dll dpx.dll dpx.dll wcp.dll drupdate.dll setupapi.dll cfgmgr32.dll devobj.dll wrpint.dll sxsstore.dll sqmapi.dll webio.dll winhttp.dll sensapi.dll rpcrtremote.dll clbcatq.dll smiengine.dll ntdll.dll kernelbase.dll sechost.dll ole32.dll gdi32.dll imm32.dll wdscore.dll shell32.dll shlwapi.dll dbghelp.dll cbscore.dll version.dll crypt32.dll msasn1.dll wintrust.dll dpx.dll dpx.dll winhttp.dll webio.dll webio.dll clbcatq.dll wrpint.dll sxsstore.dll sqmapi.dll cryptsp.dll cbsapi.dll smiengine.dll ntdll.dll wow64.dll wow64cpu.dll kernel32.dll user32.dll kernelbase.dll msvcrt.dll user32.dll gdi32.dll lpk.dll usp10.dll advapi32.dll sechost.dll imm32.dll apphelp.dll,normal
 ntdll.dll wow64.dll wow64cpu.dll kernel32.dll kernel32.dll kernel32.dll user32.dll kernelbase.dll msvcrt.dll cryptbase.dll ole32.dll gdi32.dll user32.dll lpk.dll credui.dll wevtapi.dll imm32.dll comctl32.dll,normal
 ntlanman.dll davclnt.dll cscapi.dll kbd101.dll kbd101.dll,normal
 ntdll.dll kernelbase.dll advapi32.dll msvcrt.dll sechost.dll msvcr120_clr0400.dll mscoree.dll gdi32.dll user32.dll lpk.dll usp10.dll cryptbase.dll rsaenh.dll rpcrtremote.dll sxs.dll mscoreei.dll msvcr80.dll profapi.dll mscorjit.dll mscorlib.dll mscorlib.dll version.dll microsoft.powershell.consolehost.ni.dll system.xml.ni.dll system.transactions.dll system.transactions.dll system.transactions.dll system.transactions.dll system.transactions.dll system.data.dll system.data.dll system.data.dll ws2_32.dll nsi.dll crypt32.dll msasn1.dll system.data.sqlxml.ni.dll system.windows.forms.ni.dll system.deployment.ni.dll system.enterpriseservices.dll system.runtime.remoting.ni.dll microsoft.visualc.ni.dll system.web.ni.dll system.web.dll system.web.dll system.web.dll system.directoryservices.protocols.ni.dll system.design.ni.dll system.web.regularexpressions.ni.dll system.data.oracleclient.ni.dll system.data.oracleclient.dll system.data.oracleclient.dll system.data.oracleclient.dll system.data.oracleclient.dll microsoft.jscript.ni.dll,normal
 kernel32.dll conhostv2.dll combase.dll ucrtbase.dll user32.dll win32u.dll imm32.dll oleaut32.dll propsys.dll sechost.dll shcore.dll shell32.dll cfgmgr32.dll advapi32.dll shlwapi.dll profapi.dll clbcatq.dll msctf.dll,normal
 cryptngc.dll npfproxy.dll ondemandconnroutehelper.dll winnsi.dll winnsi.dll sspicli.dll msauserext.dll dhcpcsvc.dll webio.dll webio.dll mswsock.dll mswsock.dll dnsapi.dll rasadhlp.dll schannel.dll schannel.dll mskeyprotect.dll cryptnet.dll ncryptsslp.dll elscore.dll elstrans.dll,normal
 sfc_os.dll setupapi.dll sfc.dll,normal
 ntdll.dll kernelbase.dll combase.dll bcryptprimitives.dll user32.dll win32u.dll gdi32full.dll kernel.appcore.dll uxtheme.dll dwmapi.dll clbcatq.dll storeagent.dll cryptsp.dll twinapi.appcore.dll bcrypt.dll wintypes.dll kernel32.dll shcore.dll msvcp110_win.dll combase.dll ucrtbase.dll powrprof.dll sechost.dll profapi.dll dmiso8601utils.dll gdi32full.dll win32u.dll oleaut32.dll msvcp_win.dll kernel.appcore.dll usoapi.dll ntdll.dll kernelbase.dll rpcrt4.dll oleaut32.dll bcryptprimitives.dll ole32.dll gdi32full.dll win32u.dll crypt32.dll msasn1.dll wintrust.dll mpclient.dll secur32.dll slc.dll bcrypt.dll sppc.dll sspicli.dll userenv.dll profapi.dll gpapi.dll clbcatq.dll netprofm.dll,normal
 kernel32.dll msvcrt.dll advapi32.dll gdi32.dll gdi32full.dll user32.dll win32u.dll msvcp_win.dll ucrtbase.dll bcryptprimitives.dll dxgi.dll coremessaging.dll imm32.dll udwm.dll dwmcore.dll dwmghost.dll shcore.dll wintypes.dll d3d11.dll winsta.dll ism32k.dll cfgmgr32.dll twinapi.appcore.dll bcrypt.dll crypt32.dll msasn1.dll onecoreuapcommonproxystub.dll coreuicomponents.dll resourcepolicyclient.dll rdsdwmdr.dll d3d10warp.dll d3d10warp.dll xmllite.dll,normal
 ntdll.dll combase.dll ucrtbase.dll ucrtbase.dll rpcrt4.dll rpcrt4.dll bcryptprimitives.dll kernel.appcore.dll kernel.appcore.dll sechost.dll wintypes.dll shcore.dll user32.dll gdi32.dll gdi32full.dll msvcp_win.dll mrmcorer.dll windows.ui.dll coremessaging.dll coreuicomponents.dll coreuicomponents.dll ntmarta.dll advapi32.dll advapi32.dll onecoreuapcommonproxystub.dll onecoreuapcommonproxystub.dll bcp47mrm.dll uxtheme.dll biwinrt.dll oleaut32.dll ws2_32.dll vcruntime140_app.dll vcruntime140_app.dll windows.storage.applicationdata.dll windows.storage.applicationdata.dll windows.storage.dll windows.storage.dll shlwapi.dll powrprof.dll filterlib.dll propsys.dll threadpoolwinrt.dll threadpoolwinrt.dll windows.applicationmodel.dll windows.applicationmodel.dll vccorlib140_app.dll msvcp140_app.dll appxdeploymentclient.dll staterepository.core.dll rometadata.dll rometadata.dll dwmapi.dll cfgmgr32.dll onecorecommonproxystub.dll onecorecommonproxystub.dll pilotshubapp.dll mrt100_app.dll mrt100_app.dll sharedlibrary.dll sharedlibrary.dll helper.dll windows.staterepositoryclient.dll twinui.dll userenv.dll userenv.dll profext.dll,normal
 setupapi.dll devobj.dll,normal
 netprofm.dll netprofm.dll taskschd.dll npfproxy.dll wuapi.dll cabinet.dll wups.dll wbemprox.dll wbemcomn.dll wbemsvc.dll fastprox.dll samcli.dll samlib.dll wevtapi.dll wevtapi.dll,normal
 setupapi.dll devobj.dll setupapi.dll,normal
 ntdll.dll,normal
 wow64.dll wow64win.dll kernel32.dll kernel32.dll user32.dll msvcrt.dll rpcrt4.dll sspicli.dll cryptbase.dll dnsapi.dll ws2_32.dll nsi.dll winnsi.dll dhcpcsvc.dll dhcpcsvc6.dll shell32.dll gdi32.dll user32.dll ole32.dll imm32.dll msctf.dll rsaenh.dll wevtapi.dll,normal
 ntdll.dll ntdll.dll wow64win.dll kernel32.dll kernel32.dll kernel32.dll kernelbase.dll winbrand.dll gdi32.dll lpk.dll sechost.dll rpcrt4.dll sspicli.dll cryptbase.dll msctf.dll,normal
 gdi32.dll user32.dll usp10.dll imm32.dll msctf.dll ole32.dll rpcrt4.dll advapi32.dll sechost.dll ntdll.dll kernel32.dll KernelBase.dll gdi32.dll lpk.dll usp10.dll msctf.dll ole32.dll oleaut32.dll cryptbase.dll clbcatq.dll advapi32.dll sechost.dll ntdll.dll advapi32.dll msvcrt.dll rpcrt4.dll ole32.dll msctf.dll wdscore.dll shell32.dll dbghelp.dll version.dll crypt32.dll msasn1.dll wintrust.dll profapi.dll dpx.dll dpx.dll wcp.dll DrUpdate.dll cfgmgr32.dll mpr.dll wrpint.dll sqmapi.dll winhttp.dll winhttp.dll SensApi.dll cryptsp.dll rsaenh.dll RpcRtRemote.dll clbcatq.dll smiengine.dll ntdll.dll ntdll.dll wow64.dll wow64win.dll kernel32.dll kernel32.dll kernel32.dll kernel32.dll KernelBase.dll msvcrt.dll sechost.dll rpcrt4.dll dnsapi.dll nsi.dll winnsi.dll dhcpcsvc6.dll shell32.dll shlwapi.dll gdi32.dll ole32.dll imm32.dll msctf.dll clbcatq.dll oleaut32.dll cryptsp.dll rsaenh.dll ntdll.dll wow64cpu.dll kernel32.dll user32.dll msvcrt.dll winbrand.dll user32.dll rpcrt4.dll sspicli.dll cryptbase.dll imm32.dll msctf.dll,normal
 sechost.dll rpcrt4.dll user32.dll usp10.dll imm32.dll wdscore.dll oleaut32.dll shell32.dll shlwapi.dll dbghelp.dll cryptbase.dll CbsCore.dll version.dll wintrust.dll userenv.dll wcp.dll DrUpdate.dll setupapi.dll cfgmgr32.dll devobj.dll wrpint.dll sqmapi.dll winhttp.dll webio.dll SensApi.dll rsaenh.dll RpcRtRemote.dll clbcatq.dll CbsApi.dll smipi.dll smiengine.dll ntdll.dll wow64.dll wow64win.dll wow64cpu.dll kernel32.dll kernel32.dll user32.dll kernel32.dll advapi32.dll msvcrt.dll sechost.dll dnsapi.dll nsi.dll winnsi.dll dhcpcsvc.dll shlwapi.dll gdi32.dll lpk.dll ole32.dll oleaut32.dll rsaenh.dll wow64.dll wow64win.dll wow64cpu.dll kernel32.dll kernel32.dll kernel32.dll msvcrt.dll winbrand.dll user32.dll gdi32.dll lpk.dll usp10.dll sechost.dll sspicli.dll cryptbase.dll imm32.dll apphelp.dll,normal
 ntdll.dll wow64cpu.dll kernel32.dll kernel32.dll user32.dll kernel32.dll msvcrt.dll winbrand.dll user32.dll gdi32.dll usp10.dll sechost.dll sspicli.dll imm32.dll apphelp.dll,normal
 ntdll.dll wow64.dll wow64win.dll wow64cpu.dll kernel32.dll kernel32.dll KernelBase.dll winbrand.dll lpk.dll usp10.dll sechost.dll rpcrt4.dll cryptbase.dll msctf.dll apphelp.dll,normal
 ntdll.dll kernel32.dll kernelbase.dll sechost.dll rpcrt4.dll lpk.dll msswch.dll dwmapi.dll gdiplus.dll oleaut32.dll shlwapi.dll wmsgapi.dll duser.dll imm32.dll msctf.dll ntdll.dll kernel32.dll kernelbase.dll advapi32.dll msvcr120_clr0400.dll mscoree.dll lpk.dll usp10.dll oleaut32.dll imm32.dll msctf.dll cryptbase.dll cryptsp.dll sxs.dll shell32.dll profapi.dll mscorlib.ni.dll mscorlib.dll mscorlib.dll version.dll mscorlib.dll system.ni.dll system.drawing.design.ni.dll system.windows.forms.ni.dll system.configuration.ni.dll,normal
 ntdll.dll KernelBase.dll combase.dll rpcrt4.dll bcryptprimitives.dll win32u.dll oleaut32.dll advapi32.dll sechost.dll imm32.dll SHCore.dll shell32.dll powrprof.dll msctf.dll dwmapi.dll TextInputFramework.dll CoreUIComponents.dll CoreMessaging.dll ntmarta.dll WinTypes.dll usermgrcli.dll clbcatq.dll UIAutomationCore.dll ole32.dll version.dll iertutil.dll crypt32.dll msasn1.dll ncrypt.dll bcrypt.dll ntasn1.dll policymanager.dll imecfm.dll,normal
 ntdll.dll kernel32.dll kernelbase.dll lpk.dll usp10.dll msctf.dll cryptbase.dll clbcatq.dll advapi32.dll kernel32.dll gdi32.dll user32.dll lpk.dll usp10.dll msvcrt.dll imm32.dll msctf.dll rpcrt4.dll cryptbase.dll clbcatq.dll advapi32.dll sechost.dll ntdll.dll kernel32.dll kernelbase.dll gdi32.dll lpk.dll usp10.dll msvcrt.dll imm32.dll msctf.dll cryptbase.dll advapi32.dll sechost.dll wow64win.dll kernel32.dll kernel32.dll user32.dll ole32.dll gdi32.dll user32.dll advapi32.dll sspicli.dll lpk.dll msimg32.dll version.dll comctl32.dll shell32.dll netapi32.dll srvcli.dll imm32.dll msctf.dll uxtheme.dll propsys.dll windowscodecs.dll apphelp.dll setupapi.dll cfgmgr32.dll devobj.dll ehstorshell.dll ehstorshell.dll ehstorshell.dll ntshrui.dll ntshrui.dll ntshrui.dll cscapi.dll imageres.dll imageres.dll imageres.dll imageres.dll imageres.dll imageres.dll imageres.dll imageres.dll imageres.dll wtsapi32.dll wow64win.dll wow64cpu.dll kernel32.dll user32.dll kernel32.dll kernelbase.dll msvcrt.dll ole32.dll user32.dll advapi32.dll sechost.dll cryptbase.dll imm32.dll msctf.dll clbcatq.dll cryptsp.dll shell32.dll actxprxy.dll comctl32.dll,normal
 configurationclient.dll rmclient.dll,normal
 ntdll.dll kernel32.dll advapi32.dll msvcrt.dll sechost.dll msvcr120_clr0400.dll mscoree.dll ole32.dll usp10.dll oleaut32.dll msctf.dll cryptbase.dll RpcRtRemote.dll clbcatq.dll mscorwks.dll msvcr80.dll shell32.dll mscorlib.ni.dll mscorjit.dll mscorlib.dll ehiUPnP.ni.dll ntdll.dll kernel32.dll advapi32.dll rpcrt4.dll msvcr120_clr0400.dll mscoree.dll gdi32.dll user32.dll lpk.dll usp10.dll imm32.dll msctf.dll cryptbase.dll cryptsp.dll rsaenh.dll RpcRtRemote.dll clbcatq.dll sxs.dll mscorwks.dll msvcr80.dll shlwapi.dll shell32.dll mscorlib.ni.dll mscorlib.dll mscorlib.dll mscorlib.dll stdole.ni.dll crypt32.dll riched20.dll ncrypt.dll bcrypt.dll userenv.dll gpapi.dll SensApi.dll advapi32.dll msvcrt.dll rpcrt4.dll mscoree.dll gdi32.dll user32.dll usp10.dll imm32.dll msctf.dll cryptbase.dll cryptsp.dll rsaenh.dll clbcatq.dll sxs.dll mscoreei.dll mscorwks.dll profapi.dll mscorlib.ni.dll mscorjit.dll mscorlib.dll version.dll mscorlib.dll System.ni.dll System.Runtime.Serialization.Formatters.Soap.ni.dll System.Configuration.ni.dll System.Security.ni.dll System.Data.SqlXml.ni.dll Accessibility.ni.dll System.Deployment.ni.dll kernel32.dll KernelBase.dll rpcrt4.dll mscoree.dll ole32.dll gdi32.dll user32.dll lpk.dll usp10.dll imm32.dll msctf.dll cryptsp.dll rsaenh.dll clbcatq.dll mscoreei.dll mscorlib.ni.dll version.dll mscorlib.dll System.Core.ni.dll System.ServiceModel.ni.dll System.Xml.ni.dll System.Transactions.dll System.IdentityModel.ni.dll ntdll.dll kernel32.dll KernelBase.dll msvcrt.dll rpcrt4.dll ole32.dll user32.dll usp10.dll oleaut32.dll imm32.dll msctf.dll cryptsp.dll clbcatq.dll sxs.dll mscoreei.dll clr.dll mscorlib.ni.dll clrjit.dll System.ni.dll version.dll mscorlib.dll mscorlib.dll System.Net.ni.dll System.Xml.ni.dll ntdll.dll wow64.dll wow64win.dll wow64cpu.dll kernel32.dll kernel32.dll sechost.dll sspicli.dll cryptbase.dll msvcr120_clr0400.dll mscoree.dll ole32.dll lpk.dll oleaut32.dll msctf.dll cryptsp.dll RpcRtRemote.dll clbcatq.dll mscoreei.dll clr.dll shlwapi.dll clrjit.dll System.Core.ni.dll version.dll System.Activities.DurableInstancing.dll mscorlib.dll System.dll System.dll System.Core.dll System.Core.dll System.ServiceModel.Internals.ni.dll System.Runtime.DurableInstancing.dll System.Transactions.ni.dll System.Transactions.dll System.Transactions.dll System.Transactions.dll System.Data.ni.dll System.Data.dll System.Data.dll System.Data.dll System.Activities.ni.dll System.Runtime.Serialization.ni.dll System.Xml.ni.dll System.Numerics.ni.dll System.Configuration.ni.dll System.Configuration.dll ntdll.dll wow64.dll wow64win.dll kernel32.dll kernel32.dll kernel32.dll user32.dll KernelBase.dll msvcrt.dll sechost.dll sspicli.dll msvcr120_clr0400.dll ole32.dll gdi32.dll user32.dll lpk.dll imm32.dll msctf.dll cryptsp.dll RpcRtRemote.dll clbcatq.dll shlwapi.dll mscorlib.ni.dll clrjit.dll System.Drawing.Design.ni.dll version.dll mscorlib.dll System.dll System.Drawing.ni.dll System.Drawing.dll System.Drawing.dll System.Windows.Forms.dll System.Configuration.ni.dll System.Configuration.dll System.Core.dll System.Xml.ni.dll ntdll.dll ntdll.dll wow64.dll kernel32.dll kernel32.dll user32.dll kernel32.dll KernelBase.dll advapi32.dll msvcrt.dll sechost.dll rpcrt4.dll sspicli.dll cryptbase.dll mscoree.dll ole32.dll lpk.dll oleaut32.dll msctf.dll cryptsp.dll rsaenh.dll clbcatq.dll sxs.dll mscoreei.dll shlwapi.dll UIAutomationTypes.ni.dll version.dll UIAutomationTypes.dll UIAutomationTypes.dll mscorlib.dll mscorlib.dll,normal
 ntdll.dll kernel32.dll gdi32.dll lpk.dll imm32.dll ole32.dll rpcrt4.dll oleaut32.dll cryptbase.dll advapi32.dll sechost.dll ntdll.dll wow64.dll wow64win.dll kernel32.dll kernel32.dll kernel32.dll user32.dll msvcrt.dll user32.dll gdi32.dll lpk.dll sechost.dll rpcrt4.dll msctf.dll apphelp.dll,normal
 kernel32.dll lpk.dll usp10.dll msctf.dll rpcrt4.dll cryptbase.dll clbcatq.dll advapi32.dll sechost.dll ntdll.dll ntdll.dll wow64cpu.dll kernel32.dll kernel32.dll user32.dll kernel32.dll winbrand.dll user32.dll gdi32.dll usp10.dll advapi32.dll sechost.dll sspicli.dll imm32.dll msctf.dll apphelp.dll,normal
 ntdll.dll kernel32.dll sechost.dll rpcrt4.dll user32.dll gdi32.dll lpk.dll usp10.dll oleaut32.dll tquery.dll msshooks.dll imm32.dll msctf.dll msidle.dll cryptsp.dll rsaenh.dll rpcrtremote.dll mssprxy.dll mapi32.dll authz.dll shell32.dll comctl32.dll linkinfo.dll profapi.dll,normal
 ntdll.dll kernel32.dll kernelbase.dll usp10.dll msvcrt.dll imm32.dll rpcrt4.dll cryptbase.dll clbcatq.dll advapi32.dll sechost.dll ntdll.dll kernel32.dll gdi32.dll imm32.dll msctf.dll ole32.dll rpcrt4.dll oleaut32.dll,normal
 ntdll.dll kernel32.dll sechost.dll msvcr120_clr0400.dll mscoree.dll gdi32.dll user32.dll lpk.dll oleaut32.dll imm32.dll cryptsp.dll sxs.dll mscorwks.dll msvcr80.dll shell32.dll profapi.dll mscorlib.ni.dll mscorjit.dll mscorlib.dll mscorlib.dll mscorlib.dll System.ni.dll Microsoft.Build.Utilities.ni.dll System.Configuration.ni.dll System.Drawing.ni.dll System.Windows.Forms.ni.dll System.Transactions.dll System.Transactions.dll System.Transactions.dll System.Transactions.dll System.Transactions.dll System.Web.ni.dll System.Web.dll System.Web.dll System.Web.dll ntdll.dll msvcrt.dll ole32.dll gdi32.dll user32.dll lpk.dll imm32.dll msctf.dll cryptbase.dll clbcatq.dll advapi32.dll cryptsp.dll RpcRtRemote.dll uxtheme.dll shlwapi.dll IDStore.dll,normal
 ntdll.dll,normal
 ntdll.dll kernel32.dll user32.dll usp10.dll rpcrt4.dll msctf.dll cryptbase.dll oleaut32.dll authui.dll cryptui.dll crypt32.dll msasn1.dll comctl32.dll GdiPlus.dll dui70.dll SndVolSSO.dll hid.dll setupapi.dll devobj.dll dwmapi.dll WindowsCodecs.dll RpcRtRemote.dll wtsapi32.dll winsta.dll SmartcardCredentialProvider.dll BioCredProv.dll sspicli.dll winbio.dll credui.dll vaultcli.dll netutils.dll srvcli.dll wkscli.dll rasapi32.dll rasman.dll ws2_32.dll oleacc.dll psapi.dll cryptsp.dll shell32.dll WinSCard.dll msimg32.dll,normal
 ntdll.dll wow64.dll wow64win.dll wow64cpu.dll kernel32.dll user32.dll KernelBase.dll user32.dll gdi32.dll lpk.dll usp10.dll advapi32.dll sechost.dll rpcrt4.dll msctf.dll,normal
 kernel32.dll advapi32.dll msvcrt.dll rpcrt4.dll version.dll bcryptprimitives.dll,normal
 kernelbase.dll user32.dll gdi32.dll imm32.dll msctf.dll bcryptprimitives.dll sechost.dll clbcatq.dll tipskins.dll bcp47langs.dll winsta.dll dui70.dll oleaut32.dll shcore.dll dwmapi.dll twinapi.dll shell32.dll shlwapi.dll gpapi.dll comctl32.dll duser.dll gdiplus.dll windows.ui.dll tiptsf.dll oleacc.dll,normal
 ntdll.dll wow64cpu.dll kernel32.dll kernel32.dll kernel32.dll user32.dll kernel32.dll winbrand.dll user32.dll gdi32.dll usp10.dll sechost.dll imm32.dll msctf.dll apphelp.dll,normal
 gdi32.dll gdi32full.dll win32u.dll ucrtbase.dll rpcrt4.dll crypt32.dll sspicli.dll msasn1.dll wmsgapi.dll comctl32.dll winsta.dll oleaut32.dll imm32.dll msutb.dll shell32.dll cfgmgr32.dll windows.storage.dll shlwapi.dll shcore.dll uxtheme.dll wintrust.dll cryptsp.dll amsiproxy.dll cryptbase.dll imagehlp.dll gpapi.dll iertutil.dll ole32.dll dwmapi.dll kbd101.dll kbd106.dll inputswitch.dll duser.dll dwrite.dll windowscodecs.dll audioses.dll wintypes.dll propsys.dll devobj.dll windows.ui.creddialogcontroller.dll d3d11.dll windows.ui.xamlhost.dll avrt.dll d3d10warp.dll resourcepolicyclient.dll wincorlib.dll dcomp.dll mrmcorer.dll coremessaging.dll windows.ui.immersive.dll twinapi.appcore.dll igd10iumd64.dll ncrypt.dll ntasn1.dll igc64.dll d2d1.dll windows.globalization.dll fontgroupsoverride.dll fontglyphanimator.dll directmanipulation.dll version.dll ntmarta.dll imecfm.dll wer.dll ninput.dll,normal
 ntdll.dll ntdll.dll kernel32.dll gdi32.dll user32.dll msvcrt.dll msvcrt.dll msctf.dll rpcrt4.dll,normal
 ntdll.dll kernelbase.dll shcore.dll rpcrt4.dll ucrtbase.dll oleaut32.dll msvcp_win.dll msvcp_win.dll advapi32.dll sechost.dll msvcp110_win.dll userenv.dll userenv.dll windows.storage.dll windows.storage.dll gdi32.dll user32.dll win32u.dll kernel.appcore.dll kernel.appcore.dll filterlib.dll fltlib.dll dmiso8601utils.dll clbcatq.dll usoapi.dll usoapi.dll taskschd.dll taskschd.dll sspicli.dll xmllite.dll wtsapi32.dll wtsapi32.dll winsta.dll shell32.dll cfgmgr32.dll,normal
 ntdll.dll ntdll.dll wow64win.dll wow64cpu.dll kernel32.dll kernel32.dll kernel32.dll KernelBase.dll msvcrt.dll user32.dll gdi32.dll usp10.dll advapi32.dll imm32.dll msctf.dll,normal
 ntdll.dll user32.dll lpk.dll msvcrt.dll imm32.dll msctf.dll rpcrt4.dll cryptbase.dll clbcatq.dll sechost.dll ntdll.dll ntdll.dll wow64.dll kernel32.dll kernel32.dll user32.dll kernel32.dll kernelbase.dll msvcrt.dll winbrand.dll usp10.dll advapi32.dll sechost.dll sspicli.dll imm32.dll apphelp.dll,normal
 msftedit.dll msimg32.dll devobj.dll,normal
 rpcrt4.dll bcryptprimitives.dll twinapi.appcore.dll userenv.dll profapi.dll wintypes.dll imm32.dll cryptsp.dll rsaenh.dll cryptbase.dll windows.ui.dll oleaut32.dll bcp47langs.dll uxtheme.dll actxprxy.dll biwinrt.dll cortana.backgroundtask.dll wincorlib.dll cortana.core.dll bingconfigurationclient.dll urlmon.dll onlineservices.dll iertutil.dll windows.storage.applicationdata.dll logoncli.dll threadpoolwinrt.dll windows.globalization.dll,normal
 ntdll.dll kernelbase.dll kernelbase.dll advapi32.dll advapi32.dll msvcrt.dll msvcrt.dll combase.dll tquery.dll tquery.dll imm32.dll msshooks.dll msshooks.dll sechost.dll sechost.dll rpcrt4.dll cryptbase.dll cryptbase.dll clbcatq.dll cryptsp.dll rsaenh.dll rsaenh.dll bcrypt.dll bcrypt.dll mssprxy.dll,normal
 wow64.dll wow64cpu.dll kernel32.dll kernel32.dll kernel32.dll user32.dll kernel32.dll KernelBase.dll sechost.dll sspicli.dll cryptbase.dll nsi.dll winnsi.dll dhcpcsvc6.dll shlwapi.dll gdi32.dll user32.dll ole32.dll imm32.dll msctf.dll clbcatq.dll oleaut32.dll RpcRtRemote.dll wevtapi.dll KernelBase.dll gdi32.dll user32.dll lpk.dll usp10.dll imm32.dll ole32.dll rpcrt4.dll cryptbase.dll sechost.dll ntdll.dll KernelBase.dll usp10.dll msvcrt.dll imm32.dll msctf.dll ole32.dll rpcrt4.dll oleaut32.dll cryptbase.dll clbcatq.dll ntdll.dll ntdll.dll wow64win.dll kernel32.dll kernel32.dll user32.dll kernel32.dll winbrand.dll advapi32.dll rpcrt4.dll sspicli.dll imm32.dll msctf.dll apphelp.dll,normal
 kernel32.dll kernelbase.dll msvcrt.dll winbrand.dll gdi32.dll usp10.dll imm32.dll advapi32.dll sechost.dll,normal
 rsaenh.dll userenv.dll sspicli.dll,normal
 ntdll.dll kernel32.dll KernelBase.dll msvcrt.dll msvcr120_clr0400.dll mscoree.dll ole32.dll gdi32.dll user32.dll oleaut32.dll rsaenh.dll RpcRtRemote.dll clbcatq.dll sxs.dll msvcr80.dll shlwapi.dll mscorlib.ni.dll mscorjit.dll mscorlib.dll version.dll mscorlib.dll mscorlib.dll System.ni.dll System.Drawing.ni.dll System.Windows.Forms.ni.dll System.Security.ni.dll System.Configuration.ni.dll System.Runtime.Serialization.Formatters.Soap.ni.dll System.Deployment.ni.dll ntdll.dll wow64win.dll wow64cpu.dll kernel32.dll kernel32.dll kernel32.dll user32.dll KernelBase.dll msvcrt.dll sechost.dll sspicli.dll ole32.dll user32.dll usp10.dll imm32.dll msctf.dll cryptsp.dll clbcatq.dll sxs.dll mscoreei.dll mscorwks.dll msvcr80.dll shell32.dll mscorlib.ni.dll mscorjit.dll mscorlib.dll mscorlib.dll version.dll mscorlib.dll PresentationFramework.Luna.dll PresentationFramework.Luna.dll PresentationFramework.Luna.dll WindowsBase.ni.dll PresentationFramework.dll PresentationFramework.dll PresentationFramework.dll WindowsBase.dll System.dll System.dll System.dll PresentationCore.dll PresentationCore.dll ntdll.dll kernel32.dll msvcrt.dll ole32.dll user32.dll lpk.dll imm32.dll msctf.dll cryptbase.dll clbcatq.dll advapi32.dll sechost.dll oleaut32.dll rsaenh.dll RpcRtRemote.dll shacct.dll comctl32.dll shlwapi.dll userenv.dll IDStore.dll kernel32.dll KernelBase.dll msvcrt.dll version.dll ole32.dll setupapi.dll cryptsp.dll vsstrace.dll netapi32.dll srvcli.dll wkscli.dll clusapi.dll xolehlp.dll resutils.dll authz.dll virtdisk.dll imm32.dll cryptbase.dll clbcatq.dll vss_ps.dll propsys.dll sxs.dll msxml3.dll bcrypt.dll wintrust.dll crypt32.dll,normal
 ntdll.dll ntdll.dll wow64.dll wow64win.dll kernel32.dll kernel32.dll msvcrt.dll winbrand.dll user32.dll gdi32.dll lpk.dll advapi32.dll sspicli.dll imm32.dll apphelp.dll,normal
 kernel32.dll msvcrt.dll combase.dll rpcrt4.dll kernel.appcore.dll bcryptprimitives.dll clbcatq.dll user32.dll sechost.dll cryptsp.dll rsaenh.dll bcrypt.dll,normal
 setupapi.dll cfgmgr32.dll devobj.dll setupapi.dll devobj.dll cfgmgr32.dll oleaut32.dll devobj.dll,normal
 ntdll.dll ntdll.dll kernel32.dll kernelbase.dll combase.dll ucrtbase.dll ucrtbase.dll rpcrt4.dll twinapi.appcore.dll sechost.dll rmclient.dll rmclient.dll wintypes.dll wintypes.dll shcore.dll shcore.dll user32.dll win32u.dll gdi32.dll gdi32full.dll msvcp_win.dll mrmcore.dll mrmcorer.dll profapi.dll onecoreuapcommonproxystub.dll windows.ui.dll textinputframework.dll inputhost.dll coreuicomponents.dll coreuicomponents.dll coremessaging.dll advapi32.dll advapi32.dll languageoverlayutil.dll languageoverlayutil.dll bcp47mrm.dll uxtheme.dll uxtheme.dll biwinrt.dll oleaut32.dll policymanager.dll sspicli.dll sspicli.dll slc.dll cdp.dll ws2_32.dll msvcp110_win.dll wincorlib.dll cfgmgr32.dll msasn1.dll wintrust.dll winhttp.dll iphlpapi.dll ncrypt.dll bcrypt.dll bcrypt.dll bcrypt.dll windows.storage.applicationdata.dll threadpoolwinrt.dll threadpoolwinrt.dll windows.applicationmodel.background.timebroker.dll windows.applicationmodel.background.timebroker.dll,normal
 msswch.dll msftedit.dll mapi32.dll wpdshext.dll mssvp.dll mapi32.dll,normal
 auditcse.dll,normal
 ntdll.dll ntdll.dll kernelbase.dll kernelbase.dll msvcrt.dll sechost.dll rpcrt4.dll rpcrt4.dll ucrtbase.dll ole32.dll combase.dll bcryptprimitives.dll msvcp_win.dll msvcp_win.dll user32.dll win32u.dll oleaut32.dll shcore.dll shcore.dll windows.storage.dll windows.storage.dll shlwapi.dll kernel.appcore.dll profapi.dll filterlib.dll fltlib.dll msasn1.dll wintrust.dll crypt32.dll unpshared.dll unpshared.dll netapi32.dll userenv.dll userenv.dll winhttp.dll winhttp.dll bcrypt.dll cryptsp.dll wkscli.dll netutils.dll dpapi.dll updatepolicy.dll updatepolicy.dll policymanager.dll ntmarta.dll ntmarta.dll flightsettings.dll policymanager.dll ws2_32.dll ws2_32.dll ondemandconnroutehelper.dll webio.dll webio.dll mswsock.dll winnsi.dll nsi.dll nsi.dll sspicli.dll sspicli.dll dnsapi.dll rasadhlp.dll fwpuclnt.dll mskeyprotect.dll ncrypt.dll ncryptsslp.dll rsaenh.dll rsaenh.dll cryptbase.dll ondemandconnroutehelper.dll updatepolicy.dll updatepolicy.dll updatepolicy.dll ondemandconnroutehelper.dll,normal
 kernel32.dll kernelbase.dll lpk.dll msvcrt.dll msctf.dll ole32.dll oleaut32.dll uxtheme.dll advapi32.dll sechost.dll shlwapi.dll cryptbase.dll clbcatq.dll shell32.dll comctl32.dll imecfm.dll msswch.dll,normal
 ntdll.dll ntdll.dll wow64.dll wow64win.dll kernel32.dll kernel32.dll user32.dll kernel32.dll advapi32.dll msvcrt.dll rpcrt4.dll sspicli.dll cryptbase.dll comctl32.dll gdi32.dll usp10.dll oleaut32.dll shell32.dll shlwapi.dll wininet.dll urlmon.dll crypt32.dll winmm.dll nsi.dll imm32.dll msctf.dll odbcint.dll uxtheme.dll riched32.dll riched20.dll dwmapi.dll comctl32.dll tiptsf.dll msado15.dll msdart.dll rpcrtremote.dll bcrypt.dll oledb32r.dll comsvcs.dll atl.dll mswstr10.dll msjter40.dll msadox.dll msadrh15.dll expsrv.dll msadce.dll propsys.dll apphelp.dll psapi.dll ntmarta.dll wldap32.dll,caidao
 ntdll.dll wow64.dll wow64win.dll kernel32.dll kernel32.dll kernel32.dll KernelBase.dll gdi32.dll lpk.dll usp10.dll advapi32.dll sechost.dll rpcrt4.dll sspicli.dll imm32.dll,normal
 kernel32.dll kernelbase.dll msvcrt.dll oleaut32.dll ole32.dll mpclient.dll secur32.dll crypt32.dll wintrust.dll combase.dll sspicli.dll msasn1.dll profapi.dll version.dll version.dll,normal
 ntdll.dll kernel32.dll kernelbase.dll advapi32.dll sechost.dll rpcrt4.dll gdi32.dll ole32.dll shlwapi.dll imm32.dll msctf.dll uxtheme.dll atl.dll clbcatq.dll ntmarta.dll apphelp.dll shdocvw.dll setupapi.dll cfgmgr32.dll userenv.dll cscapi.dll slc.dll cryptsp.dll rsaenh.dll mscoreei.dll mscorwks.dll mscorwks.dll mscorwks.dll mscorlib.ni.dll system.ni.dll secur32.dll system.configuration.install.ni.dll microsoft.powershell.commands.management.ni.dll microsoft.powershell.security.dll microsoft.powershell.security.ni.dll culture.dll mscorjit.dll system.xml.ni.dll system.management.ni.dll system.directoryservices.ni.dll shfolder.dll system.data.ni.dll rasapi32.dll mswsock.dll wship6.dll winhttp.dll webio.dll system.data.dll dhcpcsvc.dll crypt32.dll msasn1.dll system.configuration.ni.dll rasadhlp.dll system.security.dll bcrypt.dll wbemcomn.dll wbemprox.dll wminet_utils.dll napinsp.dll pnrpnsp.dll wshbth.dll fastprox.dll ntdsapi.dll wshqos.dll wshqos.dll wshqos.dll msv1_0.dll cryptdll.dll diasymreader.dll,empire
 ntdll.dll kernelbase.dll gdi32.dll msvcrt.dll msctf.dll ole32.dll rpcrt4.dll cryptbase.dll clbcatq.dll advapi32.dll ntdll.dll kernel32.dll kernelbase.dll winbrand.dll gdi32.dll usp10.dll imm32.dll apphelp.dll,normal
 kernel32.dll kernelbase.dll advapi32.dll ole32.dll oleaut32.dll shlwapi.dll user32.dll shell32.dll mscoree.dll rpcrt4.dll combase.dll msctf.dll kernel.appcore.dll cryptbase.dll uxtheme.dll clbcatq.dll shcore.dll profapi.dll propsys.dll srvcli.dll setupapi.dll cfgmgr32.dll cscapi.dll rsaenh.dll bcrypt.dll ntmarta.dll mscoreei.dll clr.dll msvcr120_clr0400.dll clrjit.dll system.core.ni.dll version.dll psapi.dll system.xml.ni.dll system.management.ni.dll system.transactions.ni.dll system.transactions.dll secur32.dll system.data.dll nsi.dll crypt32.dll diasymreader.dll rasapi32.dll rasman.dll mswsock.dll winhttp.dll dhcpcsvc6.dll system.serviceprocess.ni.dll wmiutils.dll wbemcomn.dll wminet_utils.dll napinsp.dll wshbth.dll rasadhlp.dll,empire
 ntdll.dll chrome_elf.dll version.dll shell32.dll gdi32.dll user32.dll lpk.dll rpcrt4.dll winmm.dll userenv.dll profapi.dll imm32.dll msctf.dll chrome_child.dll ws2_32.dll nsi.dll ole32.dll oleacc.dll wtsapi32.dll crypt32.dll dbghelp.dll comdlg32.dll webio.dll urlmon.dll iertutil.dll secur32.dll dhcpcsvc.dll cryptbase.dll setupapi.dll cfgmgr32.dll devobj.dll d3dcompiler_47.dll ddraw.dll dciman32.dll libglesv2.dll,normal
 KernelBase.dll rpcrt4.dll kernel.appcore.dll cryptbase.dll bcryptprimitives.dll user32.dll cryptsp.dll rsaenh.dll bcrypt.dll IDStore.dll userenv.dll profapi.dll,normal
 ntdll.dll kernelbase.dll msvcrt.dll sechost.dll rpcrt4.dll ole32.dll gdi32.dll user32.dll cryptbase.dll rpcrtremote.dll rsaenh.dll nsi.dll clbcatq.dll sspicli.dll taskschd.dll sppwinob.dll sppobjs.dll sppobjs.dll,normal
 wow64win.dll kernel32.dll kernel32.dll kernelbase.dll msvcrt.dll oleaut32.dll ole32.dll gdi32.dll advapi32.dll sspicli.dll cryptbase.dll version.dll msctf.dll sxs.dll advapi32.dll wintrust.dll crypt32.dll rsaenh.dll msisip.dll wshext.dll comctl32.dll shell32.dll shlwapi.dll scrobj.dll msi.dll scrrun.dll,normal
 msvcrt.dll conhostv2.dll combase.dll rpcrt4.dll bcryptprimitives.dll gdi32.dll user32.dll win32u.dll imm32.dll oleaut32.dll shcore.dll windows.storage.dll shlwapi.dll kernel.appcore.dll comctl32.dll clbcatq.dll sxs.dll oleacc.dll ole32.dll version.dll iertutil.dll ntmarta.dll crypt32.dll msasn1.dll bcrypt.dll ntasn1.dll policymanager.dll msvcp110_win.dll dui70.dll imecfm.dll wer.dll,normal
 kernel32.dll KernelBase.dll advapi32.dll msvcrt.dll sechost.dll shell32.dll shlwapi.dll lpk.dll usp10.dll imm32.dll msctf.dll ole32.dll cryptbase.dll uxtheme.dll oleaut32.dll clbcatq.dll api-ms-win-downlevel-shlwapi-l1-1-0.dll api-ms-win-downlevel-advapi32-l1-1-0.dll api-ms-win-downlevel-user32-l1-1-0.dll api-ms-win-downlevel-version-l1-1-0.dll version.dll setupapi.dll cfgmgr32.dll devobj.dll,normal
 sechost.dll user32.dll gdi32.dll lpk.dll ole32.dll comctl32.dll shlwapi.dll shell32.dll dui70.dll imm32.dll msctf.dll,normal
 user32.dll gdi32.dll lpk.dll usp10.dll winsta.dll rpcrt4.dll imm32.dll msctf.dll profapi.dll sechost.dll rpcrtremote.dll advapi32.dll kbd101.dll kbd106.dll kbd106.dll kbd101.dll uxinit.dll,normal
 ntdll.dll wow64cpu.dll kernel32.dll user32.dll kernel32.dll KernelBase.dll advapi32.dll sechost.dll dnsapi.dll ws2_32.dll nsi.dll winnsi.dll shlwapi.dll gdi32.dll user32.dll ole32.dll imm32.dll msctf.dll oleaut32.dll cryptsp.dll rsaenh.dll RpcRtRemote.dll wevtapi.dll,normal
 KernelBase.dll lpk.dll usp10.dll imm32.dll msctf.dll ole32.dll rpcrt4.dll oleaut32.dll clbcatq.dll advapi32.dll sechost.dll,normal
 ntdll.dll KernelBase.dll gdi32.dll user32.dll lpk.dll usp10.dll msvcrt.dll imm32.dll msctf.dll rpcrt4.dll oleaut32.dll clbcatq.dll advapi32.dll sechost.dll ntdll.dll wow64cpu.dll kernel32.dll kernel32.dll winbrand.dll user32.dll gdi32.dll lpk.dll advapi32.dll sechost.dll rpcrt4.dll sspicli.dll,normal
 ntdll.dll wow64.dll wow64win.dll wow64cpu.dll kernel32.dll kernel32.dll user32.dll kernel32.dll msvcrt.dll sechost.dll sspicli.dll ws2_32.dll nsi.dll dhcpcsvc.dll dhcpcsvc6.dll shell32.dll gdi32.dll user32.dll usp10.dll imm32.dll cryptsp.dll rsaenh.dll rpcrtremote.dll kernelbase.dll lpk.dll msvcrt.dll imm32.dll msctf.dll rpcrt4.dll ntdll.dll wow64win.dll wow64cpu.dll kernel32.dll user32.dll kernel32.dll kernelbase.dll msvcrt.dll winbrand.dll lpk.dll usp10.dll advapi32.dll sechost.dll rpcrt4.dll sspicli.dll cryptbase.dll imm32.dll,normal
 kernel32.dll KernelBase.dll msvcrt.dll sechost.dll rpcrt4.dll user32.dll lpk.dll usp10.dll ole32.dll msimg32.dll wmsgapi.dll wtsapi32.dll crypt32.dll imm32.dll msutb.dll comctl32.dll secur32.dll shell32.dll uxtheme.dll wintrust.dll cryptsp.dll imagehlp.dll bcryptprimitives.dll gpapi.dll cryptnet.dll SensApi.dll clbcatq.dll oleaut32.dll urlmon.dll api-ms-win-downlevel-user32-l1-1-0.dll api-ms-win-downlevel-normaliz-l1-1-0.dllnormaliz.dll iertutil.dll wininet.dll,normal
 sendmail.dll msswch.dll msswch.dll devicecenter.dll tquery.dll mssvp.dll devicecenter.dll mapi32.dll mapi32.dll sendmail.dll mydocs.dll wpdshext.dll msswch.dll mapi32.dll wpdshext.dll wpdshext.dll mapi32.dll wpdshext.dll mssvp.dll mapi32.dll wpdshext.dll mssvp.dll mapi32.dll wpdshext.dll mapi32.dll wpdshext.dll mssvp.dll mapi32.dll mssvp.dll mapi32.dll wpdshext.dll mssvp.dll wpdshext.dll wpdshext.dll mssvp.dll mssvp.dll wpdshext.dll mapi32.dll mssvp.dll mapi32.dll wpdshext.dll mssvp.dll mssvp.dll mapi32.dll wpdshext.dll mssvp.dll mssvp.dll mapi32.dll wpdshext.dll mssvp.dll mapi32.dll wpdshext.dll mapi32.dll dtsh.dll mapi32.dll wpdshext.dll sendmail.dll sendmail.dll sendmail.dll mydocs.dll wpdshext.dll msswch.dll devicecenter.dll mssvp.dll devicecenter.dll devicecenter.dll mapi32.dll mssvp.dll mapi32.dll devicecenter.dll sendmail.dll mydocs.dll wpdshext.dll acppage.dll msswch.dll wpdshext.dll mimilib.dll mimilib.dll mimilib.dll mimilib.dll acppage.dll sendmail.dll mydocs.dll wpdshext.dll sendmail.dll mydocs.dll mssvp.dll mapi32.dll devicecenter.dll devicecenter.dll mssvp.dll mapi32.dll devicecenter.dll mssvp.dll devicecenter.dll devicecenter.dll mssvp.dll devicecenter.dll mapi32.dll sendmail.dll mydocs.dll msswch.dll mapi32.dll devicecenter.dll mssvp.dll devicecenter.dll wpdshext.dll mssvp.dll mapi32.dll devicecenter.dll mssvp.dll mapi32.dll devicecenter.dll mapi32.dll devicecenter.dll mssvp.dll mapi32.dll devicecenter.dll mapi32.dll devicecenter.dll mssvp.dll mapi32.dll devicecenter.dll mssvp.dll devicecenter.dll devicecenter.dll mssvp.dll mapi32.dll devicecenter.dll mssvp.dll mapi32.dll mydocs.dll wpdshext.dll imageres.dll imageres.dll imageres.dll imageres.dll imageres.dll imageres.dll imageres.dll imageres.dll imageres.dll imageres.dll devicecenter.dll imageres.dll imageres.dll imageres.dll imageres.dll imageres.dll imageres.dll devicecenter.dll imageres.dll imageres.dll imageres.dll imageres.dll imageres.dll mydocs.dll msswch.dll imageres.dll imageres.dll imageres.dll imageres.dll imageres.dll imageres.dll imageres.dll imageres.dll sppuinotify.dll devicecenter.dll imageres.dll imageres.dll imageres.dll imageres.dll imageres.dll imageres.dll imageres.dll imageres.dll imageres.dll devicecenter.dll imageres.dll imageres.dll imageres.dll imageres.dll wpdshext.dll ehstorapi.dll mscoree.dll mscoreei.dll clr.dll clr.dll msctf.dll clbcatq.dll ntdll.dll kernel32.dll kernelbase.dll advapi32.dll user32.dll usp10.dll ole32.dll oleaut32.dll imm32.dll sspicli.dll cryptbase.dll mscorsvc.dll,normal
 ntdll.dll ntdll.dll kernel32.dll kernel32.dll kernelbase.dll winbrand.dll user32.dll gdi32.dll lpk.dll usp10.dll advapi32.dll sspicli.dll imm32.dll msctf.dll apphelp.dll,normal
 ntdll.dll kernel32.dll kernelbase.dll gdi32.dll gdi32full.dll ucrtbase.dll user32.dll rpcrt4.dll msasn1.dll sechost.dll sspicli.dll userenv.dll profapi.dll comctl32.dll msctf.dll winsta.dll wtsapi32.dll shell32.dll shcore.dll windows.storage.dll shlwapi.dll kernel.appcore.dll powrprof.dll wmsgapi.dll uxtheme.dll msctfmonitor.dll msimg32.dll wintrust.dll cryptsp.dll rsaenh.dll imagehlp.dll amsiproxy.dll bcp47langs.dll clipc.dll d3d11.dll dxgi.dll resourcepolicyclient.dll credui.dll wintypes.dll textinputframework.dll coreuicomponents.dll coremessaging.dll ntmarta.dll usermgrcli.dll mrmcorer.dll windows.ui.dll windows.ui.xaml.dll windows.ui.immersive.dll twinapi.appcore.dll rdpendp.dll winmm.dll winmmbase.dll kbd101.dll windows.globalization.fontgroups.dll version.dll oleacc.dll ncrypt.dll ntasn1.dll msvcp110_win.dll imecfm.dll wer.dll directmanipulation.dll inputswitch.dll windows.ui.xamlhost.dll tiptsf.dll onecorecommonproxystub.dll fontglyphanimator.dll ninput.dll,normal
 kernel32.dll lpk.dll usp10.dll imm32.dll msctf.dll ole32.dll rpcrt4.dll oleaut32.dll clbcatq.dll advapi32.dll ntdll.dll ntdll.dll wow64win.dll wow64cpu.dll kernel32.dll kernel32.dll user32.dll kernelbase.dll msvcrt.dll cryptbase.dll gdi32.dll user32.dll usp10.dll imm32.dll msctf.dll winnsi.dll dhcpcsvc.dll shell32.dll shlwapi.dll clbcatq.dll cryptsp.dll nsi.dll kernelbase.dll advapi32.dll sechost.dll shell32.dll gdi32.dll user32.dll lpk.dll usp10.dll imm32.dll ntdll.dll gdi32.dll user32.dll lpk.dll usp10.dll msvcrt.dll rpcrt4.dll oleaut32.dll cryptbase.dll advapi32.dll kernelbase.dll gdi32.dll lpk.dll usp10.dll imm32.dll msctf.dll rpcrt4.dll oleaut32.dll cryptbase.dll clbcatq.dll advapi32.dll sechost.dll kernelbase.dll gdi32.dll user32.dll usp10.dll msvcrt.dll msctf.dll ole32.dll oleaut32.dll msswch.dll cryptbase.dll clbcatq.dll shell32.dll comctl32.dll oleacc.dll uxtheme.dll,normal
 ntdll.dll wow64win.dll kernel32.dll user32.dll kernel32.dll KernelBase.dll msvcrt.dll winbrand.dll gdi32.dll lpk.dll usp10.dll advapi32.dll sechost.dll rpcrt4.dll msctf.dll,normal
 mscoree.dll clr.dll msvcr120_clr0400.dll msctf.dll ntdll.dll kernel32.dll KernelBase.dll advapi32.dll sechost.dll rpcrt4.dll user32.dll lpk.dll usp10.dll cryptbase.dll cryptsp.dll rsaenh.dll kernel32.dll KernelBase.dll rpcrt4.dll msvcr120_clr0400.dll mscoree.dll ole32.dll gdi32.dll user32.dll usp10.dll oleaut32.dll imm32.dll msctf.dll rsaenh.dll clr.dll shlwapi.dll mscorlib.ni.dll clrjit.dll System.ni.dll System.Core.ni.dll ntdll.dll,normal
 ntdll.dll gdi32.dll user32.dll win32u.dll msvcrt.dll msasn1.dll wmsgapi.dll amsi.dll comctl32.dll userenv.dll MsCtfMonitor.dll msimg32.dll oleaut32.dll msvcp_win.dll imm32.dll msutb.dll shell32.dll cfgmgr32.dll advapi32.dll kernel.appcore.dll uxtheme.dll wintrust.dll clbcatq.dll cryptsp.dll imagehlp.dll gpapi.dll urlmon.dll iertutil.dll kbd101.dll kbd106.dll InputSwitch.dll BCP47Langs.dll dui70.dll duser.dll xmllite.dll DWrite.dll WindowsCodecs.dll AudioSes.dll propsys.dll devobj.dll wincredui.dll Windows.UI.CredDialogController.dll dxgi.dll Windows.UI.XamlHost.dll avrt.dll ResourcePolicyClient.dll Windows.UI.Cred.dll wincorlib.dll dcomp.dll Windows.UI.dll Windows.UI.Xaml.dll ncrypt.dll igc64.dll d2d1.dll Windows.Globalization.dll Windows.Globalization.Fontgroups.dll fontgroupsoverride.dll FontGlyphAnimator.dll Windows.Internal.UI.Logon.ProxyStub.dll directmanipulation.dll version.dll ntmarta.dll wer.dll ninput.dll UIAutomationCore.dll,normal
 usocore.dll usocore.dll xmllite.dll dpapi.dll dpapi.dll windows.storage.dll windows.storage.dll filterlib.dll fltlib.dll updatehandlers.dll wuapi.dll wups.dll wups.dll sspicli.dll ntmarta.dll winsta.dll winsta.dll ole32.dll usoapi.dll flightsettings.dll flightsettings.dll bcd.dll iertutil.dll waasassessment.dll waasassessment.dll utcutil.dll setupapi.dll gdiplus.dll version.dll tdh.dll tdh.dll mintdh.dll mintdh.dll rsaenh.dll ondemandconnroutehelper.dll winnsi.dll windows.security.authentication.onlineid.dll windows.security.authentication.onlineid.dll onecoreuapcommonproxystub.dll onecoreuapcommonproxystub.dll shell32.dll webio.dll dnsapi.dll schannel.dll schannel.dll mskeyprotect.dll ncrypt.dll ntasn1.dll ntasn1.dll ncryptsslp.dll ncryptsslp.dll logoncli.dll dcntel.dll dcntel.dll wdscore.dll gdiplus.dll tdh.dll version.dll mintdh.dll mintdh.dll npmproxy.dll windows.networking.connectivity.dll wlanapi.dll waasmedicps.dll waasmedicps.dll wups.dll wups.dll onecorecommonproxystub.dll ondemandconnroutehelper.dll cryptnet.dll imagehlp.dll updatenotificationhelpers.dll setupapi.dll netapi32.dll wkscli.dll dsreg.dll dsreg.dll netutils.dll configmanager2.dll dmcfgutils.dll dmcfgutils.dll dmoleaututils.dll wwapi.dll dmenrollengine.dll dmenrollengine.dll enterpriseresourcemanager.dll dmcsps.dll dmcsps.dll iri.dll logoncli.dll dcntel.dll dmapisetextimpldesktop.dll dmapisetextimpldesktop.dll setupapi.dll netapi32.dll gdiplus.dll version.dll samcli.dll tdh.dll tdh.dll mintdh.dll mintdh.dll logoncli.dll dcntel.dll netutils.dll appraiser.dll appraiser.dll shell32.dll gdiplus.dll netapi32.dll tdh.dll tdh.dll mintdh.dll mintdh.dll utcutil.dll utcutil.dll logoncli.dll dcntel.dll dcntel.dll setupapi.dll shell32.dll wdscore.dll netapi32.dll gdiplus.dll version.dll tdh.dll tdh.dll mintdh.dll mintdh.dll samcli.dll webservices.dll webservices.dll utcutil.dll logoncli.dll dcntel.dll netutils.dll appraiser.dll appraiser.dll wdscore.dll setupapi.dll gdiplus.dll netapi32.dll tdh.dll mintdh.dll mintdh.dll version.dll samcli.dll ondemandconnroutehelper.dll msi.dll,normal
 ntdll.dll kernelbase.dll advapi32.dll msvcrt.dll sechost.dll gdi32.dll user32.dll lpk.dll oleaut32.dll shlwapi.dll dbghelp.dll cryptbase.dll cbscore.dll crypt32.dll msasn1.dll userenv.dll profapi.dll ktmw32.dll dpx.dll dpx.dll dpx.dll wcp.dll drupdate.dll sxsstore.dll sqmapi.dll winhttp.dll webio.dll webio.dll cryptsp.dll rpcrtremote.dll clbcatq.dll cbsapi.dll smipi.dll wow64.dll wow64cpu.dll kernel32.dll kernel32.dll user32.dll kernel32.dll gdi32.dll usp10.dll sechost.dll rpcrt4.dll sspicli.dll cryptbase.dll msctf.dll apphelp.dll,normal
 wow64.dll wow64cpu.dll kernel32.dll kernel32.dll kernel32.dll user32.dll kernel32.dll advapi32.dll rpcrt4.dll sspicli.dll dnsapi.dll dhcpcsvc6.dll shell32.dll shlwapi.dll usp10.dll ole32.dll msctf.dll oleaut32.dll cryptsp.dll RpcRtRemote.dll wevtapi.dll user32.dll msvcrt.dll,normal
 ntdll.dll kernel32.dll kernelbase.dll msvcrt.dll sechost.dll user32.dll win32u.dll msvcp_win.dll ucrtbase.dll shell32.dll cfgmgr32.dll shcore.dll combase.dll bcryptprimitives.dll windows.storage.dll shlwapi.dll powrprof.dll profapi.dll uxtheme.dll oleaut32.dll edputil.dll staterepository.core.dll urlmon.dll,normal
 ntdll.dll kernel32.dll kernelbase.dll kernelbase.dll ws2_32.dll nsi.dll nsi.dll vcruntime140.dll vcruntime140.dll ucrtbase.dll mswsock.dll mswsock.dll msvcrt.dll gdi32.dll imm32.dll msctf.dll napinsp.dll pnrpnsp.dll pnrpnsp.dll nlaapi.dll nlaapi.dll winrnr.dll bcrypt.dll bcrypt.dll rasadhlp.dll rasadhlp.dll,HTran
 ntdll.dll KernelBase.dll msvcrt.dll sechost.dll ole32.dll gdi32.dll lpk.dll usp10.dll oleaut32.dll imm32.dll msctf.dll cryptbase.dll cryptsp.dll RpcRtRemote.dll clbcatq.dll sxs.dll mscoreei.dll mscorwks.dll mscorlib.ni.dll mscorjit.dll version.dll mscorlib.dll mscorlib.dll System.ni.dll,normal
 ntdll.dll wow64win.dll wow64cpu.dll kernel32.dll kernel32.dll kernel32.dll kernelbase.dll winbrand.dll user32.dll gdi32.dll usp10.dll advapi32.dll sechost.dll sspicli.dll msctf.dll,normal
 ntdll.dll ntdll.dll wow64.dll wow64cpu.dll kernel32.dll kernel32.dll KernelBase.dll user32.dll gdi32.dll advapi32.dll sechost.dll rpcrt4.dll sspicli.dll msctf.dll apphelp.dll,normal
 sspicli.dll sspicli.dll,normal
 ntdll.dll kernel32.dll kernelbase.dll msvcrt.dll gdi32.dll user32.dll lpk.dll rpcrt4.dll sechost.dll advapi32.dll racengn.dll wevtapi.dll sqmapi.dll sfc.dll sfc_os.dll version.dll shell32.dll shlwapi.dll profapi.dll sqlcese30.dll sqlceqp30.dll winsatapi.dll dxgi.dll gdiplus.dll devobj.dll wintrust.dll powrprof.dll,normal
 ntdll.dll kernel32.dll kernelbase.dll gdi32.dll lpk.dll usp10.dll msvcrt.dll imm32.dll msctf.dll ole32.dll rpcrt4.dll oleaut32.dll cryptbase.dll clbcatq.dll advapi32.dll sechost.dll ntdll.dll ntdll.dll wow64win.dll wow64cpu.dll kernel32.dll kernel32.dll user32.dll kernelbase.dll user32.dll rpcrt4.dll sspicli.dll cryptbase.dll usp10.dll msctf.dll shlwapi.dll ntdll.dll ntdll.dll user32.dll lpk.dll usp10.dll msvcrt.dll mfc42u.dll ole32.dll rpcrt4.dll advapi32.dll sechost.dll shlwapi.dll uxtheme.dll imm32.dll msctf.dll odbcint.dll dui70.dll comctl32.dll shell32.dll cryptbase.dll urlmon.dll wininet.dll iertutil.dll msasn1.dll clbcatq.dll mmcbase.dll apphelp.dll cfgmgr32.dll propsys.dll setupapi.dll xmllite.dll profapi.dll mmfutil.dll mlang.dll sspicli.dll ws2_32.dll dnsapi.dll winnsi.dll wldap32.dll imecfm.dll comdlg32.dll,normal
 ntdll.dll,normal
 kernel32.dll kernelbase.dll msvcrt.dll gdi32.dll usp10.dll rpcrt4.dll oleaut32.dll shlwapi.dll msctf.dll version.dll sechost.dll cryptbase.dll advapi32.dll clbcatq.dll,normal
 sendmail.dll mydocs.dll wpdshext.dll,normal
 ntdll.dll kernel32.dll advapi32.dll rpcrt4.dll gdi32.dll user32.dll lpk.dll usp10.dll imm32.dll msctf.dll cryptbase.dll rpcrtremote.dll cryptsp.dll rsaenh.dll sppobjs.dll nsi.dll oleaut32.dll taskschd.dll sspicli.dll wintrust.dll crypt32.dll,normal
 ntdll.dll kernelbase.dll msvcrt.dll msvcp_win.dll ucrtbase.dll rpcrt4.dll bcryptprimitives.dll gdi32full.dll oleaut32.dll sechost.dll imm32.dll shcore.dll cfgmgr32.dll windows.storage.dll shlwapi.dll kernel.appcore.dll powrprof.dll comctl32.dll textinputframework.dll coreuicomponents.dll coremessaging.dll usermgrcli.dll clbcatq.dll oleacc.dll iertutil.dll msasn1.dll ncrypt.dll bcrypt.dll policymanager.dll msvcp110_win.dll dui70.dll imecfm.dll wer.dll,normal
 ntdll.dll kernel32.dll kernelbase.dll advapi32.dll sechost.dll rpcrt4.dll user32.dll gdi32.dll lpk.dll shell32.dll shlwapi.dll cryptbase.dll clbcatq.dll cryptsp.dll rsaenh.dll rpcrtremote.dll actxprxy.dll uxtheme.dll dwmapi.dll crypt32.dll msasn1.dll wtsapi32.dll setupapi.dll winsta.dll cscui.dll userenv.dll,normal
 kernel32.dll advapi32.dll rpcrt4.dll gdi32.dll user32.dll lpk.dll dwmapi.dll gdiplus.dll ole32.dll oleacc.dll shlwapi.dll uxtheme.dll imm32.dll dui70.dll comctl32.dll xmllite.dll clbcatq.dll rpcrtremote.dll cfgmgr32.dll windowscodecs.dll mmdevapi.dll propsys.dll ntdll.dll gdi32.dll user32.dll lpk.dll usp10.dll msvcrt.dll msctf.dll ole32.dll rpcrt4.dll oleaut32.dll cryptbase.dll clbcatq.dll advapi32.dll sechost.dll ntdll.dll kernel32.dll kernel32.dll kernelbase.dll sechost.dll sspicli.dll cryptbase.dll dnsapi.dll nsi.dll shell32.dll shlwapi.dll user32.dll lpk.dll usp10.dll ole32.dll imm32.dll clbcatq.dll cryptsp.dll rsaenh.dll rpcrtremote.dll,normal
 kernel32.dll gdi32.dll user32.dll lpk.dll imm32.dll ole32.dll rpcrt4.dll cryptbase.dll clbcatq.dll advapi32.dll ntdll.dll ntdll.dll wow64.dll kernel32.dll kernel32.dll kernelbase.dll msvcrt.dll winbrand.dll user32.dll lpk.dll usp10.dll sechost.dll rpcrt4.dll sspicli.dll cryptbase.dll msctf.dll,normal
 ntdll.dll kernel32.dll kernel32.dll user32.dll kernel32.dll KernelBase.dll rpcrt4.dll cryptbase.dll dnsapi.dll nsi.dll dhcpcsvc.dll shlwapi.dll gdi32.dll ole32.dll imm32.dll msctf.dll clbcatq.dll cryptsp.dll RpcRtRemote.dll wevtapi.dll ntdll.dll wow64win.dll wow64cpu.dll kernel32.dll kernel32.dll kernel32.dll user32.dll kernel32.dll advapi32.dll msvcrt.dll sechost.dll sspicli.dll dnsapi.dll nsi.dll dhcpcsvc6.dll shell32.dll gdi32.dll ole32.dll imm32.dll clbcatq.dll oleaut32.dll cryptsp.dll rsaenh.dll ntdll.dll wow64.dll wow64win.dll wow64cpu.dll kernel32.dll kernel32.dll rpcrt4.dll sspicli.dll dnsapi.dll ws2_32.dll nsi.dll winnsi.dll dhcpcsvc.dll dhcpcsvc6.dll shlwapi.dll gdi32.dll usp10.dll imm32.dll msctf.dll cryptsp.dll rsaenh.dll wevtapi.dll ntdll.dll KernelBase.dll lpk.dll msvcrt.dll msctf.dll ole32.dll oleaut32.dll cryptbase.dll clbcatq.dll kernel32.dll KernelBase.dll gdi32.dll user32.dll lpk.dll msvcrt.dll imm32.dll msctf.dll ole32.dll cryptbase.dll advapi32.dll sechost.dll kernel32.dll msvcrt.dll ole32.dll user32.dll lpk.dll usp10.dll rpcrt4.dll oleaut32.dll cryptbase.dll sechost.dll advapi32.dll clbcatq.dll msutb.dll uxtheme.dll dwmapi.dll shlwapi.dll sspicli.dll nsi.dll cryptsp.dll rsaenh.dll RpcRtRemote.dll dimsjob.dll Wldap32.dll dsrole.dll taskschd.dll netprofm.dll nlaapi.dll CertEnroll.dll,normal
 kernel32.dll shell32.dll msvcrt.dll shcore.dll shcore.dll rpcrt4.dll rpcrt4.dll bcryptprimitives.dll windows.storage.dll windows.storage.dll advapi32.dll sechost.dll shlwapi.dll gdi32full.dll msvcp_win.dll msvcp_win.dll win32u.dll kernel.appcore.dll chrome_elf.dll chrome_elf.dll version.dll userenv.dll userenv.dll cryptbase.dll chrome.dll wintrust.dll msasn1.dll msasn1.dll crypt32.dll comdlg32.dll comdlg32.dll iphlpapi.dll uiautomationcore.dll uiautomationcore.dll wtsapi32.dll dwrite.dll dxgi.dll dxgi.dll dbghelp.dll usp10.dll winhttp.dll winhttp.dll urlmon.dll secur32.dll dhcpcsvc.dll dhcpcsvc.dll nsi.dll propsys.dll bcrypt.dll iertutil.dll sspicli.dll sspicli.dll ntdll.dll ntdll.dll msvcrt.dll msvcrt.dll fastprox.dll fastprox.dll ncobjapi.dll wbemcomn.dll ucrtbase.dll ucrtbase.dll rpcrt4.dll bcryptprimitives.dll bcryptprimitives.dll bcrypt.dll sechost.dll sechost.dll user32.dll gdi32full.dll msvcp_win.dll msvcp_win.dll kernel.appcore.dll kernel.appcore.dll clbcatq.dll wbemprox.dll wbemprox.dll oleaut32.dll wbemsvc.dll wmiutils.dll wmiutils.dll sspicli.dll sspicli.dll winbrand.dll winbrand.dll wldp.dll crypt32.dll msasn1.dll msasn1.dll wintrust.dll wldp.dll crypt32.dll msasn1.dll wintrust.dll wldp.dll msasn1.dll msasn1.dll wldp.dll crypt32.dll schannel.dll crypt32.dll msasn1.dll msasn1.dll netapi32.dll cscapi.dll ole32.dll devobj.dll security.dll secur32.dll secur32.dll schedcli.dll wkscli.dll dsrole.dll wmipcima.dll wmipcima.dll wmi.dll wmiclnt.dll dxgi.dll setupapi.dll setupapi.dll wintrust.dll dxgi.dll setupapi.dll wintrust.dll wintrust.dll dxgi.dll setupapi.dll wintrust.dll wintrust.dll dxgi.dll dxgi.dll wintrust.dll dxgi.dll dxgi.dll setupapi.dll wintrust.dll setupapi.dll dxgi.dll wintrust.dll,normal
 ntdll.dll ntdll.dll wow64win.dll wow64cpu.dll kernel32.dll user32.dll kernel32.dll msvcrt.dll sechost.dll rpcrt4.dll sspicli.dll cryptbase.dll dnsapi.dll dhcpcsvc.dll shell32.dll shlwapi.dll user32.dll lpk.dll ole32.dll imm32.dll msctf.dll oleaut32.dll cryptsp.dll rsaenh.dll rpcrtremote.dll ntdll.dll kernel32.dll kernelbase.dll user32.dll lpk.dll msvcrt.dll netplwiz.dll shell32.dll ole32.dll comctl32.dll cryptbase.dll,normal
 ntdll.dll kernel32.dll kernel32.dll user32.dll kernel32.dll KernelBase.dll advapi32.dll msvcrt.dll sechost.dll rpcrt4.dll sspicli.dll mscoree.dll oleaut32.dll msctf.dll RpcRtRemote.dll clbcatq.dll sxs.dll mscoreei.dll clr.dll shlwapi.dll clrjit.dll Microsoft.VisualStudio.Tools.Office.Runtime.Internal.dll version.dll mscorlib.dll System.ni.dll System.Core.ni.dll Microsoft.VisualStudio.Tools.Applications.Runtime.ni.dll System.Core.dll System.Core.dll System.Windows.Forms.ni.dll System.Windows.Forms.dll System.Windows.Forms.dll System.Drawing.dll System.Drawing.dll Microsoft.VisualStudio.Tools.Applications.Hosting.ni.dll System.Configuration.dll System.Xml.ni.dll System.Xml.dll,normal
 ntdll.dll wow64.dll kernel32.dll kernel32.dll user32.dll kernelbase.dll advapi32.dll msvcrt.dll sechost.dll rpcrt4.dll sspicli.dll ws2_32.dll nsi.dll winnsi.dll dhcpcsvc.dll dhcpcsvc6.dll shell32.dll gdi32.dll user32.dll usp10.dll ole32.dll imm32.dll clbcatq.dll cryptsp.dll wevtapi.dll ntdll.dll wow64win.dll wow64cpu.dll kernel32.dll msvcrt.dll user32.dll gdi32.dll lpk.dll usp10.dll advapi32.dll rpcrt4.dll sspicli.dll cryptbase.dll,normal
 ntdll.dll kernel32.dll msvcrt.dll user32.dll lpk.dll usp10.dll winbrand.dll apphelp.dll,normal
 kernelbase.dll apphelp.dll msvcrt.dll msasn1.dll combase.dll gdi32.dll user32.dll shlwapi.dll windows.storage.dll kernel.appcore.dll shcore.dll powrprof.dll profapi.dll netapi32.dll userenv.dll version.dll winscard.dll winsta.dll wkscli.dll srvcli.dll devobj.dll cryptbase.dll bcryptprimitives.dll sspicli.dll imm32.dll msctf.dll wintypes.dll wintrust.dll wldap32.dll cryptdll.dll,mimikatz
 ntdll.dll KernelBase.dll gdi32.dll user32.dll lpk.dll usp10.dll msvcrt.dll imm32.dll msctf.dll rpcrt4.dll oleaut32.dll cryptbase.dll clbcatq.dll advapi32.dll ntdll.dll gdi32.dll user32.dll usp10.dll msvcrt.dll ole32.dll rpcrt4.dll cryptbase.dll clbcatq.dll ntdll.dll kernel32.dll KernelBase.dll gdi32.dll lpk.dll usp10.dll msvcrt.dll imm32.dll msctf.dll rpcrt4.dll advapi32.dll sechost.dll kernel32.dll advapi32.dll sechost.dll rpcrt4.dll ole32.dll gdi32.dll user32.dll lpk.dll usp10.dll imm32.dll shell32.dll shlwapi.dll cryptbase.dll version.dll crypt32.dll msasn1.dll wintrust.dll ktmw32.dll dpx.dll dpx.dll wcp.dll cfgmgr32.dll devobj.dll mpr.dll wrpint.dll winhttp.dll winhttp.dll SensApi.dll rsaenh.dll RpcRtRemote.dll clbcatq.dll smipi.dll smiengine.dll kernel32.dll KernelBase.dll user32.dll imm32.dll msctf.dll ole32.dll oleaut32.dll KernelBase.dll gdi32.dll user32.dll lpk.dll usp10.dll msvcrt.dll imm32.dll msctf.dll oleaut32.dll cryptbase.dll clbcatq.dll sechost.dll KernelBase.dll gdi32.dll usp10.dll msvcrt.dll ole32.dll rpcrt4.dll oleaut32.dll ntdll.dll gdi32.dll ole32.dll cryptbase.dll clbcatq.dll advapi32.dll sechost.dll gdi32.dll msvcrt.dll imm32.dll rpcrt4.dll oleaut32.dll clbcatq.dll sechost.dll,normal
 atl.dll eappcfg.dll,normal
 mydocs.dll wpdshext.dll,normal
 msctf.dll msctf.dll ntdll.dll kernel32.dll kernel32.dll KernelBase.dll msvcrt.dll rpcrt4.dll gdi32.dll user32.dll lpk.dll lpk.dll usp10.dll ole32.dll oleaut32.dll imm32.dll,normal
 msctf.dll rpcrt4.dll gdi32.dll lpk.dll usp10.dll ole32.dll oleaut32.dll imm32.dll,normal
 ntdll.dll ntdll.dll wow64.dll wow64cpu.dll kernel32.dll kernel32.dll kernel32.dll kernelbase.dll msvcrt.dll rpcrt4.dll cryptbase.dll winnsi.dll dhcpcsvc.dll shlwapi.dll gdi32.dll user32.dll lpk.dll usp10.dll imm32.dll msctf.dll clbcatq.dll oleaut32.dll wevtapi.dll,normal
 ntdll.dll kernel32.dll KernelBase.dll advapi32.dll msvcrt.dll mscoree.dll ole32.dll gdi32.dll user32.dll lpk.dll usp10.dll oleaut32.dll cryptbase.dll rsaenh.dll RpcRtRemote.dll clbcatq.dll mscoreei.dll mscorwks.dll shlwapi.dll profapi.dll mscorlib.ni.dll mscorjit.dll mscorlib.dll version.dll mscorlib.dll mscorlib.dll mscorsec.dll crypt32.dll msasn1.dll riched20.dll imagehlp.dll ncrypt.dll bcrypt.dll userenv.dll gpapi.dll cryptnet.dll SensApi.dll System.AddIn.ni.dll System.AddIn.Contract.ni.dll System.Drawing.ni.dll System.Windows.Forms.ni.dll System.Data.ni.dll ws2_32.dll nsi.dll System.Runtime.Remoting.ni.dll System.Data.dll System.Data.dll System.Data.dll kernel32.dll KernelBase.dll msvcrt.dll sechost.dll rpcrt4.dll mscoree.dll lpk.dll cryptbase.dll RpcRtRemote.dll mscoreei.dll mscorwks.dll msvcr80.dll mscorjit.dll version.dll mscorlib.dll mscorsec.dll msasn1.dll ncrypt.dll bcrypt.dll userenv.dll cryptnet.dll Wldap32.dll System.Core.ni.dll System.AddIn.ni.dll Microsoft.VisualStudio.Tools.Office.HostAdapter.v10.0.ni.dll System.AddIn.ni.dll Microsoft.VisualStudio.Tools.Office.Contract.v9.0.ni.dll Microsoft.VisualStudio.Tools.Office.Word.HostAdapter.v10.0.dll Microsoft.VisualStudio.Tools.Office.Word.HostAdapter.v10.0.dll kernel32.dll KernelBase.dll msvcr120_clr0400.dll mscoree.dll ole32.dll oleaut32.dll imm32.dll msctf.dll rsaenh.dll clbcatq.dll sxs.dll mscorwks.dll msvcr80.dll shell32.dll mscorlib.ni.dll version.dll mscorlib.dll mscorlib.dll mscorsec.dll crypt32.dll msasn1.dll comctl32.dll riched20.dll imagehlp.dll ncrypt.dll bcrypt.dll bcryptprimitives.dll userenv.dll gpapi.dll Wldap32.dll SensApi.dll System.ni.dll System.AddIn.ni.dll Microsoft.VisualStudio.Tools.Office.AddInAdapter.v9.0.ni.dll Microsoft.Office.Tools.v9.0.ni.dll System.Core.ni.dll Microsoft.VisualStudio.Tools.Applications.Adapter.v9.0.ni.dll System.AddIn.Contract.ni.dll Microsoft.VisualStudio.Tools.Applications.Runtime.v9.0.ni.dll System.Runtime.Remoting.ni.dll System.Configuration.ni.dll System.Xml.ni.dll ntdll.dll msvcrt.dll rpcrt4.dll ole32.dll gdi32.dll user32.dll lpk.dll oleaut32.dll msctf.dll cryptbase.dll cryptsp.dll clbcatq.dll sxs.dll mscorwks.dll msvcr80.dll shell32.dll profapi.dll mscorlib.ni.dll mscorjit.dll mscorlib.dll mscorlib.dll PresentationFramework.Aero.ni.dll WindowsBase.ni.dll PresentationFramework.ni.dll PresentationCore.dll PresentationCore.dll PresentationCore.dll PresentationCore.dll System.Xml.ni.dll UIAutomationProvider.ni.dll System.Deployment.ni.dll PresentationUI.ni.dll System.Printing.ni.dll System.Printing.dll System.Printing.dll System.Printing.dll ReachFramework.ni.dll UIAutomationTypes.ni.dll System.Data.dll System.Data.dll System.Data.dll ws2_32.dll nsi.dll Accessibility.ni.dll System.Security.ni.dll Microsoft.VisualC.ni.dll System.Runtime.Serialization.Formatters.Soap.ni.dll System.DirectoryServices.ni.dll System.Transactions.ni.dll System.Transactions.dll System.Transactions.dll System.Transactions.dll System.Transactions.dll System.Runtime.Remoting.ni.dll System.Web.ni.dll System.Web.dll System.Web.dll System.Design.ni.dll System.ServiceProcess.ni.dll System.Web.RegularExpressions.ni.dll System.Drawing.Design.ni.dll System.Data.OracleClient.dll System.Data.OracleClient.dll System.Data.OracleClient.dll ntdll.dll wow64.dll wow64win.dll wow64cpu.dll kernel32.dll kernel32.dll kernel32.dll KernelBase.dll advapi32.dll rpcrt4.dll cryptbase.dll mscoree.dll ole32.dll user32.dll usp10.dll oleaut32.dll imm32.dll msctf.dll cryptsp.dll rsaenh.dll RpcRtRemote.dll clbcatq.dll sxs.dll mscoreei.dll shlwapi.dll clrjit.dll System.ni.dll System.ServiceModel.Channels.ni.dll System.ServiceModel.Channels.dll System.Core.ni.dll System.ServiceModel.ni.dll System.Runtime.Serialization.ni.dll System.Configuration.ni.dll System.Configuration.dll System.Configuration.dll System.Net.Http.ni.dll System.Net.Http.dll System.ServiceModel.Internals.ni.dll System.ServiceModel.Internals.dll System.ServiceModel.Internals.dll System.Xml.ni.dll System.Xml.dll System.Xml.dll System.Web.Services.dll System.Web.Services.dll,normal
 ntdll.dll ntdll.dll wow64.dll wow64win.dll kernel32.dll kernel32.dll kernel32.dll advapi32.dll msvcrt.dll sechost.dll sspicli.dll cryptbase.dll ws2_32.dll winnsi.dll dhcpcsvc.dll shlwapi.dll gdi32.dll ole32.dll imm32.dll msctf.dll clbcatq.dll rsaenh.dll RpcRtRemote.dll ntdll.dll kernel32.dll KernelBase.dll gdi32.dll user32.dll lpk.dll usp10.dll msvcrt.dll imm32.dll ole32.dll rpcrt4.dll cryptbase.dll clbcatq.dll advapi32.dll sechost.dll KernelBase.dll advapi32.dll ole32.dll gdi32.dll user32.dll lpk.dll usp10.dll imm32.dll oleaut32.dll shell32.dll dbghelp.dll version.dll wintrust.dll userenv.dll profapi.dll dpx.dll cfgmgr32.dll wrpint.dll sxsstore.dll sqmapi.dll webio.dll webio.dll cryptsp.dll clbcatq.dll CbsApi.dll smipi.dll smiengine.dll ntdll.dll ntdll.dll wow64.dll wow64cpu.dll kernel32.dll kernel32.dll user32.dll kernel32.dll msvcrt.dll lpk.dll usp10.dll rpcrt4.dll sspicli.dll imm32.dll apphelp.dll,normal
 kernel32.dll gdi32.dll lpk.dll usp10.dll msvcrt.dll msctf.dll ole32.dll oleaut32.dll ntdll.dll ntdll.dll wow64.dll wow64win.dll wow64cpu.dll user32.dll KernelBase.dll advapi32.dll msvcrt.dll sechost.dll sspicli.dll dnsapi.dll ws2_32.dll nsi.dll winnsi.dll dhcpcsvc.dll dhcpcsvc6.dll ole32.dll imm32.dll msctf.dll clbcatq.dll oleaut32.dll cryptsp.dll RpcRtRemote.dll wevtapi.dll ntdll.dll wow64win.dll kernel32.dll kernel32.dll KernelBase.dll msvcrt.dll gdi32.dll lpk.dll advapi32.dll sechost.dll cryptbase.dll imm32.dll msctf.dll,normal
 ntdll.dll kernel32.dll kernelbase.dll user32.dll lpk.dll rpcrt4.dll msctf.dll clbcatq.dll advapi32.dll sechost.dll cryptsp.dll rpcrtremote.dll comctl32.dll shlwapi.dll profapi.dll shacct.dll,normal
 credssp.dll,normal
 rpcrt4.dll gdi32.dll usp10.dll ole32.dll oleaut32.dll kernel32.dll KernelBase.dll advapi32.dll msvcrt.dll sechost.dll rpcrt4.dll msvcr120_clr0400.dll ole32.dll gdi32.dll user32.dll lpk.dll oleaut32.dll imm32.dll msctf.dll rsaenh.dll RpcRtRemote.dll sxs.dll mscoreei.dll mscorlib.ni.dll clrjit.dll version.dll System.ni.dll System.Core.ni.dll System.Web.ni.dll System.Web.Extensions.ni.dll System.Xml.ni.dll System.Numerics.ni.dll System.Security.ni.dll,normal
 sendmail.dll mydocs.dll wpdshext.dll,normal
 ntdll.dll kernel32.dll KernelBase.dll user32.dll lpk.dll msvcrt.dll imm32.dll ole32.dll rpcrt4.dll oleaut32.dll cryptbase.dll clbcatq.dll advapi32.dll sechost.dll wow64win.dll kernel32.dll kernel32.dll kernel32.dll KernelBase.dll msvcrt.dll gdi32.dll user32.dll sechost.dll rpcrt4.dll cryptbase.dll usp10.dll imm32.dll msctf.dll sxs.dll clbcatq.dll advapi32.dll wintrust.dll rsaenh.dll comctl32.dll shell32.dll msi.dll,normal
 ntdll.dll msvcrt.dll ucrtbase.dll rpcrt4.dll gdi32.dll user32.dll win32u.dll msvcp_win.dll shell32.dll cfgmgr32.dll windows.storage.dll powrprof.dll advapi32.dll shlwapi.dll kernel.appcore.dll profapi.dll clbcatq.dll msctf.dll,normal
 ntdll.dll apphelp.dll gdi32.dll shcore.dll ucrtbase.dll bcryptprimitives.dll advapi32.dll sechost.dll kernel.appcore.dll ieframe.dll shlwapi.dll ole32.dll cfgmgr32.dll powrprof.dll profapi.dll netapi32.dll version.dll wkscli.dll cryptsp.dll bcrypt.dll msvcp110_win.dll kernel32.dll uxtheme.dll msctf.dll dwmapi.dll wininet.dll tokenbinding.dll combase.dll winhttp.dll ieproxy.dll iertutil.dll rasadhlp.dll ieshims.dll urlmon.dll cryptbase.dll msasn1.dll dpapi.dll dhcpcsvc.dll rsaenh.dll sppc.dll ieui.dll dataexchange.dll dcomp.dll explorerframe.dll msimg32.dll windowscodecs.dll d3d11.dll secur32.dll slc.dll sppc.dll wintrust.dll imagehlp.dll gpapi.dll,normal
 kernel32.dll kernelbase.dll gdi32.dll user32.dll lpk.dll usp10.dll msvcrt.dll msctf.dll rpcrt4.dll clbcatq.dll advapi32.dll,normal
 ntdll.dll wow64win.dll kernel32.dll kernel32.dll user32.dll kernel32.dll winbrand.dll user32.dll lpk.dll usp10.dll sechost.dll rpcrt4.dll cryptbase.dll msctf.dll apphelp.dll,normal
 wups.dll iertutil.dll configmanager2.dll dmoleaututils.dll enterpriseresourcemanager.dll dmenrollengine.dll dmcsps.dll iri.dll dmapisetextimpl.dll clipc.dll msxml6.dll ucrtbase.dll,normal
 ntdll.dll kernel32.dll kernelbase.dll advapi32.dll sechost.dll rpcrt4.dll gdi32.dll user32.dll lpk.dll usp10.dll msswch.dll winmm.dll gdiplus.dll oleacc.dll oleaut32.dll shlwapi.dll wmsgapi.dll uxtheme.dll imm32.dll msctf.dll ntdll.dll kernel32.dll advapi32.dll msvcrt.dll sechost.dll rpcrt4.dll msvcr120_clr0400.dll ole32.dll lpk.dll usp10.dll oleaut32.dll imm32.dll rpcrtremote.dll clbcatq.dll sxs.dll msvcr80.dll shell32.dll mscorlib.dll version.dll mscorlib.dll mscorlib.dll system.ni.dll system.configuration.ni.dll system.xml.ni.dll ntdll.dll ntdll.dll wow64.dll wow64cpu.dll kernel32.dll kernel32.dll user32.dll kernel32.dll kernelbase.dll sechost.dll rpcrt4.dll cryptbase.dll msvcr120_clr0400.dll ole32.dll lpk.dll oleaut32.dll imm32.dll rpcrtremote.dll shlwapi.dll mscorlib.ni.dll system.core.ni.dll version.dll mscorlib.dll mscorlib.dll system.dll system.dll system.core.dll system.core.dll system.xaml.dll system.servicemodel.internals.dll system.runtime.serialization.dll system.runtime.serialization.dll system.configuration.ni.dll system.configuration.dll system.configuration.dll system.xml.ni.dll system.xml.dll smdiagnostics.dll system.identitymodel.ni.dll system.identitymodel.dll system.identitymodel.dll system.directoryservices.ni.dll system.directoryservices.dll system.transactions.ni.dll system.transactions.dll microsoft.transactions.bridge.ni.dll system.web.services.ni.dll system.enterpriseservices.ni.dll system.web.services.dll system.web.applicationservices.ni.dll system.messaging.ni.dll system.runtime.durableinstancing.dll system.runtime.durableinstancing.dll system.serviceprocess.ni.dll system.net.http.ni.dll system.net.http.dll system.servicemodel.activation.dll system.numerics.dll,normal
 ntdll.dll wow64win.dll wow64cpu.dll kernel32.dll kernel32.dll kernel32.dll ole32.dll gdi32.dll user32.dll advapi32.dll sechost.dll rpcrt4.dll cryptbase.dll lpk.dll usp10.dll msctf.dll oleaut32.dll rsaenh.dll shell32.dll shlwapi.dll actxprxy.dll,normal
 setupapi.dll cfgmgr32.dll oleaut32.dll devobj.dll setupapi.dll cfgmgr32.dll oleaut32.dll setupapi.dll cfgmgr32.dll oleaut32.dll devobj.dll winmm.dll dbghelp.dll dbghelp.dll vm3dum64.dll dbghelp.dll oleaut32.dll devobj.dll d3d10level9.dll d3d10level9.dll vm3dum64_10.dll winmm.dll vm3dum64_10.dll vm3dum64.dll dbghelp.dll dbghelp.dll d3d10level9.dll,normal
 msftedit.dll winmmbase.dll,normal
 advapi32.dll msvcrt.dll sechost.dll rpcrt4.dll ole32.dll gdi32.dll lpk.dll usp10.dll imm32.dll msctf.dll wdscore.dll oleaut32.dll shlwapi.dll cryptbase.dll cbscore.dll version.dll crypt32.dll msasn1.dll userenv.dll dpx.dll dpx.dll dpx.dll setupapi.dll devobj.dll mpr.dll vssapi.dll atl.dll vsstrace.dll sqmapi.dll webio.dll webio.dll rsaenh.dll rpcrtremote.dll clbcatq.dll smiengine.dll,normal
 ntdll.dll kernelbase.dll lpk.dll msvcrt.dll advapi32.dll sechost.dll shlwapi.dll ole32.dll imm32.dll msctf.dll api-ms-win-core-synch-l1-2-0.dll comres.dll clbcatq.dll netutils.dll srvcli.dll wkscli.dll cfgmgr32.dll devobj.dll version.dll msasn1.dll riched20.dll cryptui.dll shdocvw.dll ws2help.dll ws2_32.dll comdlg32.dll comctl32.dll dinput8.dll ieframe.dll ntmarta.dll oleacc.dll iertutil.dll kernel32.dll kernelbase.dll msvcrt.dll ole32.dll rpcrt4.dll oleaut32.dll,normal
 ntdll.dll wow64.dll wow64cpu.dll kernel32.dll kernel32.dll kernel32.dll advapi32.dll msvcrt.dll rpcrt4.dll dnsapi.dll ws2_32.dll nsi.dll winnsi.dll shlwapi.dll gdi32.dll user32.dll lpk.dll ole32.dll imm32.dll clbcatq.dll oleaut32.dll rsaenh.dll rpcrtremote.dll wevtapi.dll ntdll.dll kernel32.dll kernelbase.dll gdi32.dll lpk.dll usp10.dll msctf.dll rpcrt4.dll cryptbase.dll clbcatq.dll advapi32.dll sechost.dll ntdll.dll kernelbase.dll usp10.dll imm32.dll rpcrt4.dll oleaut32.dll cryptbase.dll ntdll.dll wow64cpu.dll kernel32.dll kernel32.dll user32.dll kernel32.dll msvcrt.dll user32.dll gdi32.dll lpk.dll usp10.dll advapi32.dll sechost.dll sspicli.dll imm32.dll msctf.dll,normal
 advapi32.dll msvcrt.dll sechost.dll rpcrt4.dll msvcr120_clr0400.dll mscoree.dll ole32.dll user32.dll oleaut32.dll msctf.dll cryptbase.dll cryptsp.dll rpcrtremote.dll clbcatq.dll mscoreei.dll clr.dll mscorlib.ni.dll clrjit.dll version.dll mscorlib.dll system.ni.dll system.management.ni.dll system.drawing.ni.dll system.windows.forms.ni.dll system.configuration.install.ni.dll microsoft.management.infrastructure.ni.dll microsoft.management.infrastructure.native.dll microsoft.management.infrastructure.native.dll system.web.services.ni.dll system.xml.ni.dll system.transactions.dll system.transactions.dll system.transactions.dll system.transactions.dll bcrypt.dll kernel32.dll kernelbase.dll gdi32.dll lpk.dll usp10.dll imm32.dll msctf.dll cryptbase.dll clbcatq.dll advapi32.dll,normal
 ntdll.dll kernel32.dll fastprox.dll wbemcomn.dll combase.dll ws2_32.dll sechost.dll nsi.dll user32.dll gdi32.dll cryptbase.dll bcryptprimitives.dll ncobjapi.dll wbemprox.dll cryptsp.dll bcrypt.dll powrprof.dll sspicli.dll winnsi.dll cimwin32.dll dnsapi.dll security.dll schannel.dll crypt32.dll msasn1.dll netutils.dll srvcli.dll wkscli.dll browcli.dll schedcli.dll,normal
 ntdll.dll ntdll.dll wow64win.dll user32.dll kernel32.dll winbrand.dll user32.dll gdi32.dll lpk.dll usp10.dll advapi32.dll sechost.dll sspicli.dll cryptbase.dll imm32.dll,normal
 ntdll.dll ntdll.dll wow64win.dll wow64cpu.dll kernel32.dll kernel32.dll user32.dll kernel32.dll KernelBase.dll winbrand.dll gdi32.dll lpk.dll rpcrt4.dll sspicli.dll apphelp.dll,normal
 mmcss.dll avrt.dll,normal
 ntdll.dll msvcrt.dll user32.dll gdi32.dll lpk.dll usp10.dll msctf.dll advapi32.dll sechost.dll,normal
 ntdll.dll wow64.dll wow64win.dll kernel32.dll kernel32.dll kernel32.dll kernelbase.dll advapi32.dll sechost.dll cryptbase.dll ws2_32.dll nsi.dll gdi32.dll ole32.dll imm32.dll msctf.dll clbcatq.dll oleaut32.dll shlwapi.dll cryptsp.dll rsaenh.dll ntdll.dll kernel32.dll kernelbase.dll msvcrt.dll user32.dll tquery.dll msshooks.dll msidle.dll cryptsp.dll rsaenh.dll mssprxy.dll gdi32.dll lpk.dll ole32.dll oleaut32.dll imm32.dll cryptbase.dll mapi32.dll mssph.dll ntmarta.dll wldap32.dll comctl32.dll propsys.dll apphelp.dll setupapi.dll cfgmgr32.dll devobj.dll profapi.dll kernel32.dll msvcrt.dll rpcrt4.dll user32.dll gdi32.dll lpk.dll usp10.dll ole32.dll tquery.dll shlwapi.dll msshooks.dll mscoree.dll mscoreei.dll cryptbase.dll clbcatq.dll cryptsp.dll rsaenh.dll rpcrtremote.dll mssprxy.dll ntdll.dll kernel32.dll advapi32.dll msvcrt.dll sechost.dll mscoree.dll ole32.dll user32.dll lpk.dll usp10.dll oleaut32.dll cryptbase.dll cryptsp.dll sxs.dll mscorlib.ni.dll mscorlib.dll version.dll mscorlib.dll mscorlib.dll system.ni.dll mcstoredb.ni.dll mcstoredb.dll mcstoredb.dll mcstoredb.dll nsi.dll microsoft.visualc.ni.dll system.data.ni.dll system.data.dll system.data.dll system.data.dll system.data.dll system.data.dll crypt32.dll msasn1.dll bdatunepia.dll mcstore.ni.dll system.directoryservices.ni.dll system.configuration.ni.dll system.data.sqlxml.ni.dll system.directoryservices.protocols.ni.dll system.enterpriseservices.ni.dll system.enterpriseservices.dll system.enterpriseservices.dll system.design.ni.dll system.transactions.dll system.transactions.dll system.transactions.dll system.data.oracleclient.dll system.data.oracleclient.dll system.data.oracleclient.dll system.deployment.ni.dll system.configuration.install.ni.dll microsoft.mediacenter.ui.ni.dll ehiuserxp.ni.dll,normal
 ntdll.dll kernel32.dll ws2_32.dll rpcrt4.dll nsi.dll nsi.dll vcruntime140.dll api-ms-win-crt-runtime-l1-1-0.dll ucrtbase.dll api-ms-win-core-timezone-l1-1-0.dll api-ms-win-core-localization-l1-2-0.dll api-ms-win-core-processthreads-l1-1-1.dll api-ms-win-core-file-l1-2-0.dll api-ms-win-crt-heap-l1-1-0.dll api-ms-win-crt-string-l1-1-0.dll api-ms-win-crt-stdio-l1-1-0.dll mswsock.dll user32.dll gdi32.dll lpk.dll imm32.dll msctf.dll wshtcpip.dll,HTran
 ntdll.dll wow64.dll wow64cpu.dll kernel32.dll kernel32.dll user32.dll kernel32.dll msvcrt.dll user32.dll gdi32.dll lpk.dll usp10.dll rpcrt4.dll cryptbase.dll msctf.dll,normal
 atl.dll eappcfg.dll,normal
 kernel32.dll kernelbase.dll ws2_32.dll vcruntime140.dll api-ms-win-crt-runtime-l1-1-0.dll api-ms-win-crt-stdio-l1-1-0.dll api-ms-win-crt-locale-l1-1-0.dll api-ms-win-crt-heap-l1-1-0.dll rpcrt4.dll nsi.dll napinsp.dll msvcrt.dll dnsapi.dll winrnr.dll,HTran
 ntdll.dll kernel32.dll kernel32.dll kernel32.dll KernelBase.dll advapi32.dll sechost.dll sspicli.dll cryptbase.dll msvcr120_clr0400.dll mscoree.dll gdi32.dll lpk.dll oleaut32.dll imm32.dll msctf.dll rsaenh.dll sxs.dll mscorwks.dll msvcr80.dll shlwapi.dll profapi.dll mscorlib.ni.dll mscorlib.dll mscorlib.dll mscorlib.dll System.ni.dll WindowsBase.ni.dll PresentationCore.ni.dll PresentationFramework.ni.dll PresentationFramework.dll PresentationFramework.Classic.dll PresentationFramework.Classic.dll PresentationFramework.dll WindowsBase.dll WindowsBase.dll WindowsBase.dll System.dll System.dll System.dll System.dll PresentationCore.dll ntdll.dll kernel32.dll sechost.dll gdi32.dll usp10.dll oleaut32.dll shlwapi.dll imm32.dll msctf.dll Faultrep.dll version.dll SensApi.dll cryptbase.dll duser.dll dwmapi.dll xmllite.dll dbgeng.dll dbghelp.dll ws2_32.dll sspicli.dll cryptsp.dll werui.dll winhttp.dll credssp.dll mswsock.dll dhcpcsvc.dll rasadhlp.dll crypt32.dll msasn1.dll schannel.dll secur32.dll bcrypt.dll bcryptprimitives.dll userenv.dll cryptsp.dll rsaenh.dll,normal
 ntdll.dll kernelbase.dll advapi32.dll msvcrt.dll sechost.dll rpcrt4.dll user32.dll gdi32.dll gdi32full.dll oleaut32.dll shell32.dll cfgmgr32.dll kernel.appcore.dll powrprof.dll playsndsrv.dll oleacc.dll uxtheme.dll dui70.dll,normal
 msvcrt.dll sechost.dll lpk.dll usp10.dll ole32.dll wmsgapi.dll wtsapi32.dll winsta.dll msasn1.dll msctf.dll msutb.dll comctl32.dll shlwapi.dll secur32.dll shell32.dll cryptbase.dll uxtheme.dll wintrust.dll cryptsp.dll rsaenh.dll imagehlp.dll bcrypt.dll ncrypt.dll gpapi.dll wldap32.dll version.dll oleaut32.dll api-ms-win-downlevel-ole32-l1-1-0.dll api-ms-win-downlevel-shlwapi-l1-1-0.dll api-ms-win-downlevel-advapi32-l1-1-0.dll api-ms-win-downlevel-user32-l1-1-0.dll normaliz.dll iertutil.dll wininet.dll,normal
 ntdll.dll,normal
 ntdll.dll wow64.dll wow64win.dll wow64cpu.dll kernel32.dll kernel32.dll kernel32.dll kernelbase.dll gdi32.dll lpk.dll usp10.dll sechost.dll rpcrt4.dll sspicli.dll shell32.dll ntmarta.dll wldap32.dll ole32.dll comctl32.dll apphelp.dll psapi.dll profapi.dll cryptsp.dll rsaenh.dll clbcatq.dll oleaut32.dll explorerframe.dll duser.dll dui70.dll dwmapi.dll propsys.dll urlmon.dll crypt32.dll ws2_32.dll nsi.dll winnsi.dll userenv.dll schannel.dll rtutils.dll sensapi.dll nlaapi.dll rasadhlp.dll napinsp.dll pnrpnsp.dll wshbth.dll wship6.dll schannel.dll ncrypt.dll bcrypt.dll ntdll.dll kernel32.dll msvcrt.dll sechost.dll rpcrt4.dll dhcpcsvc.dll shell32.dll shlwapi.dll lpk.dll usp10.dll,normal
 ntdll.dll wow64.dll wow64win.dll wow64cpu.dll kernel32.dll kernelbase.dll msvcrt.dll cryptbase.dll msvcr120_clr0400.dll mscoree.dll ole32.dll gdi32.dll user32.dll lpk.dll usp10.dll oleaut32.dll msctf.dll cryptsp.dll rsaenh.dll clbcatq.dll sxs.dll msvcr80.dll shlwapi.dll shell32.dll mscorjit.dll mscorlib.dll presentationframework.classic.ni.dll windowsbase.ni.dll presentationcore.ni.dll presentationframework.ni.dll presentationframework.dll presentationframework.dll presentationframework.classic.dll presentationframework.classic.dll presentationframework.dll presentationframework.dll windowsbase.dll windowsbase.dll system.dll system.dll system.dll presentationcore.dll presentationcore.dll presentationcore.dll ntdll.dll msvcrt.dll sechost.dll user32.dll gdi32.dll usp10.dll ole32.dll shlwapi.dll msctf.dll wer.dll psapi.dll duser.dll msswch.dll winmm.dll xmllite.dll dbghelp.dll nsi.dll sspicli.dll werui.dll winhttp.dll webio.dll credssp.dll wship6.dll winnsi.dll dhcpcsvc.dll dnsapi.dll crypt32.dll msasn1.dll schannel.dll secur32.dll bcrypt.dll bcryptprimitives.dll gpapi.dll shell32.dll,normal
 ntdll.dll ntdll.dll kernelbase.dll msvcrt.dll sechost.dll ole32.dll gdi32.dll user32.dll lpk.dll oleaut32.dll msctf.dll cryptbase.dll cryptsp.dll rsaenh.dll rpcrtremote.dll mscorwks.dll shlwapi.dll shell32.dll mscorjit.dll mscorlib.dll mscorlib.dll version.dll mscorlib.dll mcplayerinterop.ni.dll mcplayerinterop.dll mcplayerinterop.dll dwmapi.dll microsoft.visualc.ni.dll microsoft.mediacenter.sports.ni.dll microsoft.mediacenter.ni.dll microsoft.mediacenter.shell.ni.dll d3d9.dll system.runtime.remoting.ni.dll system.drawing.ni.dll system.security.ni.dll system.data.dll system.data.dll system.data.dll ws2_32.dll crypt32.dll system.web.ni.dll system.web.dll system.web.dll system.web.dll system.web.services.ni.dll ehiproxy.ni.dll microsoft.mediacenter.itvvm.ni.dll microsoft.mediacenter.playback.ni.dll ehiwmp.ni.dll mcstore.ni.dll ehiitv.ni.dll mcx2dvcs.ni.dll mcx2dvcs.dll mcx2dvcs.dll netapi32.dll srvcli.dll wtsapi32.dll webio.dll wlanapi.dll wlanutil.dll ehiuserxp.ni.dll microsoft.mediacenter.itv.ni.dll bdatunepia.ni.dll bdatunepia.dll bdatunepia.dll bdatunepia.dll mcstoredb.dll mcstoredb.dll mcstoredb.dll rasapi32.dll rasman.dll microsoft.mediacenter.tv.tuners.interop.dll microsoft.mediacenter.tv.tuners.interop.dll microsoft.mediacenter.interop.ni.dll gdiplus.dll winmm.dll ehiwuapi.ni.dll ehrecobj.ni.dll system.serviceprocess.ni.dll system.runtime.serialization.formatters.soap.ni.dll system.data.sqlxml.ni.dll system.directoryservices.protocols.ni.dll system.enterpriseservices.ni.dll system.enterpriseservices.dll system.design.ni.dll system.transactions.ni.dll system.transactions.dll system.transactions.dll system.transactions.dll system.transactions.dll system.transactions.dll system.data.oracleclient.ni.dll system.data.oracleclient.dll system.data.oracleclient.dll system.data.oracleclient.dll accessibility.ni.dll system.configuration.install.ni.dll stdole.ni.dll mscorsec.dll wintrust.dll riched20.dll imagehlp.dll ncrypt.dll bcrypt.dll wldap32.dll sensapi.dll microsoft.mediacenter.itv.media.ni.dll microsoft.mediacenter.itv.media.dll microsoft.mediacenter.itv.media.dll microsoft.mediacenter.itv.media.dll ntdll.dll kernel32.dll advapi32.dll msvcrt.dll rpcrt4.dll msvcr120_clr0400.dll gdi32.dll user32.dll oleaut32.dll msctf.dll cryptsp.dll clbcatq.dll mscorwks.dll shlwapi.dll shell32.dll profapi.dll mscorjit.dll mscorlib.dll mscorlib.dll mscorsec.dll crypt32.dll msasn1.dll comctl32.dll imagehlp.dll ncrypt.dll bcrypt.dll bcryptprimitives.dll gpapi.dll cryptnet.dll wldap32.dll system.ni.dll system.drawing.ni.dll culture.dll microsoft.visualstudio.tools.office.containercontrol.v10.0.dll microsoft.visualstudio.tools.office.containercontrol.v10.0.dll ntdll.dll kernel32.dll rpcrt4.dll mscoree.dll user32.dll lpk.dll imm32.dll msctf.dll cryptsp.dll rsaenh.dll mscoreei.dll shlwapi.dll mscorlib.ni.dll clrjit.dll reachframework.ni.dll mscorlib.dll windowsbase.ni.dll presentationcore.dll system.printing.dll system.security.ni.dll system.xml.ni.dll,normal
 ntdll.dll sechost.dll rpcrt4.dll msvcr120_clr0400.dll mscoree.dll gdi32.dll user32.dll usp10.dll oleaut32.dll msctf.dll cryptbase.dll cryptsp.dll rsaenh.dll rpcrtremote.dll clbcatq.dll mscoreei.dll mscorwks.dll msvcr80.dll shlwapi.dll shell32.dll mscorlib.ni.dll mscorjit.dll mscorlib.dll mscorlib.dll version.dll mscorlib.dll system.ni.dll microsoft.grouppolicy.reporting.ni.dll securityauditpoliciessnapin.ni.dll system.management.ni.dll activeds.dll adsldpc.dll ntdsapi.dll nsi.dll crypt32.dll msasn1.dll wkscli.dll dsrole.dll odbc32.dll comctl32.dll mpr.dll odbcint.dll microsoft.security.applicationid.policymanagement.policymodel.ni.dll system.drawing.ni.dll system.web.ni.dll system.web.dll system.web.dll system.web.dll auditpolicygpmanagedstubs.interop.ni.dll auditpolicygpmanagedstubs.interop.dll auditpolicygpmanagedstubs.interop.dll system.configuration.install.ni.dll mmcfxcommon.ni.dll system.deployment.ni.dll microsoft.jscript.ni.dll microsoft.vsa.ni.dll microsoft.visualc.ni.dll microsoft.security.applicationid.policymanagement.xmlhelper.ni.dll microsoft.security.applicationid.policymanagement.policyengineapi.interop.dll microsoft.security.applicationid.policymanagement.policyengineapi.interop.dll system.data.dll system.data.dll system.data.dll system.web.services.ni.dll system.directoryservices.protocols.ni.dll system.enterpriseservices.ni.dll system.enterpriseservices.dll system.serviceprocess.ni.dll system.web.regularexpressions.ni.dll system.transactions.ni.dll system.transactions.dll system.transactions.dll system.transactions.dll system.transactions.dll system.drawing.design.ni.dll system.data.oracleclient.dll system.data.oracleclient.dll ntdll.dll kernel32.dll kernelbase.dll msvcrt.dll sechost.dll rpcrt4.dll msvcr120_clr0400.dll mscoree.dll ole32.dll user32.dll lpk.dll usp10.dll imm32.dll msctf.dll rsaenh.dll rpcrtremote.dll clbcatq.dll sxs.dll mscorlib.ni.dll clrjit.dll ntdll.dll ntdll.dll wow64win.dll kernel32.dll kernel32.dll user32.dll kernelbase.dll advapi32.dll msvcrt.dll sechost.dll msvcr120_clr0400.dll mscoree.dll user32.dll imm32.dll msctf.dll cryptsp.dll rsaenh.dll rpcrtremote.dll clbcatq.dll msvcr80.dll shlwapi.dll mscorlib.ni.dll mscorlib.dll mscorlib.dll system.ni.dll system.core.ni.dll system.xml.linq.ni.dll system.xml.linq.dll system.xml.linq.dll system.xml.linq.dll system.dll system.dll system.dll system.core.dll system.xml.dll system.xml.dll system.xml.dll system.xml.dll system.configuration.ni.dll system.configuration.dll system.configuration.dll system.configuration.dll system.security.dll system.data.sqlxml.dll system.data.sqlxml.dll,normal
 ntdll.dll kernel32.dll KernelBase.dll msvcrt.dll winbrand.dll user32.dll gdi32.dll lpk.dll,normal
 ntdll.dll kernel32.dll KernelBase.dll ole32.dll gdi32.dll usp10.dll imm32.dll msctf.dll cryptbase.dll advapi32.dll sechost.dll RpcRtRemote.dll uxtheme.dll shell32.dll shlwapi.dll comctl32.dll api-ms-win-downlevel-shlwapi-l1-1-0.dll api-ms-win-downlevel-shlwapi-l2-1-0.dll api-ms-win-downlevel-advapi32-l1-1-0.dll duser.dll dwmapi.dll msswch.dll imageres.dll,normal
 wow64.dll wow64win.dll wow64cpu.dll kernel32.dll kernel32.dll user32.dll kernel32.dll advapi32.dll cryptbase.dll ws2_32.dll dhcpcsvc.dll dhcpcsvc6.dll shell32.dll shlwapi.dll gdi32.dll lpk.dll usp10.dll imm32.dll msctf.dll oleaut32.dll wevtapi.dll ntdll.dll wow64win.dll wow64cpu.dll kernel32.dll kernel32.dll user32.dll KernelBase.dll winbrand.dll user32.dll gdi32.dll lpk.dll advapi32.dll rpcrt4.dll sspicli.dll cryptbase.dll imm32.dll apphelp.dll,normal
 ntmarta.dll tbs.dll ngcpopkeysrv.dll pcpksp.dll pcpksp.dll,normal
 ntdll.dll kernel32.dll KernelBase.dll gdi32.dll user32.dll lpk.dll usp10.dll msvcrt.dll msctf.dll cryptbase.dll clbcatq.dll sechost.dll wow64win.dll wow64cpu.dll kernel32.dll kernel32.dll winbrand.dll user32.dll gdi32.dll lpk.dll usp10.dll sechost.dll sspicli.dll cryptbase.dll msctf.dll apphelp.dll,normal
 ntdll.dll ntdll.dll kernel32.dll kernel32.dll kernel32.dll kernelbase.dll winbrand.dll gdi32.dll lpk.dll usp10.dll advapi32.dll rpcrt4.dll imm32.dll msctf.dll apphelp.dll,normal
 wevtapi.dll wevtapi.dll wevtapi.dll wevtapi.dll dfsrress.dll wecsvc.dll wevtapi.dll wevtapi.dll appidapi.dll aeevts.dll authui.dll lsasrv.dll qmgr.dll crypt32.dll certpoleng.dll cofiredm.dll cofiredm.dll pla.dll sdiagprv.dll netdiagfx.dll dps.dll wudfplatform.dll certadm.dll apds.dll wevtfwd.dll hgcpl.dll microsoft-windows-kernel-power-events.dll ncsi.dll nlasvc.dll msv1_0.dll psevents.dll tsworkspace.dll rstrtmgr.dll svrmgrnc.dll osbaseln.dll umrdp.dll mstscax.dll termsrv.dll profsvc.dll webio.dll mpssvc.dll mscms.dll winhttp.dll oleres.dll uiautomationcore.dll cbsmsg.dll wininet.dll samsrv.dll webservices.dll setupetw.dll display.dll wldap32.dll scardsvr.dll winmgmtr.dll ntshrui.dll credui.dll propsys.dll netdiagfx.dll iphlpsvc.dll connect.dll nettrace.dll prflbmsg.dll certcli.dll logoncli.dll usercpl.dll ntevt.dll comdlg32.dll shsvcs.dll netlogon.dll xwizards.dll onex.dll ntdsmsg.dll perfdisk.dll adtschema.dll msobjs.dll efscore.dll lsasrv.dll perfctrs.dll dxptasksync.dll fdphost.dll reagent.dll umrdp.dll kdcsvc.dll firewallcontrolpanel.dll netshell.dll rtm.dll ipnathlp.dll mpssvc.dll ieframe.dll stobject.dll perfos.dll uianimation.dll tbssvc.dll efssvc.dll schedsvc.dll dimsjob.dll microsoft-windows-hal-events.dll certenroll.dll energy.dll taskbarcpl.dll mpssvc.dll deviceuxres.dll msoobeui.dll microsoft-windows-kernel-processor-power-events.dll apphelp.dll certprop.dll dsound.dll setupetw.dll dwmcore.dll tcpmon.dll mshtml.dll mciavi32.dll mpssvc.dll dot3gpclnt.dll ktmw32.dll powercpl.dll csrsrv.dll dui70.dll csrsrv.dll fundisc.dll lsasrv.dll umpnpmgr.dll dwmredir.dll rpcepmap.dll kerberos.dll zipfldr.dll userenv.dll wabsyncprovider.dll pdh.dll msutb.dll sens.dll w32time.dll van.dll quartz.dll msdtcvsp1res.dll comres.dll tabskb.dll shsvcs.dll uiribbon.dll perfproc.dll ipmiprr.dll comres.dll themeui.dll winsetup.dll wecsvc.dll dfsrress.dll,normal
 msctf.dll ntdll.dll kernel32.dll kernelbase.dll kernelbase.dll msvcrt.dll msvcrt.dll gdi32.dll gdi32.dll user32.dll user32.dll lpk.dll ole32.dll ole32.dll oleaut32.dll imm32.dll,normal
 ntdll.dll KernelBase.dll imm32.dll oleaut32.dll msctf.dll rpcrt4.dll uxtheme.dll tiptsf.dll dwmapi.dll comctl32.dll ole32.dll sechost.dll cryptbase.dll advapi32.dll shell32.dll version.dll propsys.dll profapi.dll ntmarta.dll imecfm.dll,normal
 ntdll.dll kernel32.dll KernelBase.dll advapi32.dll msvcrt.dll sechost.dll rpcrt4.dll dnsapi.dll winnsi.dll dhcpcsvc.dll user32.dll lpk.dll usp10.dll imm32.dll msctf.dll clbcatq.dll rsaenh.dll wevtapi.dll ntdll.dll kernel32.dll gdi32.dll user32.dll lpk.dll usp10.dll msvcrt.dll imm32.dll ole32.dll rpcrt4.dll oleaut32.dll KernelBase.dll gdi32.dll lpk.dll usp10.dll msvcrt.dll imm32.dll oleaut32.dll cryptbase.dll clbcatq.dll ntdll.dll KernelBase.dll advapi32.dll sechost.dll rpcrt4.dll ole32.dll gdi32.dll user32.dll lpk.dll usp10.dll oleaut32.dll shell32.dll shlwapi.dll dbghelp.dll cryptbase.dll version.dll crypt32.dll msasn1.dll wintrust.dll userenv.dll dpx.dll dpx.dll DrUpdate.dll setupapi.dll cfgmgr32.dll mpr.dll wrpint.dll sqmapi.dll winhttp.dll webio.dll winhttp.dll webio.dll rsaenh.dll RpcRtRemote.dll clbcatq.dll smipi.dll smiengine.dll ntdll.dll kernel32.dll KernelBase.dll gdi32.dll imm32.dll msctf.dll ole32.dll rpcrt4.dll ntdll.dll ntdll.dll kernel32.dll user32.dll KernelBase.dll msvcrt.dll usp10.dll sechost.dll sspicli.dll cryptbase.dll imm32.dll msctf.dll,normal
 ntdll.dll advapi32.dll msvcrt.dll sechost.dll rpcrt4.dll msvcr120_clr0400.dll mscoree.dll ole32.dll gdi32.dll user32.dll lpk.dll usp10.dll imm32.dll cryptbase.dll RpcRtRemote.dll sxs.dll shlwapi.dll profapi.dll mscorlib.ni.dll mscorlib.dll mscorlib.dll WindowsBase.ni.dll PresentationCore.ni.dll PresentationCore.dll PresentationCore.dll PresentationCore.dll PresentationCore.dll ntdll.dll ntdll.dll wow64.dll kernel32.dll kernel32.dll user32.dll KernelBase.dll advapi32.dll rpcrt4.dll sspicli.dll cryptbase.dll mscoree.dll ole32.dll gdi32.dll lpk.dll usp10.dll oleaut32.dll imm32.dll msctf.dll RpcRtRemote.dll clbcatq.dll clr.dll shlwapi.dll mscorlib.ni.dll clrjit.dll mscorlib.dll mscorlib.dll System.ni.dll System.dll System.Configuration.ni.dll System.Configuration.dll System.Configuration.dll System.Xml.ni.dll,normal
 ntdll.dll ntdll.dll kernel32.dll kernel32.dll kernel32.dll kernel32.dll KernelBase.dll winbrand.dll gdi32.dll usp10.dll advapi32.dll sechost.dll rpcrt4.dll sspicli.dll cryptbase.dll,normal
 msspell7.dll mscss7en.dll igd10iumd64.dll msspell7.dll igd10iumd64.dll mscss7en.dll mscss7en.dll msspell7.dll msspell7.dll mscss7en.dll msspell7.dll mscss7en.dll mscss7en.dll msspell7.dll mscss7en.dll mscss7en.dll msspell7.dll msspell7.dll mscss7en.dll mscss7en.dll imecfmps.dll igd10iumd64.dll igd10iumd64.dll,normal
 msctf.dll ntdll.dll ntdll.dll KernelBase.dll msvcrt.dll rpcrt4.dll rpcrt4.dll gdi32.dll gdi32.dll user32.dll lpk.dll usp10.dll ole32.dll ole32.dll oleaut32.dll ntdll.dll kernel32.dll KernelBase.dll advapi32.dll msvcrt.dll rpcrt4.dll ucrtbase.dll api-ms-win-core-localization-l1-2-0.dll api-ms-win-core-processthreads-l1-1-1.dll api-ms-win-crt-string-l1-1-0.dll api-ms-win-crt-heap-l1-1-0.dll api-ms-win-crt-stdio-l1-1-0.dll api-ms-win-crt-convert-l1-1-0.dll msvcp140.dll api-ms-win-crt-multibyte-l1-1-0.dll api-ms-win-crt-time-l1-1-0.dll api-ms-win-crt-filesystem-l1-1-0.dll ole32.dll gdi32.dll lpk.dll oleaut32.dll imm32.dll msctf.dll,normal
 ntdll.dll gdi32.dll user32.dll lpk.dll usp10.dll mfc42u.dll oleaut32.dll odbc32.dll shell32.dll urlmon.dll crypt32.dll msasn1.dll winmm.dll ws2_32.dll imm32.dll cryptbase.dll uxtheme.dll riched20.dll comctl32.dll oleacc.dll imecfm.dll tiptsf.dll msdart.dll cryptsp.dll rsaenh.dll rpcrtremote.dll bcrypt.dll oledb32r.dll atl.dll msjetoledb40.dll mswstr10.dll msjter40.dll msjint40.dll msadox.dll msadrh15.dll msjtes40.dll vbajet32.dll expsrv.dll msadce.dll,caidao
 ntdll.dll ntdll.dll wow64.dll kernel32.dll kernel32.dll KernelBase.dll msvcrt.dll winbrand.dll user32.dll gdi32.dll lpk.dll rpcrt4.dll sspicli.dll cryptbase.dll msctf.dll,normal
 kernel32.dll advapi32.dll msvcrt.dll rpcrt4.dll bcrypt.dll crypt32.dll cryptxml.dll ole32.dll xmllite.dll bcryptprimitives.dll user32.dll gdi32full.dll win32u.dll kernel.appcore.dll sppwinob.dll clipc.dll sppobjs.dll netapi32.dll clbcatq.dll msxml6.dll taskschd.dll sspicli.dll,normal
 ntdll.dll gdi32.dll user32.dll lpk.dll usp10.dll msvcrt.dll msctf.dll rpcrt4.dll oleaut32.dll uxtheme.dll dwmapi.dll shlwapi.dll winmm.dll msswch.dll kernelbase.dll advapi32.dll msvcrt.dll sechost.dll rpcrt4.dll gdi32.dll usp10.dll shlwapi.dll ole32.dll shell32.dll powrprof.dll cfgmgr32.dll oleaut32.dll imm32.dll wevtapi.dll apphelp.dll,normal
 sensapi.dll cryptsp.dll dbghelp.dll powrprof.dll wdscore.dll wdscore.dll cbscore.dll ktmw32.dll ktmw32.dll dpx.dll wcp.dll drupdate.dll mpr.dll mpr.dll srclient.dll spp.dll spp.dll vssapi.dll vssapi.dll atl.dll vsstrace.dll sxsstore.dll sysntfy.dll sysntfy.dll devrtl.dll devrtl.dll apphelp.dll apphelp.dll samlib.dll samlib.dll ntdsapi.dll version.dll wdscore.dll cbscore.dll cbscore.dll ktmw32.dll dpx.dll drupdate.dll mpr.dll srclient.dll srclient.dll spp.dll vssapi.dll vssapi.dll atl.dll wrpint.dll wrpint.dll sxsstore.dll sqmapi.dll sysntfy.dll sysntfy.dll devrtl.dll ntmarta.dll ntmarta.dll apphelp.dll samlib.dll bcrypt.dll bcrypt.dll ntdsapi.dll ntdsapi.dll wbemprox.dll wbemprox.dll wbemcomn2.dll wbemcomn2.dll wbemcomn2.dll fastprox.dll fastprox.dll wbemsvc.dll wbemsvc.dll wbemsvc.dll wmiutils.dll drvstore.dll drvstore.dll drvstore.dll drvstore.dll cmiadapter.dll cmiadapter.dll cmiv2.dll cmiv2.dll cmiv2.dll xmllite.dll wmicmiplugin.dll wmicmiplugin.dll wmicmiplugin.dll cmitrust.dll cmitrust.dll cmitrust.dll cmitrust.dll mofinstall.dll mofinstall.dll mofinstall.dll mofinstall.dll mofd.dll msctf.dll ws2_32.dll ws2_32.dll ws2_32.dll nsi.dll ntdll.dll kernel32.dll kernel32.dll kernelbase.dll kernelbase.dll msvcrt.dll msvcrt.dll advapi32.dll sechost.dll rpcrt4.dll rpcrt4.dll shell32.dll shlwapi.dll gdi32.dll gdi32.dll user32.dll user32.dll lpk.dll usp10.dll oleaut32.dll imm32.dll cfgmgr32.dll setupapi.dll setupapi.dll devobj.dll devobj.dll psapi.dll crypt32.dll crypt32.dll msasn1.dll msasn1.dll msasn1.dll wintrust.dll wintrust.dll wintrust.dll userenv.dll rpcrtremote.dll rpcrtremote.dll rpcrtremote.dll wldap32.dll apphelp.dll,normal
 ntdll.dll msvcrt.dll gdi32.dll usp10.dll rpcrt4.dll imm32.dll cryptbase.dll clbcatq.dll advapi32.dll sechost.dll oleaut32.dll cryptsp.dll rsaenh.dll RpcRtRemote.dll uxtheme.dll comctl32.dll shlwapi.dll,normal
 ntdll.dll kernelbase.dll ucrtbase.dll rpcrt4.dll bcryptprimitives.dll clbcatq.dll win32u.dll gdi32full.dll imm32.dll sechost.dll idstore.dll bcrypt.dll profapi.dll,normal
 ntdll.dll kernelbase.dll msvcrt.dll sechost.dll rpcrt4.dll user32.dll gdi32.dll ole32.dll imm32.dll msctf.dll msshooks.dll mscoree.dll mscoreei.dll cryptbase.dll clbcatq.dll cryptsp.dll mssprxy.dll sxs.dll,normal
 ntdll.dll kernel32.dll KernelBase.dll msvcrt.dll sechost.dll msvcr120_clr0400.dll ole32.dll gdi32.dll usp10.dll oleaut32.dll msctf.dll rsaenh.dll RpcRtRemote.dll clbcatq.dll sxs.dll mscorwks.dll msvcr80.dll shlwapi.dll shell32.dll profapi.dll mscorlib.dll mscorlib.dll mscorlib.dll mscorlib.dll System.ni.dll System.Security.ni.dll,normal
 api-ms-win-crt-runtime-l1-1-0.dll api-ms-win-crt-stdio-l1-1-0.dll api-ms-win-crt-string-l1-1-0.dll api-ms-win-crt-convert-l1-1-0.dll api-ms-win-crt-math-l1-1-0.dll api-ms-win-crt-locale-l1-1-0.dll rpcrt4.dll nsi.dll api-ms-win-crt-heap-l1-1-0.dll ucrtbase.dll,HTran
 ntdll.dll ntdll.dll kernel32.dll KernelBase.dll advapi32.dll msvcrt.dll sechost.dll gdi32.dll imm32.dll msctf.dll ole32.dll shell32.dll slc.dll cryptbase.dll clbcatq.dll cryptsp.dll rsaenh.dll RpcRtRemote.dll sppcomapi.dll crypt32.dll winhttp.dll webio.dll rasapi32.dll rasman.dll ws2_32.dll setupapi.dll cfgmgr32.dll slwga.dll wtsapi32.dll WinSCard.dll sxs.dll cryptui.dll winmm.dll,normal
 ntdll.dll wow64win.dll wow64cpu.dll kernel32.dll oleaut32.dll msvcrt.dll gdi32.dll user32.dll advapi32.dll sechost.dll sspicli.dll lpk.dll usp10.dll imm32.dll msctf.dll clbcatq.dll mscoree.dll fusion.dll clr.dll msvcr120_clr0400.dll ntdll.dll kernel32.dll user32.dll taskschd.dll ntdll.dll wow64.dll wow64win.dll kernel32.dll kernel32.dll kernel32.dll KernelBase.dll advapi32.dll msvcrt.dll rpcrt4.dll sspicli.dll dnsapi.dll ws2_32.dll user32.dll lpk.dll imm32.dll clbcatq.dll oleaut32.dll cryptsp.dll rsaenh.dll RpcRtRemote.dll,normal
 ntdll.dll ntdll.dll wow64win.dll kernel32.dll kernel32.dll kernel32.dll kernelbase.dll winbrand.dll gdi32.dll lpk.dll usp10.dll advapi32.dll sechost.dll rpcrt4.dll apphelp.dll,normal
 ntdll.dll kernel32.dll user32.dll kernel32.dll KernelBase.dll advapi32.dll msvcrt.dll sechost.dll msvcr120_clr0400.dll ole32.dll gdi32.dll usp10.dll oleaut32.dll imm32.dll rsaenh.dll RpcRtRemote.dll clbcatq.dll shlwapi.dll mscorlib.ni.dll System.ni.dll System.Drawing.ni.dll System.Windows.Forms.ni.dll version.dll System.Windows.Forms.dll System.Windows.Forms.dll mscorlib.dll System.dll System.Drawing.dll System.Xml.ni.dll System.Security.ni.dll System.Security.dll System.Security.dll System.Core.ni.dll System.Core.dll System.Configuration.dll System.Configuration.dll Accessibility.ni.dll Accessibility.dll System.Deployment.dll System.Deployment.dll System.Runtime.Serialization.Formatters.Soap.ni.dll,normal
 wmiapres.dll wmiapres.dll ntmarta.dll,normal
 kernel32.dll kernelbase.dll msvcrt.dll sechost.dll rpcrt4.dll combase.dll msvcp110_win.dll win32u.dll oleaut32.dll msvcp_win.dll crypt32.dll msasn1.dll wkscli.dll dsreg.dll profapi.dll secur32.dll ntasn1.dll sspicli.dll kernel.appcore.dll dpapi.dll mswsock.dll nsi.dll netutils.dll rasadhlp.dll bcrypt.dll wininet.dll ntdsapi.dll kerberos.dll,normal
 ntdll.dll wow64.dll wow64win.dll kernel32.dll kernel32.dll msvcrt.dll winbrand.dll gdi32.dll lpk.dll usp10.dll advapi32.dll rpcrt4.dll sspicli.dll cryptbase.dll imm32.dll,normal
 ntdll.dll kernel32.dll KernelBase.dll msvcrt.dll sechost.dll rpcrt4.dll user32.dll lpk.dll imm32.dll msctf.dll wdscore.dll oleaut32.dll cryptbase.dll CbsCore.dll version.dll crypt32.dll msasn1.dll wintrust.dll userenv.dll ktmw32.dll dpx.dll wcp.dll setupapi.dll cfgmgr32.dll mpr.dll sqmapi.dll winhttp.dll winhttp.dll webio.dll rsaenh.dll clbcatq.dll smipi.dll,normal
 ntdll.dll wow64.dll wow64win.dll user32.dll kernelbase.dll sspicli.dll dnsapi.dll ws2_32.dll winnsi.dll dhcpcsvc6.dll shlwapi.dll user32.dll usp10.dll ole32.dll imm32.dll clbcatq.dll oleaut32.dll cryptsp.dll rsaenh.dll rpcrtremote.dll wevtapi.dll ntdll.dll ntdll.dll wow64.dll wow64win.dll wow64cpu.dll kernel32.dll kernel32.dll kernel32.dll kernelbase.dll user32.dll gdi32.dll usp10.dll advapi32.dll sspicli.dll cryptbase.dll imm32.dll msctf.dll,normal
 ntdll.dll advapi32.dll sechost.dll rpcrt4.dll gdi32.dll lpk.dll usp10.dll msimg32.dll wmsgapi.dll winmm.dll userenv.dll profapi.dll winsta.dll msasn1.dll msctf.dll msutb.dll secur32.dll sspicli.dll shell32.dll wintrust.dll rsaenh.dll bcrypt.dll ncrypt.dll gpapi.dll cryptnet.dll wldap32.dll sensapi.dll clbcatq.dll oleaut32.dll urlmon.dll api-ms-win-downlevel-version-l1-1-0.dll api-ms-win-downlevel-normaliz-l1-1-0.dll iertutil.dll wininet.dll,normal
 mscoree.dll mscoreei.dll clr.dll msctf.dll ntdll.dll kernel32.dll kernelbase.dll advapi32.dll sechost.dll shlwapi.dll user32.dll lpk.dll usp10.dll imm32.dll cryptbase.dll fusion.dll microsoft.management.infrastructure.native.dll advapi32.dll msvcrt.dll sechost.dll rpcrt4.dll user32.dll gdi32.dll usp10.dll oleaut32.dll ole32.dll bcrypt.dll imm32.dll msctf.dll psapi.dll cryptbase.dll clbcatq.dll rsaenh.dll ntdsapi.dll wmiutils.dll wbemcomn2.dll vsocklib.dll wmiprov.dll,normal
 ntdll.dll kernelbase.dll,normal
 ntdll.dll kernelbase.dll user32.dll combase.dll kernel.appcore.dll cryptbase.dll bcryptprimitives.dll sechost.dll uxtheme.dll cryptsp.dll rsaenh.dll bcrypt.dll clbcatq.dll winsta.dll oleaut32.dll shcore.dll dwmapi.dll shlwapi.dll userenv.dll profapi.dll gpapi.dll comctl32.dll gdiplus.dll ninput.dll tiptsf.dll,normal
 ntdll.dll wow64.dll wow64win.dll kernel32.dll kernel32.dll user32.dll kernelbase.dll winbrand.dll user32.dll lpk.dll usp10.dll sechost.dll rpcrt4.dll imm32.dll msctf.dll apphelp.dll ntdll.dll kernel32.dll kernelbase.dll sechost.dll rpcrt4.dll msvcr120_clr0400.dll gdi32.dll user32.dll lpk.dll oleaut32.dll msctf.dll cryptbase.dll rsaenh.dll sxs.dll mscorwks.dll profapi.dll mscorlib.ni.dll mscorjit.dll mscorlib.dll mscorlib.dll version.dll bdatunepia.dll system.configuration.ni.dll system.xml.ni.dll system.security.ni.dll kernelbase.dll sechost.dll mscoree.dll ole32.dll gdi32.dll user32.dll usp10.dll oleaut32.dll msctf.dll cryptbase.dll cryptsp.dll rpcrtremote.dll sxs.dll mscoreei.dll shell32.dll mscorlib.ni.dll mscorlib.dll version.dll mscorlib.dll mscorlib.dll system.ni.dll microsoft.grouppolicy.interop.ni.dll microsoft.grouppolicy.interop.dll atl.dll crypt32.dll msasn1.dll netutils.dll srvcli.dll wkscli.dll ntdsapi.dll ws2_32.dll dnsapi.dll dsrole.dll fde.dll mfc42u.dll comctl32.dll mpr.dll odbcint.dll microsoft.visualc.ni.dll system.xml.ni.dll system.security.ni.dll system.data.sqlxml.ni.dll ntdll.dll advapi32.dll msvcrt.dll sechost.dll rpcrt4.dll gdi32.dll lpk.dll usp10.dll oleaut32.dll msctf.dll rpcrtremote.dll clbcatq.dll sxs.dll mscoreei.dll shlwapi.dll mscorlib.ni.dll mscorlib.dll mscorlib.dll system.ni.dll system.core.ni.dll microsoft.visualstudio.tools.applications.runtime.ni.dll system.xml.ni.dll system.drawing.ni.dll system.windows.forms.ni.dll microsoft.visualstudio.tools.applications.hosting.ni.dll system.data.ni.dll system.data.dll system.data.dll system.data.dll system.data.dll system.data.dll system.xml.linq.ni.dll system.deployment.ni.dll system.security.ni.dll microsoft.visualstudio.tools.office.runtime.ni.dll ntdll.dll kernel32.dll kernel32.dll user32.dll kernel32.dll msvcrt.dll sspicli.dll cryptbase.dll mscoree.dll ole32.dll gdi32.dll lpk.dll usp10.dll imm32.dll msctf.dll cryptsp.dll sxs.dll mscoreei.dll mscorwks.dll mscorlib.ni.dll mscorjit.dll mscorlib.dll mscorlib.dll system.ni.dll taskscheduler.ni.dll system.dll system.dll system.dll microsoft.managementconsole.ni.dll taskscheduler.dll miguicontrols.dll miguicontrols.dll system.drawing.ni.dll system.windows.forms.dll system.windows.forms.dll system.drawing.dll mmcfxcommon.dll mmcfxcommon.dll system.runtime.serialization.formatters.soap.ni.dll system.configuration.ni.dll system.configuration.dll system.configuration.dll system.configuration.dll system.xml.ni.dll system.xml.dll system.xml.dll system.xml.dll system.xml.dll system.security.dll system.security.dll system.security.dll system.security.dll system.data.sqlxml.ni.dll system.data.sqlxml.dll system.data.sqlxml.dll system.data.sqlxml.dll system.data.sqlxml.dll accessibility.ni.dll system.deployment.dll system.deployment.dll system.serviceprocess.ni.dll system.serviceprocess.dll system.serviceprocess.dll system.web.ni.dll system.web.dll system.web.dll system.data.dll system.data.dll system.data.dll nsi.dll msasn1.dll system.web.services.ni.dll system.web.services.dll system.web.services.dll system.web.services.dll system.directoryservices.dll system.directoryservices.protocols.ni.dll system.directoryservices.protocols.dll system.directoryservices.protocols.dll system.directoryservices.protocols.dll system.enterpriseservices.ni.dll system.enterpriseservices.dll system.enterpriseservices.dll system.design.ni.dll system.design.dll system.design.dll system.web.regularexpressions.ni.dll system.web.regularexpressions.dll microsoft.visualc.ni.dll system.transactions.ni.dll system.transactions.dll system.transactions.dll system.transactions.dll system.runtime.remoting.dll system.drawing.design.dll system.drawing.design.dll system.data.oracleclient.dll system.data.oracleclient.dll system.data.oracleclient.dll system.data.oracleclient.dll,normal
 ntdll.dll kernel32.dll kernelbase.dll kernelbase.dll msvcrt.dll msvcrt.dll combase.dll ucrtbase.dll rpcrt4.dll rpcrt4.dll kernel.appcore.dll kernel.appcore.dll rmclient.dll wintypes.dll shcore.dll user32.dll win32u.dll gdi32.dll msvcp_win.dll imm32.dll twinapi.appcore.dll mrmcore.dll profapi.dll inputhost.dll textinputframework.dll coremessaging.dll coreuicomponents.dll coreuicomponents.dll advapi32.dll advapi32.dll ntmarta.dll ntmarta.dll coreuicomponents.dll bcp47mrm.dll bcp47mrm.dll uxtheme.dll policymanager.dll policymanager.dll sspicli.dll sspicli.dll slc.dll slc.dll wldp.dll crypt32.dll msasn1.dll cdp.dll msvcp110_win.dll msvcp110_win.dll ws2_32.dll bcrypt.dll winhttp.dll winhttp.dll iphlpapi.dll ncrypt.dll ntasn1.dll ntasn1.dll windows.storage.applicationdata.dll windows.storage.applicationdata.dll threadpoolwinrt.dll windows.applicationmodel.background.timebroker.dll windows.applicationmodel.background.systemeventsbroker.dll windows.applicationmodel.background.systemeventsbroker.dll,normal
 ntdll.dll wow64win.dll wow64cpu.dll kernel32.dll user32.dll kernelbase.dll msvcrt.dll sechost.dll rpcrt4.dll sspicli.dll gdi32.dll lpk.dll nsi.dll msctf.dll shell32.dll shlwapi.dll propsys.dll oleaut32.dll comctl32.dll apphelp.dll clbcatq.dll ieframe.dll wininet.dll crypt32.dll msasn1.dll profapi.dll setupapi.dll cfgmgr32.dll devobj.dll,normal
 ntdll.dll kernel32.dll msvcrt.dll winbrand.dll gdi32.dll lpk.dll imm32.dll apphelp.dll,normal
 sendmail.dll mydocs.dll,normal
 kernel32.dll user32.dll win32u.dll msvcp_win.dll imm32.dll combase.dll rpcrt4.dll bcryptprimitives.dll kernel.appcore.dll sechost.dll ole32.dll dwmapi.dll textinputframework.dll coreuicomponents.dll coremessaging.dll advapi32.dll ntmarta.dll windows.storage.dll powrprof.dll profapi.dll dui70.dll comctl32.dll msctf.dll tiptsf.dll policymanager.dll msvcp110_win.dll oleacc.dll onecorecommonproxystub.dll tipskins.dll tipres.dll tipres.dll tabskb.dll tipresx.dll,normal
 wow64.dll kernel32.dll kernel32.dll kernel32.dll kernel32.dll kernelbase.dll advapi32.dll sechost.dll rpcrt4.dll cryptbase.dll msvcr120_clr0400.dll mscoree.dll ole32.dll gdi32.dll lpk.dll oleaut32.dll imm32.dll rsaenh.dll rpcrtremote.dll clbcatq.dll mscorwks.dll msvcr80.dll shlwapi.dll profapi.dll mscorlib.ni.dll mscorjit.dll mscorlib.dll mscorlib.dll mscorlib.dll mscorsec.dll microsoft.visualstudio.tools.office.appinfodocument.v9.0.dll microsoft.visualstudio.tools.office.appinfodocument.v9.0.dll crypt32.dll msasn1.dll comctl32.dll imagehlp.dll ncrypt.dll bcrypt.dll bcryptprimitives.dll sensapi.dll microsoft.visualstudio.tools.office.appinfodocument.v9.0.dll system.ni.dll system.addin.ni.dll microsoft.visualstudio.tools.applications.runtime.v9.0.dll microsoft.visualstudio.tools.applications.runtime.v9.0.dll system.dll system.dll system.addin.dll system.addin.dll system.xml.ni.dll system.xml.dll system.xml.dll system.configuration.ni.dll system.configuration.dll system.configuration.dll system.configuration.dll system.runtime.remoting.dll system.runtime.remoting.dll system.addin.contract.dll system.addin.contract.dll system.addin.contract.dll,normal
 ntdll.dll ntdll.dll kernel32.dll kernelbase.dll advapi32.dll msvcrt.dll msvcrt.dll rpcrt4.dll bcrypt.dll cryptxml.dll cryptxml.dll ole32.dll oleaut32.dll xmllite.dll sechost.dll msasn1.dll msasn1.dll webservices.dll webservices.dll kernel.appcore.dll kernel.appcore.dll cryptbase.dll cryptbase.dll bcryptprimitives.dll bcryptprimitives.dll netapi32.dll srvcli.dll sppobjs.dll wwapi.dll clbcatq.dll taskschd.dll sspicli.dll sspicli.dll,normal
 kernel32.dll KernelBase.dll gdi32.dll usp10.dll msctf.dll ole32.dll rpcrt4.dll cryptbase.dll clbcatq.dll sechost.dll ntdll.dll user32.dll lpk.dll usp10.dll msvcrt.dll imm32.dll msctf.dll ole32.dll clbcatq.dll advapi32.dll sechost.dll,normal
 ntdll.dll kernel32.dll kernelbase.dll advapi32.dll combase.dll oleaut32.dll user32.dll imm32.dll msshooks.dll shlwapi.dll sechost.dll sechost.dll rpcrt4.dll gdi32.dll msctf.dll cryptbase.dll cryptbase.dll bcryptprimitives.dll bcryptprimitives.dll cryptsp.dll cryptsp.dll rsaenh.dll bcrypt.dll bcrypt.dll shcore.dll,normal
 ntdll.dll ntdll.dll wow64cpu.dll kernel32.dll kernel32.dll kernel32.dll kernelbase.dll user32.dll gdi32.dll usp10.dll advapi32.dll sechost.dll rpcrt4.dll imm32.dll msctf.dll,normal
 kernel32.dll KernelBase.dll advapi32.dll sechost.dll mscoree.dll ole32.dll gdi32.dll user32.dll lpk.dll oleaut32.dll imm32.dll msctf.dll cryptbase.dll rsaenh.dll RpcRtRemote.dll clbcatq.dll sxs.dll mscoreei.dll clr.dll shlwapi.dll clrjit.dll System.ni.dll System.Core.ni.dll System.IdentityModel.ni.dll version.dll mscorlib.dll System.Runtime.Serialization.ni.dll SMDiagnostics.ni.dll System.ServiceModel.Internals.ni.dll System.Security.ni.dll ntdll.dll wow64.dll wow64cpu.dll kernel32.dll kernel32.dll kernel32.dll advapi32.dll msvcrt.dll sechost.dll rpcrt4.dll cryptbase.dll mscoree.dll ole32.dll gdi32.dll user32.dll lpk.dll usp10.dll imm32.dll msctf.dll rsaenh.dll RpcRtRemote.dll clbcatq.dll mscorwks.dll shell32.dll mscorlib.ni.dll mscorlib.dll mscorlib.dll ReachFramework.ni.dll ReachFramework.dll ReachFramework.dll System.dll System.dll WindowsBase.ni.dll PresentationFramework.ni.dll PresentationFramework.dll PresentationFramework.dll PresentationFramework.dll WindowsBase.dll WindowsBase.dll WindowsBase.dll PresentationCore.dll PresentationCore.dll System.Printing.ni.dll System.Printing.dll System.Printing.dll System.Xml.ni.dll System.XML.dll System.XML.dll System.XML.dll System.Drawing.ni.dll System.Drawing.dll System.Drawing.dll System.Security.dll System.Security.dll System.Security.dll System.configuration.dll System.configuration.dll System.Data.SqlXml.ni.dll System.Data.SqlXml.dll System.Data.SqlXml.dll System.Data.SqlXml.dll UIAutomationProvider.dll UIAutomationProvider.dll System.Deployment.ni.dll System.Deployment.dll System.Deployment.dll PresentationUI.ni.dll PresentationUI.dll UIAutomationTypes.dll UIAutomationTypes.dll UIAutomationTypes.dll System.Data.ni.dll System.Data.dll System.Data.dll System.Data.dll System.Data.dll msasn1.dll Accessibility.ni.dll Accessibility.dll Accessibility.dll Microsoft.VisualC.ni.dll PresentationCFFRasterizer.ni.dll PresentationCFFRasterizer.dll PresentationCFFRasterizer.dll System.Windows.Forms.dll System.Windows.Forms.dll System.Windows.Forms.dll System.Runtime.Serialization.Formatters.Soap.dll System.Runtime.Serialization.Formatters.Soap.dll System.DirectoryServices.ni.dll System.DirectoryServices.dll System.Transactions.ni.dll System.Transactions.dll System.Transactions.dll System.Transactions.dll System.Runtime.Remoting.ni.dll System.Runtime.Remoting.dll System.Web.ni.dll System.Web.dll System.Web.dll System.Web.Services.dll System.Web.Services.dll System.Web.Services.dll System.Web.Services.dll System.DirectoryServices.Protocols.ni.dll System.DirectoryServices.Protocols.dll System.DirectoryServices.Protocols.dll System.Design.dll System.ServiceProcess.dll System.Web.RegularExpressions.dll System.Web.RegularExpressions.dll System.Web.RegularExpressions.dll System.Drawing.Design.ni.dll System.Drawing.Design.dll System.Data.OracleClient.ni.dll System.Data.OracleClient.dll System.Data.OracleClient.dll System.Configuration.Install.ni.dll System.Configuration.Install.dll ntdll.dll ntdll.dll wow64.dll wow64win.dll wow64cpu.dll kernel32.dll kernel32.dll msvcrt.dll rpcrt4.dll sspicli.dll msvcr120_clr0400.dll mscoree.dll ole32.dll user32.dll usp10.dll oleaut32.dll imm32.dll cryptsp.dll RpcRtRemote.dll mscoreei.dll mscorwks.dll shlwapi.dll profapi.dll mscorlib.ni.dll mscorjit.dll mscorlib.dll mscorlib.dll version.dll mscorlib.dll System.ServiceModel.ni.dll System.ServiceModel.dll System.ServiceModel.dll System.ServiceModel.dll System.ServiceModel.dll System.dll System.dll System.dll System.dll SMDiagnostics.ni.dll SMdiagnostics.dll SMdiagnostics.dll SMdiagnostics.dll System.Runtime.Serialization.dll System.Web.ni.dll System.Web.dll System.Web.dll System.XML.dll System.Configuration.ni.dll System.configuration.dll System.configuration.dll System.Transactions.ni.dll System.Transactions.dll System.Transactions.dll System.Transactions.dll System.IdentityModel.ni.dll System.IdentityModel.dll System.Web.RegularExpressions.ni.dll System.Web.RegularExpressions.dll System.Web.RegularExpressions.dll System.ServiceProcess.ni.dll System.ServiceProcess.dll System.Web.Services.ni.dll System.Web.Services.dll System.Web.Services.dll System.Messaging.dll System.IdentityModel.Selectors.ni.dll System.IdentityModel.Selectors.dll System.DirectoryServices.ni.dll System.DirectoryServices.dll Microsoft.Transactions.Bridge.dll Microsoft.Transactions.Bridge.dll System.Security.ni.dll System.Security.dll System.Security.dll System.Security.dll System.Data.SqlXml.dll System.Data.SqlXml.dll System.Data.SqlXml.dll System.Data.SqlXml.dll System.Drawing.dll System.Drawing.dll System.Drawing.dll System.Drawing.dll System.Data.dll System.Data.dll ws2_32.dll crypt32.dll msasn1.dll System.DirectoryServices.Protocols.dll System.DirectoryServices.Protocols.dll System.DirectoryServices.Protocols.dll System.DirectoryServices.Protocols.dll System.Design.ni.dll System.Windows.Forms.ni.dll System.Windows.Forms.dll System.Windows.Forms.dll Microsoft.VisualC.ni.dll System.Runtime.Remoting.ni.dll System.Runtime.Remoting.dll System.Runtime.Remoting.dll System.Runtime.Serialization.Formatters.Soap.ni.dll System.Drawing.Design.ni.dll System.Drawing.Design.dll System.Data.OracleClient.ni.dll System.Data.OracleClient.dll System.Data.OracleClient.dll Accessibility.dll Accessibility.dll System.Deployment.ni.dll System.Deployment.dll System.Deployment.dll System.Configuration.Install.ni.dll System.Configuration.Install.dll System.Configuration.Install.dll ntdll.dll ntdll.dll wow64.dll wow64win.dll wow64cpu.dll kernel32.dll kernel32.dll user32.dll rpcrt4.dll cryptbase.dll msvcr120_clr0400.dll mscoree.dll ole32.dll gdi32.dll user32.dll lpk.dll usp10.dll imm32.dll cryptsp.dll clbcatq.dll sxs.dll mscoreei.dll Microsoft.Office.Tools.Outlook.Implementation.dll System.Core.ni.dll version.dll mscorlib.dll Microsoft.Office.Tools.ni.dll System.Windows.Forms.dll System.Windows.Forms.dll System.Drawing.dll System.Drawing.dll System.Xml.ni.dll System.Xml.dll Microsoft.Office.Tools.v4.0.Framework.dll System.Configuration.dll System.Numerics.dll System.Security.dll,normal
 ntdll.dll kernel32.dll user32.dll wow64.dll kernel32.dll msvcrt.dll gdi32.dll user32.dll advapi32.dll sechost.dll rpcrt4.dll cryptbase.dll imm32.dll msctf.dll apphelp.dll winbrand.dll ntdll.dll kernelbase.dll msvcrt.dll vcruntime140.dll api-ms-win-core-timezone-l1-1-0.dll api-ms-win-core-file-l2-1-0.dll api-ms-win-core-synch-l1-2-0.dll api-ms-win-core-processthreads-l1-1-1.dll api-ms-win-core-file-l1-2-0.dll api-ms-win-crt-heap-l1-1-0.dll api-ms-win-crt-stdio-l1-1-0.dll msvcp140.dll api-ms-win-crt-locale-l1-1-0.dll api-ms-win-crt-time-l1-1-0.dll api-ms-win-crt-environment-l1-1-0.dll ole32.dll gdi32.dll user32.dll lpk.dll usp10.dll msctf.dll,normal
 ntdll.dll kernel32.dll msvcrt.dll sechost.dll rpcrt4.dll gdi32.dll user32.dll lpk.dll usp10.dll msswch.dll winmm.dll dwmapi.dll GdiPlus.dll oleacc.dll duser.dll uxtheme.dll msctf.dll cryptbase.dll xmllite.dll tabskb.dll cryptsp.dll rsaenh.dll RpcRtRemote.dll MMDevAPI.dll,normal
 ntdll.dll ntdll.dll kernelbase.dll rpcrt4.dll ucrtbase.dll bcryptprimitives.dll bcryptprimitives.dll kernel.appcore.dll msvcrt.dll msvcrt.dll user32.dll gdi32.dll msvcp_win.dll appxdeploymentserver.dll shcore.dll shcore.dll oleaut32.dll advapi32.dll advapi32.dll fltlib.dll profapi.dll crypt32.dll userenv.dll userenv.dll msasn1.dll msasn1.dll tdh.dll tdh.dll mrmcore.dll mrmcorer.dll ntmarta.dll appxdeploymentclient.dll mintdh.dll bcrypt.dll bcrypt.dll wevtapi.dll wldp.dll wintrust.dll wtsapi32.dll winsta.dll tdltotilestoremigrator.dll tdlmigration.dll msvcp110_win.dll esent.dll clbcatq.dll windows.staterepositoryps.dll ntdll.dll kernel32.dll kernelbase.dll bcryptprimitives.dll bcryptprimitives.dll wbemcomn.dll wbemcomn.dll msvcrt.dll msvcrt.dll ws2_32.dll ws2_32.dll bcrypt.dll sechost.dll sechost.dll advapi32.dll user32.dll win32u.dll gdi32.dll combase.dll kernel.appcore.dll kernel.appcore.dll wbemprox.dll wbemprox.dll ucrtbase.dll rpcrt4.dll msvcp_win.dll msvcp_win.dll wbemsvc.dll wmiutils.dll cimwin32.dll sspicli.dll wldp.dll wldp.dll msasn1.dll msasn1.dll msasn1.dll wintrust.dll wldp.dll wldp.dll msasn1.dll msasn1.dll wintrust.dll wldp.dll crypt32.dll msasn1.dll msasn1.dll wintrust.dll schannel.dll crypt32.dll msasn1.dll security.dll security.dll netapi32.dll logoncli.dll cscapi.dll schedcli.dll wkscli.dll devobj.dll cfgmgr32.dll dsrole.dll wmipcima.dll wmi.dll wmi.dll wmiclnt.dll dxgi.dll dxgi.dll wintrust.dll setupapi.dll setupapi.dll dxgi.dll dxgi.dll wintrust.dll dxgi.dll setupapi.dll wintrust.dll setupapi.dll wintrust.dll dxgi.dll wintrust.dll setupapi.dll wintrust.dll dxgi.dll dxgi.dll setupapi.dll wintrust.dll wintrust.dll,normal
 eppmanifest.dll sendmail.dll ondemandconnroutehelper.dll,normal
 ntdll.dll wow64win.dll wow64cpu.dll kernel32.dll kernel32.dll msvcrt.dll sechost.dll rpcrt4.dll sspicli.dll cryptbase.dll dnsapi.dll ws2_32.dll winnsi.dll dhcpcsvc.dll dhcpcsvc6.dll shlwapi.dll lpk.dll usp10.dll ole32.dll imm32.dll msctf.dll oleaut32.dll cryptsp.dll RpcRtRemote.dll wevtapi.dll ntdll.dll wow64.dll wow64cpu.dll kernel32.dll kernel32.dll user32.dll kernel32.dll msvcrt.dll user32.dll lpk.dll usp10.dll imm32.dll apphelp.dll,normal
 SensApi.dll SensApi.dll SensApi.dll SensApi.dll,normal
 kernel32.dll user32.dll wow64.dll wow64win.dll kernel32.dll msvcrt.dll sechost.dll cryptbase.dll comctl32.dll lpk.dll usp10.dll mfc42u.dll ole32.dll oleaut32.dll odbc32.dll ole32.dll shell32.dll wininet.dll crypt32.dll msasn1.dll iertutil.dll ws2_32.dll nsi.dll imm32.dll msctf.dll riched32.dll clbcatq.dll uxtheme.dll msado15.dll cryptsp.dll rpcrtremote.dll oledb32.dll bcrypt.dll oledb32r.dll comsvcs.dll atl.dll msjetoledb40.dll msjet40.dll msjint40.dll msjtes40.dll version.dll expsrv.dll msadce.dll msadcer.dll,caidao
 kernel32.dll kernelbase.dll msvcrt.dll rpcrt4.dll gdi32.dll user32.dll ole32.dll msimg32.dll wmsgapi.dll wtsapi32.dll winmm.dll userenv.dll profapi.dll crypt32.dll msasn1.dll msctfmonitor.dll imm32.dll msutb.dll shlwapi.dll sspicli.dll shell32.dll cryptbase.dll uxtheme.dll cryptsp.dll imagehlp.dll bcrypt.dll bcryptprimitives.dll cryptnet.dll wldap32.dll clbcatq.dll oleaut32.dll api-ms-win-downlevel-shlwapi-l1-1-0.dll api-ms-win-downlevel-advapi32-l1-1-0.dll normaliz.dll,normal
 kernel32.dll kernelbase.dll user32.dll msvcrt.dll gdi32.dll rpcrt4.dll bcryptprimitives.dll sechost.dll cryptsp.dll rsaenh.dll bcrypt.dll clbcatq.dll bcp47langs.dll winsta.dll oleaut32.dll shcore.dll dwmapi.dll twinapi.dll shell32.dll profapi.dll gpapi.dll comctl32.dll gdiplus.dll ninput.dll tiptsf.dll,normal
 ntdll.dll wow64cpu.dll ole32.dll gdi32.dll user32.dll cryptbase.dll lpk.dll usp10.dll version.dll imm32.dll msctf.dll sxs.dll vbscript.dll wintrust.dll crypt32.dll msasn1.dll cryptsp.dll rsaenh.dll shell32.dll scrobj.dll msi.dll scrrun.dll kernel32.dll KernelBase.dll gdi32.dll lpk.dll msvcrt.dll imm32.dll msctf.dll rpcrt4.dll oleaut32.dll cryptbase.dll clbcatq.dll ntdll.dll wow64.dll wow64cpu.dll kernel32.dll kernel32.dll user32.dll kernel32.dll msvcrt.dll sechost.dll rpcrt4.dll sspicli.dll cryptbase.dll nsi.dll winnsi.dll dhcpcsvc.dll shell32.dll shlwapi.dll gdi32.dll lpk.dll usp10.dll ole32.dll imm32.dll clbcatq.dll cryptsp.dll rsaenh.dll ntdll.dll wow64.dll kernel32.dll user32.dll kernel32.dll KernelBase.dll msvcrt.dll gdi32.dll lpk.dll usp10.dll advapi32.dll sechost.dll sspicli.dll imm32.dll msctf.dll apphelp.dll,normal
 ntdll.dll kernel32.dll kernelbase.dll msvcrt.dll ole32.dll gdi32.dll lpk.dll usp10.dll rpcrt4.dll msctf.dll cryptbase.dll sechost.dll oleaut32.dll cryptsp.dll rpcrtremote.dll wininet.dll api-ms-win-downlevel-user32-l1-1-0.dll iertutil.dll userenv.dll profapi.dll api-ms-win-downlevel-ole32-l1-1-0.dll sspicli.dll shell32.dll ws2_32.dll webio.dll mswsock.dll wship6.dll,normal
 kernel32.dll kernel32.dll kernel32.dll kernelbase.dll msvcrt.dll gdi32.dll user32.dll advapi32.dll sechost.dll rpcrt4.dll sspicli.dll cryptbase.dll usp10.dll version.dll imm32.dll sxs.dll clbcatq.dll vbscript.dll wintrust.dll crypt32.dll msasn1.dll msisip.dll wshext.dll shell32.dll shlwapi.dll scrobj.dll msi.dll scrrun.dll ntdll.dll ntdll.dll wow64win.dll wow64cpu.dll kernel32.dll kernel32.dll user32.dll kernelbase.dll advapi32.dll sspicli.dll cryptbase.dll ws2_32.dll nsi.dll winnsi.dll dhcpcsvc6.dll shell32.dll gdi32.dll ole32.dll imm32.dll oleaut32.dll cryptsp.dll rsaenh.dll wevtapi.dll wow64.dll wow64win.dll kernel32.dll kernel32.dll advapi32.dll msvcrt.dll rpcrt4.dll sspicli.dll ws2_32.dll nsi.dll dhcpcsvc.dll shell32.dll shlwapi.dll user32.dll lpk.dll usp10.dll ole32.dll imm32.dll oleaut32.dll rsaenh.dll rpcrtremote.dll wevtapi.dll ntdll.dll wow64win.dll wow64cpu.dll kernel32.dll kernel32.dll user32.dll kernel32.dll kernelbase.dll winbrand.dll gdi32.dll advapi32.dll sspicli.dll cryptbase.dll imm32.dll,normal
 ntdll.dll ntdll.dll wow64.dll wow64win.dll kernel32.dll kernel32.dll kernel32.dll msvcrt.dll user32.dll lpk.dll usp10.dll rpcrt4.dll cryptbase.dll imm32.dll msctf.dll,normal
 ntdll.dll wow64.dll kernel32.dll kernel32.dll kernel32.dll KernelBase.dll winbrand.dll user32.dll gdi32.dll usp10.dll sechost.dll rpcrt4.dll cryptbase.dll msctf.dll apphelp.dll,normal
 ntdll.dll kernel32.dll KernelBase.dll user32.dll lpk.dll usp10.dll imm32.dll msctf.dll rpcrt4.dll clbcatq.dll advapi32.dll,normal
 ntdll.dll kernel32.dll KernelBase.dll gdi32.dll lpk.dll usp10.dll msctf.dll rpcrt4.dll advapi32.dll sechost.dll ntdll.dll kernel32.dll KernelBase.dll user32.dll usp10.dll msvcrt.dll imm32.dll msctf.dll cryptbase.dll clbcatq.dll advapi32.dll ntdll.dll ntdll.dll wow64.dll wow64win.dll wow64cpu.dll kernel32.dll user32.dll kernel32.dll KernelBase.dll user32.dll gdi32.dll lpk.dll usp10.dll advapi32.dll cryptbase.dll,normal
 ntdll.dll ntdll.dll kernel32.dll kernelbase.dll msvcrt.dll msvcp_win.dll msvcp_win.dll ucrtbase.dll ucrtbase.dll combase.dll rpcrt4.dll rpcrt4.dll bcryptprimitives.dll advapi32.dll advapi32.dll sechost.dll tquery.dll tquery.dll gdi32.dll gdi32full.dll kernel.appcore.dll mssprxy.dll mssprxy.dll sxs.dll windows.staterepositoryps.dll offfiltx.dll offfiltx.dll vcruntime140.dll query.dll msvcp140.dll xmllite.dll xmllite.dll propsys.dll msoshext.dll msxml3.dll msxml3.dll inetcomm.dll shlwapi.dll oleacc.dll comctl32.dll inetres.dll msasn1.dll profapi.dll rtffilt.dll windows.globalization.dll windows.globalization.dll bcp47langs.dll bcp47mrm.dll globinputhost.dll globinputhost.dll msftedit.dll msftedit.dll onfilter.dll msftedit.dll msftedit.dll msftedit.dll,normal
 ntdll.dll KernelBase.dll gdi32.dll user32.dll lpk.dll msvcrt.dll rpcrt4.dll oleaut32.dll,normal
 ntdll.dll wow64cpu.dll kernel32.dll kernel32.dll user32.dll KernelBase.dll winbrand.dll user32.dll gdi32.dll lpk.dll usp10.dll sspicli.dll cryptbase.dll imm32.dll apphelp.dll,normal
 ntdll.dll wow64lg2.dll wow64cpu.dll user32.dll apphelp.dll iertutil.dll iertutil.dll kernel32.dll kernelbase.dll msvcrt.dll msvcrt.dll user32.dll gdi32.dll shcore.dll shcore.dll combase.dll bcryptprimitives.dll ieframe.dll shell32.dll comctl32.dll ieshims.dll comdlg32.dll kernel.appcore.dll kernel.appcore.dll uxtheme.dll rpcrt4.dll security.dll cryptbase.dll cryptbase.dll sechost.dll sechost.dll oleaut32.dll advapi32.dll advapi32.dll wininet.dll wininet.dll userenv.dll profapi.dll urlmon.dll ws2_32.dll ws2_32.dll nsi.dll ondemandconnroutehelper.dll ondemandconnroutehelper.dll winhttp.dll winhttp.dll mswsock.dll mswsock.dll iphlpapi.dll winnsi.dll cryptsp.dll rsaenh.dll bcrypt.dll clbcatq.dll ieproxy.dll ieproxy.dll dwmapi.dll dwmapi.dll d2d1.dll dwrite.dll dxgi.dll sqmapi.dll sqmapi.dll rasadhlp.dll crypt32.dll msasn1.dll actxprxy.dll ncrypt.dll wintrust.dll gpapi.dll jscript9.dll jscript9.dll dpapi.dll dpapi.dll msimtf.dll d3d11.dll d3d11.dll d3d10warp.dll powrprof.dll dcomp.dll oleacc.dll xmllite.dll winmm.dll devobj.dll uianimation.dll dhcpcsvc6.dll dhcpcsvc.dll dhcpcsvc.dll webio.dll uiautomationcore.dll windows.globalization.dll bcp47lang.dll bcp47langs.dll windowscodecsext.dll icm32.dll mfplat.dll mfplat.dll rtworkq.dll avrt.dll mfmediaengine.dll mfmediaengine.dll windows.media.mediacontrol.dll twinapi.appcore.dll wintypes.dll wintypes.dll mmdevapi.dll mfmp4srcsnk.dll mfcore.dll mfcore.dll ksuser.dll ksuser.dll,normal
 mscoreei.dll version.dll clr.dll clr.dll msctf.dll clbcatq.dll ntdll.dll kernel32.dll msvcrt.dll advapi32.dll gdi32.dll user32.dll ole32.dll imm32.dll sspicli.dll cryptbase.dll fusion.dll,normal
 ntdll.dll kernel32.dll rpcrt4.dll gdi32.dll user32.dll lpk.dll ole32.dll oleaut32.dll imm32.dll advapi32.dll msvcrt.dll sechost.dll rpcrt4.dll msvcr120_clr0400.dll gdi32.dll user32.dll usp10.dll oleaut32.dll imm32.dll msctf.dll cryptsp.dll rsaenh.dll RpcRtRemote.dll clbcatq.dll sxs.dll clr.dll mscorlib.ni.dll version.dll mscorlib.dll System.ni.dll System.Web.ni.dll System.Web.Extensions.ni.dll Microsoft.Management.Infrastructure.ni.dll System.Xml.ni.dll Microsoft.PowerShell.Cmdletization.OData.ni.dll ntdll.dll ntdll.dll wow64.dll wow64win.dll kernel32.dll kernel32.dll kernel32.dll user32.dll KernelBase.dll advapi32.dll sechost.dll rpcrt4.dll sspicli.dll cryptbase.dll dnsapi.dll ws2_32.dll nsi.dll winnsi.dll dhcpcsvc.dll shell32.dll gdi32.dll lpk.dll usp10.dll imm32.dll clbcatq.dll cryptsp.dll RpcRtRemote.dll wevtapi.dll ntdll.dll KernelBase.dll sechost.dll rpcrt4.dll msvcr120_clr0400.dll mscoree.dll user32.dll usp10.dll oleaut32.dll msctf.dll cryptsp.dll sxs.dll mscoreei.dll shlwapi.dll ntdll.dll kernel32.dll user32.dll lpk.dll msvcrt.dll oleaut32.dll cryptbase.dll advapi32.dll sechost.dll ntdll.dll kernel32.dll rpcrt4.dll user32.dll lpk.dll oleaut32.dll shlwapi.dll msctf.dll psapi.dll shell32.dll sspicli.dll clbcatq.dll kbd101.dll kbd106.dll setupapi.dll cfgmgr32.dll propsys.dll ntmarta.dll netutils.dll es.dll userenv.dll sxs.dll crypt32.dll vssapi.dll samlib.dll esent.dll tquery.dll mssrch.dll msidle.dll mssprxy.dll NlsData0011.dll NlsLexicons0011.dll NlsModels0011.dll elsTrans.dll NlsData000a.dll NlsLexicons000a.dll korwbrkr.dll chtbrkr.dll chsbrkr.dll comctl32.dll setupapi.dll devobj.dll vss_ps.dll,normal
 msvcr120_clr0400.dll mscoree.dll mscoreei.dll version.dll taskschd.dll ntdll.dll KernelBase.dll msvcrt.dll sechost.dll rpcrt4.dll user32.dll lpk.dll usp10.dll ole32.dll imm32.dll cryptbase.dll fusion.dll mscorsvc.dll kernel32.dll msvcrt.dll sechost.dll mscoree.dll ole32.dll lpk.dll msctf.dll cryptsp.dll rsaenh.dll RpcRtRemote.dll clbcatq.dll mscoreei.dll clr.dll mscorlib.ni.dll clrjit.dll version.dll mscorlib.dll System.Core.ni.dll PresentationCore.ni.dll PresentationCore.dll PresentationCore.dll System.Xaml.ni.dll Microsoft.PowerShell.Editor.ni.dll System.Xml.ni.dll System.Drawing.ni.dll Microsoft.PowerShell.Commands.Utility.ni.dll UIAutomationTypes.ni.dll ntdll.dll kernel32.dll gdi32.dll user32.dll usp10.dll msvcrt.dll imm32.dll msctf.dll ole32.dll clbcatq.dll advapi32.dll sechost.dll,normal
 kernelbase.dll kernelbase.dll gdi32.dll user32.dll msvcrt.dll imm32.dll combase.dll msctf.dll rpcrt4.dll ntdll.dll kernel32.dll kernelbase.dll advapi32.dll msvcrt.dll msvcrt.dll oleaut32.dll tquery.dll tquery.dll shcore.dll imm32.dll sechost.dll rpcrt4.dll combase.dll shlwapi.dll msctf.dll kernel.appcore.dll cryptbase.dll bcryptprimitives.dll bcryptprimitives.dll msidle.dll clbcatq.dll cryptsp.dll rsaenh.dll rsaenh.dll bcrypt.dll mssprxy.dll mssph.dll ntmarta.dll propsys.dll propsys.dll setupapi.dll cfgmgr32.dll,normal
 ntdll.dll kernelbase.dll rpcrt4.dll,normal
 ntdll.dll wow64.dll kernel32.dll kernel32.dll kernel32.dll KernelBase.dll msvcrt.dll cryptbase.dll ws2_32.dll nsi.dll winnsi.dll dhcpcsvc6.dll shlwapi.dll user32.dll ole32.dll msctf.dll clbcatq.dll oleaut32.dll RpcRtRemote.dll wevtapi.dll ntdll.dll ntdll.dll wow64cpu.dll kernel32.dll kernel32.dll kernel32.dll msvcrt.dll sspicli.dll cryptbase.dll dnsapi.dll nsi.dll winnsi.dll dhcpcsvc6.dll shell32.dll lpk.dll usp10.dll imm32.dll msctf.dll clbcatq.dll oleaut32.dll rsaenh.dll RpcRtRemote.dll wevtapi.dll kernel32.dll KernelBase.dll user32.dll lpk.dll usp10.dll msvcrt.dll msctf.dll oleaut32.dll clbcatq.dll sechost.dll ntdll.dll wow64win.dll wow64cpu.dll kernel32.dll kernel32.dll KernelBase.dll oleaut32.dll msvcrt.dll gdi32.dll user32.dll rpcrt4.dll sspicli.dll cryptbase.dll usp10.dll msimg32.dll version.dll mpr.dll olepro32.dll comctl32.dll shlwapi.dll shell32.dll nsi.dll srvcli.dll GdiPlus.dll msctf.dll uxtheme.dll setupapi.dll cfgmgr32.dll devobj.dll clbcatq.dll propsys.dll profapi.dll WindowsCodecs.dll EhStorShell.dll ntshrui.dll cscapi.dll slc.dll imageres.dll imageres.dll imageres.dll imageres.dll imageres.dll imageres.dll imageres.dll imageres.dll wtsapi32.dll winsta.dll ntdll.dll kernel32.dll lpk.dll usp10.dll msvcrt.dll imm32.dll oleaut32.dll clbcatq.dll advapi32.dll sechost.dll,normal
 ntdll.dll wow64.dll wow64win.dll kernel32.dll kernel32.dll kernel32.dll msvcrt.dll user32.dll gdi32.dll lpk.dll advapi32.dll sspicli.dll cryptbase.dll imm32.dll msctf.dll,normal
 ntdll.dll ntdll.dll kernel32.dll kernel32.dll user32.dll kernel32.dll advapi32.dll msvcrt.dll sechost.dll rpcrt4.dll sspicli.dll cryptbase.dll user32.dll ole32.dll combase.dll ucrtbase.dll oleaut32.dll comctl32.dll cfgmgr32.dll windows.storage.dll powrprof.dll kernel.appcore.dll shcore.dll wininet.dll mfc42u.dll ws2_32.dll imm32.dll winmmbase.dll winmmbase.dll uxtheme.dll dpapi.dll msls31.dll clbcatq.dll version.dll iertutil.dll oleacc.dll ntmarta.dll ntasn1.dll policymanager.dll dui70.dll imecfm.dll wer.dll msado15.dll comsvcs.dll msjetoledb40.dll msjint40.dll msjet40.dll msadox.dll msadrh15.dll expsrv.dll imecfm.dll wer.dll msadce.dll msadcer.dll,caidao
 kernel32.dll kernelbase.dll msvcrt.dll ucrtbase.dll bcryptprimitives.dll oleaut32.dll win32u.dll gdi32.dll gdi32full.dll kernel.appcore.dll sechost.dll clbcatq.dll windows.storage.dll powrprof.dll shcore.dll profapi.dll taskschdps.dll,normal
 lpk.dll imm32.dll ole32.dll sechost.dll user32.dll msctf.dll gdi32.dll rpcrt4.dll kernelbase.dll rpcrtremote.dll cryptsp.dll nsi.dll crypt32.dll profapi.dll sspicli.dll rsaenh.dll atl.dll es.dll winmm.dll vssapi.dll vsstrace.dll msvcr90.dll msvcp90.dll intl.dll iconv.dll glib-2.0.dll pcre.dll odbc32.dll odbcint.dll vcbsnapshotprovider.dll vss_ps.dll,normal
 kernel32.dll advapi32.dll msvcrt.dll sechost.dll ole32.dll user32.dll lpk.dll imm32.dll msctf.dll wdscore.dll shell32.dll shlwapi.dll cryptbase.dll apphelp.dll crypt32.dll msasn1.dll wintrust.dll version.dll dpx.dll setupapi.dll devobj.dll atl.dll drupdate.dll cfgmgr32.dll winhttp.dll sensapi.dll srclient.dll vssapi.dll vsstrace.dll wrpint.dll sqmapi.dll cryptsp.dll rsaenh.dll rpcrtremote.dll,normal
 ntdll.dll wow64.dll wow64win.dll kernel32.dll kernel32.dll user32.dll kernel32.dll advapi32.dll rpcrt4.dll sspicli.dll cryptbase.dll ws2_32.dll winnsi.dll dhcpcsvc.dll dhcpcsvc6.dll shell32.dll gdi32.dll lpk.dll imm32.dll clbcatq.dll oleaut32.dll cryptsp.dll RpcRtRemote.dll,normal
 ntdll.dll kernel32.dll kernel32.dll user32.dll comctl32.dll dpapi.dll winmm.dll riched32.dll riched20.dll kernel32.dll wow64cpu.dll usp10.dll msls31.dll msctf.dll dwmapi.dll kernelbase.dll apphelp.dll sspicli.dll cryptbase.dll gdi32full.dll user32.dll win32u.dll ole32.dll combase.dll ucrtbase.dll msvcp_win.dll oleacc.dll ncrypt.dll ntasn1.dll msvcp110_win.dll dui70.dll tiptsf.dll msado15.dll msdart.dll msjet40.dll msjter40.dll mswstr10.dll msjint40.dll msadrh15.dll shell32.dll vbajet32.dll expsrv.dll cfgmgr32.dll windows.storage.dll powrprof.dll kernel.appcore.dll shcore.dll wininet.dll imm32.dll uxtheme.dll msadce.dll msadcer.dll comctl32.dll bcrypt.dll actxprxy.dll urlmon.dll windows.shell.servicehostbuilder.dll ieframe.dll netapi32.dll dsreg.dll wkscli.dll edputil.dll secur32.dll,caidao
 ntdll.dll kernel32.dll kernelbase.dll ws2_32.dll rpcrt4.dll ucrtbase.dll mswsock.dll msvcrt.dll nsi.dll winrnr.dll nlaapi.dll,HTran
 kernel32.dll gdi32.dll lpk.dll msvcrt.dll msctf.dll ole32.dll cryptbase.dll clbcatq.dll advapi32.dll ntdll.dll wow64.dll wow64win.dll wow64cpu.dll kernel32.dll user32.dll kernel32.dll advapi32.dll msvcrt.dll sechost.dll rpcrt4.dll sspicli.dll cryptbase.dll nsi.dll dhcpcsvc.dll dhcpcsvc6.dll shell32.dll gdi32.dll lpk.dll usp10.dll clbcatq.dll oleaut32.dll wevtapi.dll ntdll.dll wow64win.dll kernel32.dll user32.dll kernel32.dll KernelBase.dll msvcrt.dll gdi32.dll lpk.dll usp10.dll advapi32.dll rpcrt4.dll sspicli.dll imm32.dll msctf.dll apphelp.dll,normal
 eppmanifest.dll sendmail.dll sfc.dll msi.dll wpdshext.dll,normal
 KernelBase.dll msvcrt.dll rpcrt4.dll gdi32.dll user32.dll ole32.dll usp10.dll wtsapi32.dll userenv.dll msctf.dll msutb.dll shlwapi.dll sspicli.dll shell32.dll cryptbase.dll uxtheme.dll wintrust.dll cryptsp.dll rsaenh.dll imagehlp.dll bcrypt.dll version.dll clbcatq.dll oleaut32.dll urlmon.dll api-ms-win-downlevel-ole32-l1-1-0.dll api-ms-win-downlevel-shlwapi-l1-1-0.dll api-ms-win-downlevel-advapi32-l1-1-0.dll api-ms-win-downlevel-version-l1-1-0.dll api-ms-win-downlevel-normaliz-l1-1-0.dllnormaliz.dll iertutil.dll authui.dll GdiPlus.dll propsys.dll setupapi.dll cfgmgr32.dll duser.dll xmllite.dll msutb.dll,normal
 ntdll.dll ntdll.dll wow64.dll wow64win.dll wow64cpu.dll kernel32.dll user32.dll kernel32.dll msvcrt.dll sspicli.dll cryptbase.dll dnsapi.dll ws2_32.dll nsi.dll dhcpcsvc.dll dhcpcsvc6.dll shlwapi.dll user32.dll imm32.dll msctf.dll oleaut32.dll RpcRtRemote.dll wevtapi.dll ntdll.dll ntdll.dll wow64.dll wow64cpu.dll user32.dll kernel32.dll KernelBase.dll msvcrt.dll user32.dll usp10.dll advapi32.dll rpcrt4.dll sspicli.dll cryptbase.dll msctf.dll,normal
 ntdll.dll wow64.dll wow64win.dll wow64cpu.dll kernel32.dll kernel32.dll kernel32.dll kernelbase.dll msvcrt.dll winbrand.dll usp10.dll sechost.dll rpcrt4.dll msctf.dll apphelp.dll,normal
 kernelbase.dll gdi32.dll user32.dll ole32.dll rpcrt4.dll sechost.dll shlwapi.dll oleaut32.dll uxtheme.dll duser.dll shcore.dll odbc32.dll cryptbase.dll msctf.dll dui70.dll shell32.dll kernel.appcore.dll powrprof.dll profapi.dll urlmon.dll iertutil.dll clbcatq.dll msxml6.dll apphelp.dll els.dll netutils.dll logoncli.dll srvcli.dll ntdsapi.dll activeds.dll bcrypt.dll adsldpc.dll wldap32.dll riched32.dll riched20.dll usp10.dll dwmapi.dll cfgmgr32.dll propsys.dll comctl32.dll mlang.dll dataexchange.dll d2d1.dll d3d11.dll dcomp.dll atlthunk.dll atlthunk.dll mscoree.dll mscoreei.dll clr.dll sxs.dll mmcfxcommon.ni.dll system.configuration.dll system.configuration.ni.dll system.windows.forms.ni.dll clrjit.dll eventviewer.ni.dll windowscodecs.dll sspicli.dll system.serviceprocess.ni.dll policymanager.dll riched20.dll usp10.dll system.web.dll system.web.ni.dll secur32.dll mswsock.dll dnsapi.dll rasadhlp.dll winnsi.dll comdlg32.dll explorerframe.dll thumbcache.dll msftedit.dll globinputhost.dll linkinfo.dll windows.storage.search.dll searchfolder.dll structuredquery.dll mssprxy.dll mssvp.dll mapi32.dll mrmcorer.dll ntshrui.dll coml2.dll winmm.dll winmmbase.dll winmmbase.dll devobj.dll,normal
 kernelbase.dll advapi32.dll msvcrt.dll sechost.dll rpcrt4.dll lpk.dll secur32.dll sspicli.dll ws2_32.dll nsi.dll netapi32.dll netutils.dll srvcli.dll framedynos.dll ntdsapi.dll version.dll slc.dll imm32.dll wbemprox.dll wbemcomn.dll ntdll.dll kernel32.dll kernel32.dll kernel32.dll user32.dll kernelbase.dll advapi32.dll msvcrt.dll sechost.dll sspicli.dll cryptbase.dll dhcpcsvc.dll shell32.dll shlwapi.dll user32.dll lpk.dll usp10.dll ole32.dll imm32.dll msctf.dll cryptsp.dll rsaenh.dll rpcrtremote.dll wevtapi.dll,normal
 ntdll.dll ntdll.dll wow64.dll wow64win.dll wow64cpu.dll kernel32.dll kernel32.dll sechost.dll cryptbase.dll dnsapi.dll ws2_32.dll nsi.dll dhcpcsvc6.dll shlwapi.dll gdi32.dll user32.dll lpk.dll ole32.dll imm32.dll msctf.dll clbcatq.dll cryptsp.dll RpcRtRemote.dll,normal
 ntdll.dll kernel32.dll kernelbase.dll ole32.dll gdi32.dll user32.dll lpk.dll rpcrt4.dll msctf.dll cryptbase.dll sechost.dll cryptsp.dll rsaenh.dll rpcrtremote.dll shlwapi.dll comctl32.dll propsys.dll,normal
 kernel32.dll user32.dll lpk.dll usp10.dll imm32.dll msctf.dll ole32.dll oleaut32.dll clbcatq.dll sechost.dll ntdll.dll wow64.dll wow64win.dll kernel32.dll kernel32.dll kernelbase.dll msvcrt.dll user32.dll lpk.dll advapi32.dll sechost.dll sspicli.dll cryptbase.dll imm32.dll msctf.dll apphelp.dll,normal
 ntdll.dll kernelbase.dll advapi32.dll sechost.dll rpcrt4.dll ole32.dll user32.dll oleaut32.dll imm32.dll rsaenh.dll clbcatq.dll sxs.dll mscoreei.dll shlwapi.dll clrjit.dll system.ni.dll system.core.ni.dll version.dll mscorlib.dll system.transactions.ni.dll system.transactions.dll system.transactions.dll system.runtime.durableinstancing.ni.dll system.runtime.serialization.ni.dll system.configuration.ni.dll system.numerics.ni.dll ntdll.dll kernel32.dll kernelbase.dll msvcrt.dll rpcrt4.dll msvcr120_clr0400.dll mscoree.dll ole32.dll gdi32.dll lpk.dll oleaut32.dll imm32.dll msctf.dll cryptbase.dll cryptsp.dll rsaenh.dll rpcrtremote.dll sxs.dll mscoreei.dll clr.dll mscorlib.ni.dll clrjit.dll system.ni.dll mscorlib.dll system.windows.controls.ribbon.ni.dll system.core.ni.dll presentationcore.dll presentationcore.dll system.xml.ni.dll uiautomationprovider.ni.dll uiautomationtypes.ni.dll system.configuration.ni.dll ntdll.dll wow64cpu.dll kernel32.dll kernel32.dll user32.dll kernelbase.dll advapi32.dll rpcrt4.dll cryptbase.dll msvcr120_clr0400.dll user32.dll lpk.dll oleaut32.dll msctf.dll cryptsp.dll rsaenh.dll rpcrtremote.dll sxs.dll mscorwks.dll shlwapi.dll shell32.dll profapi.dll mscorlib.ni.dll mscorjit.dll mscorlib.dll system.directoryservices.protocols.ni.dll system.directoryservices.protocols.dll system.directoryservices.protocols.dll system.directoryservices.protocols.dll system.dll system.xml.dll system.xml.dll system.directoryservices.ni.dll system.directoryservices.dll system.directoryservices.dll system.configuration.dll system.configuration.dll system.configuration.dll ntdll.dll ntdll.dll wow64.dll wow64win.dll kernel32.dll kernel32.dll user32.dll kernel32.dll kernelbase.dll msvcrt.dll rpcrt4.dll sspicli.dll msvcr120_clr0400.dll mscoree.dll gdi32.dll user32.dll lpk.dll usp10.dll imm32.dll rsaenh.dll msvcr80.dll shlwapi.dll mscorlib.ni.dll mscorlib.dll mscorlib.dll version.dll mscorlib.dll system.ni.dll uiautomationclient.ni.dll system.dll uiautomationprovider.dll uiautomationprovider.dll uiautomationprovider.dll uiautomationclient.dll uiautomationclient.dll uiautomationtypes.ni.dll uiautomationtypes.dll uiautomationtypes.dll uiautomationtypes.dll accessibility.dll accessibility.dll windowsbase.dll windowsbase.dll system.security.dll system.security.dll system.xml.ni.dll system.xml.dll system.xml.dll system.xml.dll system.configuration.dll system.data.sqlxml.dll system.data.sqlxml.dll system.data.sqlxml.dll ntdll.dll wow64.dll wow64cpu.dll kernel32.dll kernel32.dll user32.dll kernelbase.dll advapi32.dll sechost.dll rpcrt4.dll msvcr120_clr0400.dll user32.dll imm32.dll msctf.dll cryptsp.dll rsaenh.dll rpcrtremote.dll clbcatq.dll mscoreei.dll clr.dll shlwapi.dll mscorlib.ni.dll clrjit.dll system.ni.dll version.dll mscorlib.dll mscorlib.dll system.dll uiautomationclient.ni.dll system.core.ni.dll windowsbase.dll system.core.dll system.core.dll uiautomationtypes.ni.dll uiautomationtypes.dll uiautomationtypes.dll uiautomationprovider.dll accessibility.dll system.configuration.dll system.configuration.dll system.xml.dll system.xml.dll,normal
 ntdll.dll wow64.dll wow64win.dll wow64cpu.dll kernel32.dll kernel32.dll kernel32.dll user32.dll kernelbase.dll advapi32.dll rpcrt4.dll sspicli.dll cryptbase.dll ws2_32.dll shell32.dll shlwapi.dll gdi32.dll usp10.dll ole32.dll msctf.dll oleaut32.dll cryptsp.dll rsaenh.dll rpcrtremote.dll ntdll.dll ntdll.dll kernel32.dll user32.dll kernel32.dll msvcrt.dll dhcpcsvc6.dll shlwapi.dll user32.dll ole32.dll clbcatq.dll wevtapi.dll lpk.dll usp10.dll advapi32.dll sechost.dll rpcrt4.dll cryptbase.dll imm32.dll dnsapi.dll ws2_32.dll gdi32.dll,normal
 ntdll.dll KernelBase.dll msvcrt.dll usp10.dll imm32.dll msctf.dll cryptbase.dll clbcatq.dll advapi32.dll sechost.dll cryptsp.dll rsaenh.dll RpcRtRemote.dll uxtheme.dll comctl32.dll shlwapi.dll IDStore.dll,normal
 ntdll.dll ntdll.dll wow64win.dll kernel32.dll kernel32.dll kernel32.dll kernel32.dll kernelbase.dll advapi32.dll rpcrt4.dll sspicli.dll oleaut32.dll ole32.dll gdi32.dll usp10.dll imm32.dll comctl32.dll shlwapi.dll kernel32.dll kernelbase.dll advapi32.dll msvcrt.dll rpcrt4.dll shlwapi.dll gdi32.dll lpk.dll usp10.dll uxtheme.dll propsys.dll profapi.dll api-ms-win-downlevel-ole32-l1-1-0.dll api-ms-win-downlevel-version-l1-1-0.dll version.dll normaliz.dll wininet.dll userenv.dll sspicli.dll setupapi.dll mpr.dll ntdll.dll kernel32.dll sechost.dll rpcrt4.dll gdi32.dll user32.dll usp10.dll ole32.dll msimg32.dll winsta.dll msasn1.dll imm32.dll comctl32.dll shlwapi.dll secur32.dll shell32.dll cryptbase.dll wmsgapi.dll cryptsp.dll bcrypt.dll msctfmonitor.dll dwmapi.dll msutb.dll imagehlp.dll bcryptprimitives.dll version.dll ncrypt.dll gpapi.dll clbcatq.dll urlmon.dll api-ms-win-downlevel-ole32-l1-1-0.dll api-ms-win-downlevel-shlwapi-l1-1-0.dll api-ms-win-downlevel-advapi32-l1-1-0.dll api-ms-win-downlevel-user32-l1-1-0.dll api-ms-win-downlevel-version-l1-1-0.dll normaliz.dll iertutil.dll,normal
 ntdll.dll gdi32.dll user32.dll lpk.dll usp10.dll imm32.dll msctf.dll ole32.dll rpcrt4.dll cryptbase.dll clbcatq.dll sechost.dll kernel32.dll advapi32.dll msvcrt.dll sechost.dll ole32.dll gdi32.dll usp10.dll shell32.dll cryptbase.dll CbsCore.dll wintrust.dll userenv.dll profapi.dll ktmw32.dll dpx.dll wcp.dll DrUpdate.dll setupapi.dll mpr.dll wrpint.dll sxsstore.dll sqmapi.dll webio.dll winhttp.dll SensApi.dll rsaenh.dll RpcRtRemote.dll smipi.dll smiengine.dll ntdll.dll kernel32.dll KernelBase.dll advapi32.dll msvcrt.dll sechost.dll ole32.dll gdi32.dll user32.dll lpk.dll usp10.dll imm32.dll msctf.dll wdscore.dll shell32.dll dbghelp.dll CbsCore.dll crypt32.dll wintrust.dll userenv.dll profapi.dll ktmw32.dll dpx.dll dpx.dll DrUpdate.dll setupapi.dll mpr.dll wrpint.dll sqmapi.dll webio.dll webio.dll SensApi.dll cryptsp.dll rsaenh.dll RpcRtRemote.dll clbcatq.dll smiengine.dll ntdll.dll ntdll.dll wow64win.dll kernel32.dll kernel32.dll kernel32.dll KernelBase.dll msvcrt.dll sechost.dll rpcrt4.dll sspicli.dll dnsapi.dll ws2_32.dll nsi.dll dhcpcsvc6.dll shell32.dll gdi32.dll usp10.dll imm32.dll msctf.dll clbcatq.dll oleaut32.dll rsaenh.dll kernel32.dll msvcrt.dll usp10.dll msswch.dll winmm.dll dwmapi.dll oleaut32.dll duser.dll msctf.dll,normal
 wsclient.dll wsshared.dll wsshared.dll wssync.dll wssync.dll ntmarta.dll slc.dll elscore.dll bcp47lang.dll wscapi.dll wscapi.dll wscapi.dll wscapi.dll secur32.dll wwanapi.dll wwapi.dll portabledeviceapi.dll portabledeviceapi.dll portabledevicetypes.dll propsys.dll propsys.dll spinf.dll drvstore.dll,normal
 ntdll.dll kernel32.dll kernelbase.dll msvcrt.dll user32.dll gdi32.dll msctf.dll rpcrt4.dll,normal
 ntdll.dll ntdll.dll wow64.dll wow64cpu.dll kernel32.dll kernel32.dll kernel32.dll user32.dll kernel32.dll kernelbase.dll advapi32.dll sspicli.dll nsi.dll winnsi.dll dhcpcsvc.dll dhcpcsvc6.dll shell32.dll shlwapi.dll lpk.dll clbcatq.dll oleaut32.dll cryptsp.dll rsaenh.dll ntdll.dll advapi32.dll msvcrt.dll sechost.dll rpcrt4.dll usp10.dll imm32.dll wdscore.dll oleaut32.dll shell32.dll shlwapi.dll dbghelp.dll cbscore.dll version.dll msasn1.dll userenv.dll profapi.dll ktmw32.dll dpx.dll dpx.dll wcp.dll drupdate.dll cfgmgr32.dll devobj.dll mpr.dll sxsstore.dll sqmapi.dll webio.dll webio.dll sensapi.dll rsaenh.dll rpcrtremote.dll cbsapi.dll smipi.dll kernel32.dll kernelbase.dll sechost.dll ole32.dll gdi32.dll lpk.dll usp10.dll imm32.dll msctf.dll wdscore.dll cryptbase.dll cbscore.dll version.dll msasn1.dll wintrust.dll profapi.dll dpx.dll dpx.dll wcp.dll cfgmgr32.dll devobj.dll wrpint.dll winhttp.dll sensapi.dll rsaenh.dll cbsapi.dll smipi.dll smiengine.dll kernelbase.dll user32.dll lpk.dll usp10.dll msvcrt.dll imm32.dll oleaut32.dll clbcatq.dll ntdll.dll wow64.dll wow64win.dll kernel32.dll kernel32.dll kernel32.dll kernelbase.dll msvcrt.dll winbrand.dll user32.dll gdi32.dll usp10.dll sechost.dll rpcrt4.dll sspicli.dll cryptbase.dll imm32.dll msctf.dll,normal
 ntdll.dll KernelBase.dll user32.dll lpk.dll msvcrt.dll imm32.dll msctf.dll ole32.dll rpcrt4.dll ntdll.dll wow64cpu.dll kernel32.dll kernel32.dll KernelBase.dll winbrand.dll user32.dll gdi32.dll lpk.dll usp10.dll rpcrt4.dll sspicli.dll cryptbase.dll msctf.dll,normal
 ntdll.dll wow64.dll wow64win.dll wow64cpu.dll kernel32.dll kernel32.dll kernel32.dll user32.dll kernel32.dll advapi32.dll msvcrt.dll sechost.dll sspicli.dll cryptbase.dll ws2_32.dll dhcpcsvc.dll dhcpcsvc6.dll shell32.dll shlwapi.dll gdi32.dll lpk.dll ole32.dll imm32.dll msctf.dll oleaut32.dll rsaenh.dll RpcRtRemote.dll wevtapi.dll ntdll.dll wow64.dll wow64win.dll kernel32.dll kernel32.dll kernel32.dll user32.dll kernel32.dll KernelBase.dll ole32.dll rpcrt4.dll version.dll sxs.dll clbcatq.dll vbscript.dll advapi32.dll wintrust.dll crypt32.dll cryptsp.dll msisip.dll scrobj.dll,normal
 ntdll.dll kernelbase.dll gdi32.dll lpk.dll usp10.dll msvcrt.dll imm32.dll msctf.dll ole32.dll cryptbase.dll sechost.dll ntdll.dll wow64.dll wow64cpu.dll kernel32.dll kernel32.dll kernel32.dll msvcrt.dll user32.dll advapi32.dll sechost.dll rpcrt4.dll cryptbase.dll imm32.dll msctf.dll apphelp.dll,normal
 ntdll.dll ntdll.dll kernel32.dll msvcrt.dll fastprox.dll fastprox.dll wbemcomn.dll wbemcomn.dll combase.dll ws2_32.dll ws2_32.dll sechost.dll sechost.dll rpcrt4.dll nsi.dll advapi32.dll advapi32.dll user32.dll gdi32.dll kernel.appcore.dll wbemprox.dll cryptsp.dll cryptsp.dll rsaenh.dll rsaenh.dll bcrypt.dll bcrypt.dll wbemsvc.dll wbemsvc.dll wmiutils.dll cimwin32.dll cimwin32.dll framedyn.dll sspicli.dll winbrand.dll security.dll secur32.dll secur32.dll schannel.dll netutils.dll srvcli.dll wkscli.dll schedcli.dll cscapi.dll cscapi.dll,normal
 ntdll.dll ntdll.dll wow64.dll wow64win.dll user32.dll kernel32.dll oleaut32.dll ole32.dll user32.dll advapi32.dll lpk.dll version.dll mpr.dll olepro32.dll comctl32.dll shlwapi.dll shell32.dll wsock32.dll nsi.dll netapi32.dll srvcli.dll wkscli.dll gdiplus.dll imm32.dll msctf.dll profapi.dll shdocvw.dll shdocvw.dll ehstorshell.dll ehstorshell.dll ehstorshell.dll setupapi.dll cfgmgr32.dll devobj.dll ntshrui.dll ntshrui.dll cscapi.dll slc.dll imageres.dll imageres.dll imageres.dll imageres.dll imageres.dll imageres.dll imageres.dll nlaapi.dll napinsp.dll dnsapi.dll winrnr.dll cryptsp.dll rsaenh.dll,normal
 ntdll.dll wow64.dll wow64win.dll wow64cpu.dll kernel32.dll kernel32.dll user32.dll kernel32.dll msvcrt.dll gdi32.dll user32.dll advapi32.dll sechost.dll sspicli.dll usp10.dll imm32.dll msctf.dll clbcatq.dll vbscript.dll wintrust.dll cryptsp.dll rsaenh.dll wshext.dll comctl32.dll shell32.dll scrobj.dll ntdll.dll wow64win.dll wow64cpu.dll kernel32.dll kernel32.dll kernel32.dll user32.dll kernel32.dll advapi32.dll sechost.dll sspicli.dll cryptbase.dll imm32.dll msctf.dll apphelp.dll,normal
 ntdll.dll kernel32.dll kernelbase.dll msvcrt.dll ucrtbase.dll bcryptprimitives.dll gdi32.dll gdi32full.dll win32u.dll imm32.dll propsys.dll shcore.dll windows.storage.dll advapi32.dll shlwapi.dll kernel.appcore.dll clbcatq.dll msctf.dll,normal
 msvcrt.dll rpcrt4.dll gdi32.dll user32.dll lpk.dll usp10.dll oleaut32.dll imm32.dll,normal
 kernel32.dll kernelbase.dll gdi32.dll user32.dll usp10.dll imm32.dll msctf.dll ole32.dll rpcrt4.dll advapi32.dll sechost.dll,normal
 ntdll.dll kernelbase.dll lpk.dll usp10.dll imm32.dll rpcrt4.dll oleaut32.dll cryptbase.dll clbcatq.dll sechost.dll ntdll.dll wow64.dll wow64win.dll kernel32.dll kernel32.dll kernel32.dll user32.dll kernel32.dll kernelbase.dll advapi32.dll rpcrt4.dll cryptbase.dll gdi32.dll lpk.dll usp10.dll shell32.dll ole32.dll iertutil.dll urlmon.dll msctf.dll ieframe.dll comctl32.dll comdlg32.dll rpcrtremote.dll propsys.dll profapi.dll setupapi.dll devobj.dll cryptsp.dll ws2_32.dll nsi.dll dnsapi.dll ieframe.dll mshtml.dll version.dll wldap32.dll sxs.dll ole32.dll ole32.dll comctl32.dll msctf.dll msctf.dll imecfm.dll lspwaoie.dll imagehlp.dll wsock32.dll shell32.dll,normal
 ntdll.dll ntdll.dll kernel32.dll kernelbase.dll kernelbase.dll advapi32.dll advapi32.dll msvcrt.dll ole32.dll rpcrt4.dll secur32.dll mpclient.dll mpclient.dll cabinet.dll cabinet.dll sechost.dll combase.dll gdi32.dll user32.dll version.dll msasn1.dll sspicli.dll kernel.appcore.dll kernel.appcore.dll bcryptprimitives.dll clbcatq.dll cryptsp.dll rsaenh.dll bcrypt.dll npmproxy.dll wuapi.dll shlwapi.dll wups.dll netprofm.dll npfproxy.dll npmproxy.dll wuapi.dll shlwapi.dll wups.dll wups.dll ntdll.dll ntdll.dll kernelbase.dll combase.dll rpcrt4.dll rpcrt4.dll cryptbase.dll bcryptprimitives.dll clbcatq.dll user32.dll gdi32.dll sechost.dll sechost.dll rsaenh.dll rsaenh.dll bcrypt.dll uxtheme.dll idstore.dll idstore.dll userenv.dll userenv.dll,normal
 ntdll.dll advapi32.dll msvcrt.dll sechost.dll ole32.dll gdi32.dll user32.dll usp10.dll msctf.dll wdscore.dll oleaut32.dll shlwapi.dll dbghelp.dll cryptbase.dll version.dll crypt32.dll msasn1.dll userenv.dll dpx.dll dpx.dll DrUpdate.dll setupapi.dll cfgmgr32.dll mpr.dll atl.dll wrpint.dll sxsstore.dll winhttp.dll webio.dll winhttp.dll webio.dll rsaenh.dll RpcRtRemote.dll CbsApi.dll smiengine.dll,normal
 msftedit.dll,normal
 ntdll.dll kernel32.dll advapi32.dll msvcrt.dll sechost.dll user32.dll lpk.dll usp10.dll winmm.dll dwmapi.dll GdiPlus.dll oleacc.dll oleaut32.dll imm32.dll msctf.dll dui70.dll xmllite.dll clbcatq.dll cryptsp.dll InkObj.dll atl.dll cfgmgr32.dll WindowsCodecs.dll propsys.dll,normal
 ntdll.dll gdi32.dll user32.dll usp10.dll msctf.dll ole32.dll rpcrt4.dll oleaut32.dll wow64.dll wow64win.dll kernel32.dll KernelBase.dll advapi32.dll msvcrt.dll rpcrt4.dll sspicli.dll cryptbase.dll dnsapi.dll winnsi.dll dhcpcsvc6.dll shell32.dll shlwapi.dll user32.dll usp10.dll ole32.dll msctf.dll clbcatq.dll cryptsp.dll rsaenh.dll RpcRtRemote.dll ntdll.dll kernel32.dll kernel32.dll user32.dll kernel32.dll KernelBase.dll advapi32.dll rpcrt4.dll cryptbase.dll dnsapi.dll ws2_32.dll dhcpcsvc.dll dhcpcsvc6.dll shlwapi.dll gdi32.dll user32.dll usp10.dll imm32.dll clbcatq.dll oleaut32.dll cryptsp.dll rsaenh.dll ntdll.dll ntdll.dll wow64win.dll wow64cpu.dll kernel32.dll user32.dll kernel32.dll KernelBase.dll advapi32.dll msvcrt.dll sechost.dll rpcrt4.dll sspicli.dll cryptbase.dll ws2_32.dll winnsi.dll dhcpcsvc.dll shell32.dll shlwapi.dll gdi32.dll usp10.dll ole32.dll cryptsp.dll RpcRtRemote.dll wevtapi.dll,normal
 kernel32.dll kernelbase.dll msvcrt.dll sechost.dll win32u.dll msvcp_win.dll ucrtbase.dll combase.dll bcryptprimitives.dll shcore.dll windows.storage.dll kernel.appcore.dll powrprof.dll profapi.dll msvcp110_win.dll imm32.dll msctf.dll tiptsf.dll dwmapi.dll,normal
 ntdll.dll ntdll.dll kernel32.dll sechost.dll bcryptprimitives.dll kernel.appcore.dll msvcrt.dll user32.dll gdi32.dll gdi32full.dll clipsvc.dll clipsvc.dll webservices.dll webservices.dll wldp.dll msasn1.dll advapi32.dll advapi32.dll oleaut32.dll ucrtbase.dll ucrtbase.dll combase.dll winbrand.dll winbrand.dll,normal
 ntdll.dll ntdll.dll wow64.dll wow64win.dll kernel32.dll kernel32.dll kernelbase.dll msvcrt.dll winbrand.dll user32.dll gdi32.dll usp10.dll sechost.dll rpcrt4.dll msctf.dll,normal
 wow64.dll wow64win.dll kernel32.dll kernel32.dll kernel32.dll user32.dll kernelbase.dll rpcrt4.dll sspicli.dll cryptbase.dll dnsapi.dll nsi.dll winnsi.dll shlwapi.dll lpk.dll usp10.dll ole32.dll imm32.dll oleaut32.dll cryptsp.dll rsaenh.dll rpcrtremote.dll wevtapi.dll,normal
 psapi.dll imm32.dll sechost.dll oleaut32.dll advapi32.dll clbcatq.dll nsi.dll msvcrt.dll gdi32.dll crypt32.dll cfgmgr32.dll msasn1.dll rpcrtremote.dll winsta.dll sspicli.dll cryptdll.dll wevtapi.dll authz.dll bcrypt.dll kerberos.dll cryptsp.dll cryptsp.dll logoncli.dll rsaenh.dll bcryptprimitives.dll credssp.dll gpapi.dll ntmarta.dll wkscli.dll dhcpcsvc6.dll dhcpcsvc.dll wtsapi32.dll webio.dll rasadhlp.dll dsrole.dll propsys.dll samcli.dll es.dll slc.dll dnsrslvr.dll dnsext.dll wkssvc.dll cryptsvc.dll vssapi.dll nlasvc.dll ssdpapi.dll esent.dll termsrv.dll regapi.dll rdpcorekmts.dll tlscsp.dll msxml3.dll sfc_os.dll,normal
 wow64win.dll wow64cpu.dll kernel32.dll kernel32.dll user32.dll kernel32.dll kernelbase.dll msvcrt.dll winbrand.dll usp10.dll advapi32.dll sechost.dll rpcrt4.dll sspicli.dll msctf.dll,normal
 ntprint.dll mscms.dll mscms.dll mscms.dll ntprint.dll mscms.dll mscms.dll mscms.dll mscms.dll ntprint.dll mscms.dll mscms.dll mscms.dll mscms.dll ntprint.dll mscms.dll ntprint.dll mscms.dll mscms.dll mscms.dll ntprint.dll mscms.dll mscms.dll ntprint.dll mscms.dll mscms.dll ntprint.dll mscms.dll ntprint.dll mscms.dll mscms.dll ntprint.dll mscms.dll mscms.dll mscms.dll mscms.dll ntprint.dll mscms.dll mscms.dll ntprint.dll mscms.dll ntprint.dll mscms.dll ntprint.dll mscms.dll ntprint.dll mscms.dll,normal
 ntdll.dll msctf.dll uxtheme.dll kernel32.dll advapi32.dll comctl32.dll cryptbase.dll user32.dll usp10.dll msvcrt.dll rpcrt4.dll sechost.dll,normal
 ntdll.dll kernelbase.dll msvcrt.dll ole32.dll user32.dll lpk.dll msctf.dll rsaenh.dll rpcrtremote.dll uxtheme.dll useraccountcontrolsettings.dll shlwapi.dll api-ms-win-downlevel-shlwapi-l1-1-0.dll api-ms-win-downlevel-shlwapi-l2-1-0.dll ntdll.dll kernel32.dll sechost.dll rpcrt4.dll gdi32.dll lpk.dll ole32.dll msimg32.dll wmsgapi.dll wtsapi32.dll userenv.dll winsta.dll crypt32.dll msasn1.dll msctfmonitor.dll msctf.dll imm32.dll msutb.dll comctl32.dll shell32.dll uxtheme.dll wintrust.dll imagehlp.dll dwmapi.dll bcryptprimitives.dll version.dll clbcatq.dll oleaut32.dll api-ms-win-downlevel-shlwapi-l1-1-0.dll api-ms-win-downlevel-normaliz-l1-1-0.dll iertutil.dll wininet.dll credui.dll authui.dll cryptui.dll duser.dll mmdevapi.dll propsys.dll devobj.dll xmllite.dll imageres.dll msswch.dll kernel32.dll kernelbase.dll gdi32.dll user32.dll lpk.dll usp10.dll msvcrt.dll msctf.dll ole32.dll oleaut32.dll clbcatq.dll advapi32.dll ntdll.dll ntdll.dll wow64.dll wow64win.dll wow64cpu.dll kernel32.dll user32.dll advapi32.dll msvcrt.dll sechost.dll cryptbase.dll gdi32.dll user32.dll lpk.dll usp10.dll oleaut32.dll imm32.dll msctf.dll rsaenh.dll rpcrtremote.dll clbcatq.dll mscoreei.dll shlwapi.dll clrjit.dll version.dll mscorlib.dll mscorlib.dll system.transactions.dll system.xml.ni.dll system.xml.dll system.directoryservices.dll system.runtime.remoting.ni.dll system.configuration.ni.dll system.configuration.dll system.core.dll ntdll.dll ntdll.dll wow64win.dll wow64cpu.dll user32.dll kernel32.dll sechost.dll sspicli.dll cryptbase.dll msvcr120_clr0400.dll mscoree.dll ole32.dll gdi32.dll oleaut32.dll imm32.dll cryptsp.dll clbcatq.dll sxs.dll mscoreei.dll shlwapi.dll mscorlib.ni.dll clrjit.dll system.ni.dll mscorlib.dll mscorlib.dll system.web.mobile.dll system.drawing.dll system.web.ni.dll system.web.dll system.web.dll system.core.dll system.data.ni.dll system.data.dll system.xml.ni.dll system.xml.dll system.configuration.dll system.drawing.design.ni.dll ntdll.dll wow64.dll wow64win.dll kernel32.dll kernel32.dll kernel32.dll user32.dll kernel32.dll kernelbase.dll sechost.dll rpcrt4.dll sspicli.dll cryptbase.dll msvcr120_clr0400.dll mscoree.dll ole32.dll gdi32.dll lpk.dll oleaut32.dll imm32.dll msctf.dll cryptsp.dll rsaenh.dll rpcrtremote.dll clbcatq.dll sxs.dll mscoreei.dll msvcr80.dll ehividctl.ni.dll ehividctl.ni.dll ehividctl.ni.dll,normal
 kernel32.dll kernelbase.dll fastprox.dll wbemcomn.dll ws2_32.dll sechost.dll rpcrt4.dll nsi.dll kernel.appcore.dll cryptbase.dll bcryptprimitives.dll cryptsp.dll wmiutils.dll cimwin32.dll powrprof.dll framedynos.dll winnsi.dll dhcpcsvc6.dll dhcpcsvc.dll dnsapi.dll winbrand.dll security.dll crypt32.dll msasn1.dll netapi32.dll wkscli.dll logoncli.dll browcli.dll schedcli.dll cscapi.dll,normal
 workfoldersshell.dll skydriveshell.dll devrtl.dll,normal
 wow64win.dll wow64cpu.dll kernel32.dll kernel32.dll KernelBase.dll winbrand.dll user32.dll lpk.dll advapi32.dll sechost.dll rpcrt4.dll sspicli.dll cryptbase.dll imm32.dll apphelp.dll,normal
 kernel32.dll KernelBase.dll ole32.dll gdi32.dll user32.dll lpk.dll rpcrt4.dll clbcatq.dll advapi32.dll sechost.dll oleaut32.dll authui.dll cryptui.dll crypt32.dll comctl32.dll shlwapi.dll GdiPlus.dll dui70.dll duser.dll SndVolSSO.dll propsys.dll setupapi.dll cfgmgr32.dll dwmapi.dll WindowsCodecs.dll RpcRtRemote.dll VaultCredProvider.dll certCredProvider.dll rasapi32.dll oleacc.dll psapi.dll shell32.dll imecfm.dll WinSCard.dll msswch.dll netutils.dll samlib.dll imageres.dll profapi.dll sspicli.dll wintrust.dll crypt32.dll ntdll.dll user32.dll gdi32.dll lpk.dll usp10.dll msvcrt.dll netplwiz.dll ole32.dll rpcrt4.dll imm32.dll msctf.dll comctl32.dll advapi32.dll sechost.dll samlib.dll netutils.dll uxtheme.dll oleaut32.dll oleacc.dll imecfm.dll propsys.dll profapi.dll iertutil.dll ntmarta.dll Wldap32.dll apphelp.dll crypt32.dll setupapi.dll cfgmgr32.dll sfc_os.dll,normal
 sfc_os.dll werconcpl.dll msxml6.dll hcproviders.dll searchfolder.dll networkexplorer.dll,normal
 kernelbase.dll advapi32.dll msvcrt.dll rpcrt4.dll gdi32.dll user32.dll wmsgapi.dll winmm.dll userenv.dll profapi.dll winsta.dll msctfmonitor.dll msctf.dll imm32.dll comctl32.dll shlwapi.dll secur32.dll shell32.dll cryptbase.dll wintrust.dll cryptsp.dll rsaenh.dll bcrypt.dll bcryptprimitives.dll ncrypt.dll gpapi.dll oleaut32.dll devobj.dll cabinet.dll devrtl.dll version.dll clbcatq.dll oleaut32.dll urlmon.dll wininet.dll kernelbase.dll gdi32.dll lpk.dll usp10.dll imm32.dll ole32.dll rpcrt4.dll cryptbase.dll clbcatq.dll advapi32.dll sechost.dll ntdll.dll kernelbase.dll msvcrt.dll msctf.dll rpcrt4.dll,normal
 ntdll.dll wow64.dll wow64win.dll kernel32.dll user32.dll kernel32.dll kernelbase.dll winbrand.dll user32.dll gdi32.dll lpk.dll cryptbase.dll imm32.dll msctf.dll apphelp.dll,normal
 ntdll.dll advapi32.dll msvcrt.dll sechost.dll rpcrt4.dll gdi32.dll user32.dll lpk.dll usp10.dll ole32.dll oleaut32.dll shell32.dll comdlg32.dll crypt32.dll msasn1.dll credui.dll secur32.dll cryptui.dll winhttp.dll netutils.dll srvcli.dll wkscli.dll msctf.dll cryptbase.dll setupapi.dll clbcatq.dll Wldap32.dll mstscax.dll psapi.dll msacm32.dll version.dll ieframe.dll api-ms-win-downlevel-advapi32-l1-1-0.dll api-ms-win-downlevel-shlwapi-l1-1-0.dll api-ms-win-downlevel-version-l1-1-0.dll api-ms-win-downlevel-normaliz-l1-1-0.dllnormaliz.dll dui70.dll wintrust.dll aaclient.dll nsi.dll dwmcore.dll WindowsCodecs.dll d3d10_1.dll d3d10_1core.dll dxgi.dll dwmcore.dll dxgi.dll d3d11.dll msxml3.dll bcrypt.dll nlaapi.dll wtsapi32.dll winsta.dll cryptsp.dll rsaenh.dll mswsock.dll wship6.dll dnsapi.dll authui.dll GdiPlus.dll VaultCredProvider.dll SmartcardCredentialProvider.dll imageres.dll kernel32.dll advapi32.dll sechost.dll rpcrt4.dll lpk.dll usp10.dll tquery.dll shlwapi.dll msshooks.dll imm32.dll msctf.dll msidle.dll rsaenh.dll mssprxy.dll api-ms-win-downlevel-advapi32-l1-1-0.dll api-ms-win-downlevel-user32-l1-1-0.dll shell32.dll version.dll api-ms-win-downlevel-normaliz-l1-1-0.dllnormaliz.dll api-ms-win-downlevel-shlwapi-l2-1-0.dll api-ms-win-downlevel-ole32-l1-1-0.dll secur32.dll sspicli.dll mlang.dll userenv.dll profapi.dll ntdll.dll kernel32.dll KernelBase.dll advapi32.dll msvcrt.dll sechost.dll rpcrt4.dll msvcr120_clr0400.dll mscoree.dll gdi32.dll user32.dll lpk.dll usp10.dll oleaut32.dll msctf.dll cryptbase.dll rsaenh.dll clbcatq.dll sxs.dll mscorwks.dll msvcr80.dll shlwapi.dll shell32.dll mscorlib.ni.dll version.dll System.ni.dll Microsoft.VisualC.ni.dll System.Xml.ni.dll System.Security.ni.dll System.Web.ni.dll System.Web.dll System.Drawing.ni.dll mcstoredb.dll ws2_32.dll nsi.dll Microsoft.MediaCenter.UI.ni.dll mcepg.ni.dll System.Data.SqlXml.ni.dll System.Data.ni.dll System.Data.dll System.Data.dll System.Data.dll System.DirectoryServices.ni.dll System.EnterpriseServices.ni.dll System.EnterpriseServices.dll System.Design.ni.dll System.ServiceProcess.ni.dll System.Web.RegularExpressions.ni.dll System.Transactions.dll System.Transactions.dll System.Transactions.dll System.Runtime.Remoting.ni.dll System.Runtime.Serialization.Formatters.Soap.ni.dll System.Drawing.Design.ni.dll System.Data.OracleClient.ni.dll System.Data.OracleClient.dll System.Data.OracleClient.dll System.Deployment.ni.dll BDATunePIA.ni.dll BDATunePIA.dll BDATunePIA.dll BDATunePIA.dll ehiProxy.ni.dll ehiUserXp.ni.dll kernel32.dll KernelBase.dll advapi32.dll sechost.dll ole32.dll gdi32.dll user32.dll lpk.dll usp10.dll cryptbase.dll cryptsp.dll RpcRtRemote.dll sxs.dll mscoreei.dll mscorwks.dll msvcr80.dll shlwapi.dll profapi.dll mscorlib.ni.dll mscorlib.dll version.dll mscorlib.dll System.ni.dll WindowsBase.ni.dll PresentationCore.ni.dll PresentationCore.dll System.Drawing.ni.dll System.Deployment.ni.dll PresentationUI.ni.dll System.Printing.ni.dll System.Printing.dll System.Printing.dll System.Printing.dll ReachFramework.ni.dll UIAutomationTypes.ni.dll System.Data.ni.dll System.Data.dll System.Data.dll System.Data.dll System.Data.dll System.Data.dll ws2_32.dll System.Security.ni.dll ntdll.dll wow64cpu.dll kernel32.dll kernel32.dll kernel32.dll user32.dll kernel32.dll KernelBase.dll advapi32.dll sechost.dll cryptbase.dll msvcr120_clr0400.dll mscoree.dll gdi32.dll user32.dll oleaut32.dll msctf.dll cryptsp.dll rsaenh.dll RpcRtRemote.dll clbcatq.dll shlwapi.dll mscorlib.ni.dll System.Core.ni.dll version.dll mscorlib.dll mscorlib.dll System.dll System.Core.dll Microsoft.Build.Utilities.v4.0.ni.dll Microsoft.Build.Framework.ni.dll System.Xml.ni.dll System.Xml.dll Microsoft.Build.Tasks.v4.0.ni.dll System.Drawing.ni.dll System.Windows.Forms.ni.dll System.Windows.Forms.dll System.Windows.Forms.dll System.Drawing.dll System.Xaml.ni.dll System.Configuration.ni.dll System.Configuration.dll System.Configuration.dll System.Numerics.dll ntdll.dll wow64.dll wow64cpu.dll kernel32.dll kernel32.dll user32.dll kernel32.dll KernelBase.dll msvcrt.dll sechost.dll sspicli.dll ole32.dll user32.dll usp10.dll oleaut32.dll msctf.dll cryptsp.dll clbcatq.dll sxs.dll shlwapi.dll mscorlib.dll System.ni.dll System.Drawing.ni.dll System.Windows.Forms.ni.dll System.Windows.Forms.dll System.Windows.Forms.dll System.dll System.Drawing.dll System.Core.ni.dll System.Configuration.ni.dll System.Core.dll System.Core.dll System.Xml.ni.dll System.Xml.dll wow64win.dll kernel32.dll kernel32.dll KernelBase.dll advapi32.dll rpcrt4.dll sspicli.dll cryptbase.dll msvcr120_clr0400.dll mscoree.dll ole32.dll gdi32.dll user32.dll usp10.dll imm32.dll msctf.dll cryptsp.dll rsaenh.dll RpcRtRemote.dll clbcatq.dll sxs.dll mscorlib.ni.dll System.Web.ni.dll System.Web.Extensions.ni.dll System.ComponentModel.DataAnnotations.ni.dll System.Web.DynamicData.ni.dll mscorlib.dll System.Web.DynamicData.dll System.Web.DynamicData.dll System.dll System.Web.Extensions.dll System.Web.dll System.Web.dll System.Core.dll System.Core.dll System.ComponentModel.DataAnnotations.dll System.ComponentModel.DataAnnotations.dll System.Drawing.dll System.Drawing.dll System.Data.Linq.ni.dll System.Data.Linq.dll System.Web.Entity.ni.dll System.Web.Entity.dll System.Data.dll System.Xml.Linq.dll System.Xml.Linq.dll System.Configuration.ni.dll System.Configuration.dll System.DirectoryServices.ni.dll System.DirectoryServices.dll System.DirectoryServices.dll System.EnterpriseServices.ni.dll System.Design.ni.dll System.Web.ApplicationServices.ni.dll System.Web.ApplicationServices.dll System.DirectoryServices.Protocols.ni.dll System.DirectoryServices.Protocols.dll System.Security.ni.dll System.Security.dll System.Runtime.Caching.ni.dll System.Runtime.Caching.dll System.ServiceProcess.ni.dll System.Web.Services.ni.dll System.Web.Services.dll Microsoft.Build.Utilities.v4.0.ni.dll Microsoft.Build.Framework.ni.dll System.Windows.Forms.dll System.Numerics.dll System.Data.Services.Design.ni.dll System.ServiceModel.dll System.ServiceModel.dll System.Runtime.Serialization.ni.dll System.ServiceModel.Activation.dll System.ServiceModel.Activation.dll System.Data.Services.Client.ni.dll System.Data.Services.Client.dll System.Data.Services.Client.dll,normal
 ntdll.dll ntdll.dll wow64cpu.dll kernel32.dll kernel32.dll msvcrt.dll user32.dll gdi32.dll lpk.dll advapi32.dll sechost.dll rpcrt4.dll sspicli.dll imm32.dll msctf.dll,normal
 kernelbase.dll msvcrt.dll rpcrt4.dll gdi32.dll lpk.dll usp10.dll ole32.dll oleaut32.dll tquery.dll imm32.dll msctf.dll msidle.dll kernel32.dll rsaenh.dll rpcrtremote.dll mssprxy.dll api-ms-win-downlevel-advapi32-l1-1-0.dll shell32.dll api-ms-win-downlevel-version-l1-1-0.dll version.dll normaliz.dll api-ms-win-downlevel-shlwapi-l2-1-0.dll propsys.dll wininet.dll profapi.dll api-ms-win-downlevel-advapi32-l2-1-0.dll secur32.dll sspicli.dll ntdll.dll kernelbase.dll gdi32.dll rpcrt4.dll imm32.dll clbcatq.dll sechost.dll oleaut32.dll rsaenh.dll rpcrtremote.dll shacct.dll comctl32.dll shlwapi.dll profapi.dll ntdll.dll kernelbase.dll ucrtbase.dll api-ms-win-core-timezone-l1-1-0.dll api-ms-win-core-file-l2-1-0.dll api-ms-win-core-localization-l1-2-0.dll api-ms-win-core-processthreads-l1-1-1.dll api-ms-win-crt-string-l1-1-0.dll api-ms-win-crt-heap-l1-1-0.dll api-ms-win-crt-convert-l1-1-0.dll sechost.dll msvcp140.dll api-ms-win-crt-locale-l1-1-0.dll api-ms-win-crt-math-l1-1-0.dll api-ms-win-crt-multibyte-l1-1-0.dll api-ms-win-crt-filesystem-l1-1-0.dll api-ms-win-crt-environment-l1-1-0.dll api-ms-win-crt-utility-l1-1-0.dll user32.dll imm32.dll dwrite.dll oleaut32.dll shlwapi.dll mso30win32client.dll mso40uiwin32client.dll slc.dll mso99lwin32client.dll msi.dll shell32.dll d2d1.dll version.dll setupapi.dll cfgmgr32.dll devobj.dll dxgi.dll crypt32.dll vm3dum64.dll clbcatq.dll netutils.dll wkscli.dll secur32.dll sspicli.dll msimtf.dll setupapi.dll cfgmgr32.dll devobj.dll vm3dum64.dll vm3dum64.dll vm3dum64.dll vm3dum64.dll vm3dum64.dll msointl30.dll d3d10_1.dll d3d10_1core.dll winmm.dll d3d10warp.dll vm3dum64_10.dll vm3dum64_10.dll winmm.dll vm3dum64_10.dll vm3dum64.dll mscorwks.dll vm3dum64.dll devobj.dll d3d10level9.dll d3d10level9.dll ntmarta.dll wldap32.dll api-ms-win-downlevel-advapi32-l1-1-0.dll api-ms-win-downlevel-normaliz-l1-1-0.dll normaliz.dll xmllite.dll msswch.dll rsaenh.dll rpcrtremote.dll nsi.dll sfc.dll ws2_32.dll mssprxy.dll webservices.dll setupapi.dll cfgmgr32.dll umoutlookaddin.dll umoutlookaddin.dll colleagueimport.dll netapi32.dll wkscli.dll duser.dll dui70.dll actxprxy.dll winnsi.dll mfc140u.dll mfc140jpn.dll tmpod.dll ucaddinres.dll umoutlookstrings.dll avrt.dll avrt.dll avrt.dll dhcpcsvc.dll api-ms-win-downlevel-advapi32-l2-1-0.dll wship6.dll winhttp.dll uiautomationcore.dll oleacc.dll tiptsf.dll sxs.dll dhcpcsvc6.dll dnsapi.dll schannel.dll rasadhlp.dll setupapi.dll mlang.dll msxml6.dll powrprof.dll wbemprox.dll wbemcomn.dll ntdsapi.dll structuredquery.dll msfad.dll linkinfo.dll ieframe.dll api-ms-win-downlevel-shell32-l1-1-0.dll searchfolder.dll ieframe.dll api-ms-win-downlevel-shell32-l1-1-0.dll davclnt.dll davhlpr.dll drprov.dll ntlanman.dll msspell7.dll mscss7en.dll nl7models0009.dll api-ms-win-downlevel-shlwapi-l2-1-0.dll napinsp.dll pnrpnsp.dll winrnr.dll,normal
 ntdll.dll wow64.dll kernel32.dll user32.dll kernel32.dll KernelBase.dll oleaut32.dll ole32.dll gdi32.dll sechost.dll sspicli.dll cryptbase.dll lpk.dll version.dll imm32.dll msctf.dll sxs.dll clbcatq.dll wintrust.dll msasn1.dll cryptsp.dll wshext.dll comctl32.dll shlwapi.dll scrobj.dll msi.dll,normal
 ntdll.dll wow64.dll wow64win.dll wow64cpu.dll kernel32.dll kernel32.dll user32.dll kernel32.dll KernelBase.dll advapi32.dll rpcrt4.dll cryptbase.dll dnsapi.dll ws2_32.dll nsi.dll winnsi.dll dhcpcsvc.dll dhcpcsvc6.dll shlwapi.dll gdi32.dll user32.dll lpk.dll usp10.dll msctf.dll oleaut32.dll cryptsp.dll wevtapi.dll ntdll.dll ntdll.dll advapi32.dll msvcrt.dll dnsapi.dll ws2_32.dll nsi.dll dhcpcsvc6.dll shell32.dll shlwapi.dll user32.dll lpk.dll usp10.dll ole32.dll imm32.dll msctf.dll clbcatq.dll rsaenh.dll RpcRtRemote.dll ntdll.dll wow64.dll kernel32.dll kernel32.dll kernel32.dll user32.dll kernel32.dll KernelBase.dll msvcrt.dll user32.dll gdi32.dll advapi32.dll sechost.dll cryptbase.dll msctf.dll,normal
 ntdll.dll wow64win.dll wow64cpu.dll kernel32.dll kernel32.dll kernel32.dll kernel32.dll advapi32.dll sechost.dll dnsapi.dll ws2_32.dll nsi.dll dhcpcsvc.dll dhcpcsvc6.dll user32.dll lpk.dll usp10.dll ole32.dll imm32.dll msctf.dll cryptsp.dll RpcRtRemote.dll wevtapi.dll ntdll.dll ntdll.dll wow64.dll wow64win.dll wow64cpu.dll kernel32.dll kernel32.dll user32.dll kernel32.dll msvcrt.dll gdi32.dll lpk.dll usp10.dll sechost.dll msctf.dll,normal
 ntdll.dll kernel32.dll kernelbase.dll gdi32.dll lpk.dll usp10.dll imm32.dll msctf.dll rpcrt4.dll oleaut32.dll advapi32.dll sechost.dll wow64win.dll wow64cpu.dll kernel32.dll kernel32.dll kernel32.dll advapi32.dll cryptbase.dll msvcr120_clr0400.dll mscoree.dll ole32.dll user32.dll oleaut32.dll imm32.dll msctf.dll rsaenh.dll rpcrtremote.dll clbcatq.dll mscoreei.dll shell32.dll mscorjit.dll mscorlib.dll version.dll mscorlib.dll mscorlib.dll system.data.entity.design.ni.dll system.data.entity.design.dll system.dll system.dll system.core.dll system.core.dll system.core.dll system.web.ni.dll system.web.dll system.web.dll system.web.dll system.web.dll system.data.entity.ni.dll system.data.entity.dll system.data.entity.dll system.data.entity.dll system.data.ni.dll system.data.dll system.data.dll crypt32.dll system.xml.ni.dll system.xml.dll system.xml.dll system.xml.dll system.configuration.ni.dll system.configuration.dll system.configuration.dll system.drawing.ni.dll system.drawing.dll system.drawing.dll system.web.services.ni.dll system.web.services.dll system.web.services.dll system.web.services.dll system.directoryservices.ni.dll system.directoryservices.dll system.directoryservices.dll system.directoryservices.protocols.dll system.directoryservices.protocols.dll system.enterpriseservices.ni.dll system.enterpriseservices.dll system.design.dll system.design.dll system.serviceprocess.ni.dll system.serviceprocess.dll system.windows.forms.ni.dll system.windows.forms.dll system.windows.forms.dll system.windows.forms.dll system.web.regularexpressions.ni.dll system.web.regularexpressions.dll system.web.regularexpressions.dll system.web.regularexpressions.dll system.security.dll system.data.sqlxml.dll system.data.sqlxml.dll system.data.sqlxml.dll system.transactions.dll system.transactions.dll system.transactions.dll system.runtime.remoting.ni.dll system.runtime.remoting.dll system.runtime.serialization.formatters.soap.dll system.drawing.design.ni.dll system.drawing.design.dll system.drawing.design.dll system.data.oracleclient.dll system.data.oracleclient.dll system.data.oracleclient.dll accessibility.dll accessibility.dll accessibility.dll system.deployment.dll system.deployment.dll system.deployment.dll system.deployment.dll system.configuration.install.ni.dll system.configuration.install.dll system.configuration.install.dll system.runtime.serialization.ni.dll system.runtime.serialization.dll smdiagnostics.ni.dll smdiagnostics.dll smdiagnostics.dll smdiagnostics.dll,normal
 ntdll.dll kernelbase.dll msvcrt.dll oleaut32.dll shlwapi.dll wintrust.dll shell32.dll rpcrt4.dll user32.dll gdi32.dll advapi32.dll crypt32.dll msasn1.dll sechost.dll ole32.dll setupapi.dll version.dll nsi.dll nsi.dll winnsi.dll winnsi.dll shcore.dll kernel.appcore.dll kernel.appcore.dll cryptbase.dll cryptbase.dll bcryptprimitives.dll clbcatq.dll wbemprox.dll wbemprox.dll ws2_32.dll wbemcomn.dll cryptsp.dll wbemsvc.dll wbemsvc.dll fastprox.dll msxml6.dll msxml6.dll,normal
 ntdll.dll kernelbase.dll advapi32.dll msvcrt.dll sechost.dll rpcrt4.dll gdi32.dll lpk.dll usp10.dll msctf.dll cryptbase.dll rpcrtremote.dll clbcatq.dll mscoreei.dll mscorwks.dll shlwapi.dll profapi.dll mscorlib.ni.dll mscorjit.dll mscorlib.dll mscorlib.dll version.dll mscorlib.dll presentationframework.aero.ni.dll presentationcore.ni.dll presentationcore.dll presentationcore.dll,normal
 ntdll.dll wow64.dll wow64win.dll wow64cpu.dll kernel32.dll kernel32.dll kernel32.dll msvcrt.dll advapi32.dll sechost.dll rpcrt4.dll api-ms-win-downlevel-advapi32-l1-1-0.dll user32.dll gdi32.dll lpk.dll usp10.dll imm32.dll msctf.dll api-ms-win-downlevel-normaliz-l1-1-0.dllnormaliz.dll shlwapi.dll api-ms-win-downlevel-shell32-l1-1-0.dll ole32.dll oleaut32.dll ieframe.dll comdlg32.dll uxtheme.dll IEShims.dll api-ms-win-downlevel-ole32-l1-1-0.dll wininet.dll profapi.dll userenv.dll nsi.dll mswsock.dll winhttp.dll rsaenh.dll webio.dll clbcatq.dll wship6.dll dwmapi.dll winnsi.dll RpcRtRemote.dll api-ms-win-downlevel-shlwapi-l2-1-0.dll mshtml.dll d2d1.dll DWrite.dll dxgi.dll setupapi.dll cfgmgr32.dll devobj.dll ieui.dll LspWaoIe.dll imagehlp.dll bcrypt.dll bcryptprimitives.dll propsys.dll crypt32.dll winmm.dll d3d10level9.dll dnsapi.dll msimg32.dll olepro32.dll LspWeb.dll LspWeb.dll LspWeb.dll comctl32.dll wshqos.dll wshqos.dll wshqos.dll credssp.dll Wldap32.dll ncrypt.dll mshtml.dll npmproxy.dll ieapfltr.dll msimtf.dll sxs.dll devobj.dll vm3dum_10.dll dbghelp.dll vm3dum.dll d3d10level9.dll cfgmgr32.dll cfgmgr32.dll d3d10warp.dll xmllite.dll msctf.dll winmm.dll UIAnimation.dll WindowsCodecsExt.dll msxml6.dll mshtmler.dll setupapi.dll devobj.dll,normal
 ntdll.dll ntdll.dll wow64cpu.dll kernel32.dll user32.dll kernel32.dll kernelbase.dll advapi32.dll sechost.dll rpcrt4.dll sspicli.dll cryptbase.dll nsi.dll winnsi.dll dhcpcsvc.dll gdi32.dll user32.dll ole32.dll imm32.dll msctf.dll oleaut32.dll cryptsp.dll rpcrtremote.dll wevtapi.dll ntdll.dll ntdll.dll wow64.dll wow64win.dll wow64cpu.dll kernel32.dll user32.dll kernel32.dll kernelbase.dll winbrand.dll gdi32.dll lpk.dll sechost.dll rpcrt4.dll,normal
 ktmw32.dll vaultsvc.dll,normal
 ntdll.dll kernel32.dll KernelBase.dll msvcrt.dll fastprox.dll combase.dll bcryptprimitives.dll ncobjapi.dll bcrypt.dll advapi32.dll gdi32full.dll kernel.appcore.dll clbcatq.dll wbemprox.dll wbemsvc.dll wmiutils.dll ole32.dll crypt32.dll msasn1.dll wintrust.dll wtsapi32.dll mi.dll gpapi.dll ProtectionManagement.dll,normal
 kernel32.dll advapi32.dll msvcrt.dll sechost.dll gdi32.dll usp10.dll msimg32.dll wtsapi32.dll winmm.dll profapi.dll winsta.dll crypt32.dll msasn1.dll MsCtfMonitor.dll msctf.dll imm32.dll comctl32.dll shlwapi.dll secur32.dll shell32.dll wintrust.dll rsaenh.dll bcrypt.dll ncrypt.dll gpapi.dll cryptnet.dll Wldap32.dll api-ms-win-downlevel-ole32-l1-1-0.dll api-ms-win-downlevel-shlwapi-l1-1-0.dll api-ms-win-downlevel-advapi32-l1-1-0.dll api-ms-win-downlevel-user32-l1-1-0.dll api-ms-win-downlevel-normaliz-l1-1-0.dllnormaliz.dll wininet.dll,normal
 ntdll.dll wow64.dll wow64cpu.dll user32.dll kernel32.dll kernelbase.dll advapi32.dll sspicli.dll cryptbase.dll nsi.dll winnsi.dll dhcpcsvc.dll dhcpcsvc6.dll shell32.dll gdi32.dll lpk.dll usp10.dll ole32.dll imm32.dll msctf.dll cryptsp.dll rsaenh.dll rpcrtremote.dll wevtapi.dll kernelbase.dll gdi32.dll msctf.dll rpcrt4.dll oleaut32.dll cryptbase.dll advapi32.dll ntdll.dll ntdll.dll wow64.dll wow64win.dll sechost.dll sspicli.dll cryptbase.dll dnsapi.dll ws2_32.dll dhcpcsvc.dll shell32.dll gdi32.dll user32.dll lpk.dll msctf.dll clbcatq.dll oleaut32.dll cryptsp.dll rsaenh.dll wevtapi.dll ntdll.dll kernelbase.dll advapi32.dll msvcrt.dll rpcrt4.dll gdi32.dll user32.dll imm32.dll msctf.dll wdscore.dll oleaut32.dll shell32.dll shlwapi.dll dbghelp.dll version.dll crypt32.dll msasn1.dll profapi.dll ktmw32.dll dpx.dll wcp.dll drupdate.dll setupapi.dll devobj.dll mpr.dll sxsstore.dll winhttp.dll winhttp.dll webio.dll cryptsp.dll rsaenh.dll rpcrtremote.dll cbsapi.dll smiengine.dll ntdll.dll kernel32.dll kernelbase.dll gdi32.dll user32.dll lpk.dll imm32.dll rpcrt4.dll cryptbase.dll clbcatq.dll advapi32.dll ntdll.dll ntdll.dll wow64cpu.dll kernel32.dll kernel32.dll kernel32.dll kernel32.dll kernelbase.dll advapi32.dll msvcrt.dll sechost.dll rpcrt4.dll sspicli.dll user32.dll lpk.dll shlwapi.dll oleaut32.dll crypt32.dll msasn1.dll imm32.dll msctf.dll iertutil.dll profapi.dll nsi.dll dnsapi.dll clbcatq.dll cryptsp.dll rsaenh.dll rpcrtremote.dll apphelp.dll ieframe.dll psapi.dll oleacc.dll version.dll devobj.dll netprofm.dll nlaapi.dll wsock32.dll ole32.dll msctf.dll msctf.dll sqmapi.dll ntmarta.dll wldap32.dll rasapi32.dll rasman.dll rtutils.dll ieui.dll sxs.dll shell32.dll mswsock.dll wship6.dll url.dll xmllite.dll shell32.dll imecfm.dll mlang.dll normaliz.dll msxml3.dll shell32.dll,normal
 kernel32.dll user32.dll wow64win.dll kernel32.dll wow64cpu.dll msvcrt.dll sechost.dll rpcrt4.dll sspicli.dll cryptbase.dll bcryptprimitives.dll combase.dll oleaut32.dll windows.storage.dll shlwapi.dll kernel.appcore.dll powrprof.dll profapi.dll ws2_32.dll nsi.dll comctl32.dll mfc42u.dll winmm.dll odbc32.dll dpapi.dll imm32.dll msctf.dll uxtheme.dll riched32.dll riched20.dll dwmapi.dll version.dll propsys.dll oleacc.dll ntmarta.dll policymanager.dll dui70.dll imecfm.dll wer.dll tiptsf.dll bcrypt.dll msjetoledb40.dll msjter40.dll cryptsp.dll msadrh15.dll msjtes40.dll vbajet32.dll expsrv.dll imecfm.dll msadce.dll msadcer.dll,caidao
 kernel32.dll kernelbase.dll msvcrt.dll gdi32.dll usp10.dll ole32.dll tquery.dll shlwapi.dll msshooks.dll msshooks.dll imm32.dll msctf.dll msidle.dll rsaenh.dll rpcrtremote.dll psapi.dll shell32.dll comctl32.dll urlmon.dll wininet.dll crypt32.dll msasn1.dll wldap32.dll version.dll sspicli.dll profapi.dll,normal
 qmgr.dll bitsperf.dll upnp.dll ssdpapi.dll msxml3.dll mpr.dll hnetcfg.dll wbemprox.dll netcfgx.dll tcpipcfg.dll tcpipcfg.dll lltdres.dll rascfg.dll rascfg.dll rascfg.dll tcpipcfg.dll ndiscapcfg.dll mprapi.dll mprmsg.dll mprmsg.dll actxprxy.dll avrt.dll netcfgx.dll mprmsg.dll wshbth.dll seclogon.dll lltdres.dll lltdres.dll sstpsvc.dll wshbth.dll mprmsg.dll wshbth.dll aelupsvc.dll avrt.dll mprmsg.dll mmcss.dll avrt.dll wshbth.dll mprmsg.dll wshbth.dll wshbth.dll mprmsg.dll mprmsg.dll wshbth.dll aelupsvc.dll avrt.dll mmcss.dll avrt.dll mprmsg.dll wshbth.dll wshbth.dll,normal
 ondemandconnroutehelper.dll ondemandconnroutehelper.dll ondemandconnroutehelper.dll,normal
 ntdll.dll wow64.dll wow64win.dll wow64cpu.dll kernel32.dll kernel32.dll kernel32.dll user32.dll oleaut32.dll ole32.dll user32.dll sechost.dll sspicli.dll cryptbase.dll lpk.dll version.dll comctl32.dll shell32.dll msimg32.dll msctf.dll wsock32.dll apphelp.dll netutils.dll wkscli.dll GdiPlus.dll uxtheme.dll dwmapi.dll setupapi.dll cfgmgr32.dll devobj.dll WindowsCodecs.dll api-ms-win-crt-runtime-l1-1-0.dll ucrtbase.dll api-ms-win-core-timezone-l1-1-0.dll api-ms-win-core-file-l2-1-0.dll api-ms-win-core-localization-l1-2-0.dll api-ms-win-core-processthreads-l1-1-1.dll api-ms-win-crt-heap-l1-1-0.dll api-ms-win-crt-multibyte-l1-1-0.dll api-ms-win-crt-time-l1-1-0.dll api-ms-win-crt-filesystem-l1-1-0.dll api-ms-win-crt-environment-l1-1-0.dll msi.dll GrooveIntlResource.dll EhStorShell.dll EhStorShell.dll EhStorShell.dll EhStorShell.dll ntshrui.dll ntshrui.dll ntshrui.dll imageres.dll imageres.dll imageres.dll imageres.dll imageres.dll imageres.dll imageres.dll winsta.dll,normal
 msvcrt.dll oleaut32.dll msvcp_win.dll ucrtbase.dll combase.dll rpcrt4.dll bcryptprimitives.dll windows.storage.dll shlwapi.dll tquery.dll gdi32.dll gdi32full.dll user32.dll kernel.appcore.dll shcore.dll profapi.dll imm32.dll msidle.dll clbcatq.dll authz.dll,normal
 ntdll.dll wow64.dll wow64win.dll wow64cpu.dll kernel32.dll kernel32.dll kernel32.dll KernelBase.dll advapi32.dll rpcrt4.dll sspicli.dll cryptbase.dll ole32.dll usp10.dll credui.dll comctl32.dll shlwapi.dll user32.dll,normal
 msftedit.dll Windows.Globalization.dll globinputhost.dll linkinfo.dll ntshrui.dll cscapi.dll UIAutomationCore.dll actxprxy.dll samlib.dll thumbcache.dll ntlanman.dll winsta.dll twinapi.dll twinapi.appcore.dll,normal
 ntdll.dll kernel32.dll kernelbase.dll conhostv2.dll combase.dll ucrtbase.dll bcryptprimitives.dll user32.dll imm32.dll oleaut32.dll propsys.dll sechost.dll shcore.dll windows.storage.dll powrprof.dll advapi32.dll shlwapi.dll uxtheme.dll msctf.dll comctl32.dll ole32.dll iertutil.dll version.dll ntmarta.dll ncrypt.dll ntasn1.dll dui70.dll imecfm.dll wer.dll,normal
 ntdll.dll ntdll.dll wow64cpu.dll kernel32.dll kernel32.dll user32.dll kernel32.dll kernelbase.dll msvcrt.dll rpcrt4.dll dnsapi.dll ws2_32.dll nsi.dll dhcpcsvc6.dll shell32.dll shlwapi.dll gdi32.dll lpk.dll usp10.dll ole32.dll clbcatq.dll oleaut32.dll rpcrtremote.dll wevtapi.dll ntdll.dll user32.dll lpk.dll imm32.dll rpcrt4.dll oleaut32.dll clbcatq.dll sechost.dll ntdll.dll gdi32.dll lpk.dll usp10.dll msvcrt.dll imm32.dll msctf.dll ole32.dll oleaut32.dll cryptbase.dll clbcatq.dll sechost.dll ntdll.dll wow64win.dll wow64cpu.dll kernel32.dll kernel32.dll user32.dll kernelbase.dll gdi32.dll usp10.dll advapi32.dll sspicli.dll cryptbase.dll imm32.dll msctf.dll apphelp.dll,normal
 ntdll.dll kernel32.dll kernelbase.dll oleaut32.dll combase.dll rpcrt4.dll advapi32.dll sechost.dll cryptdll.dll user32.dll gdi32full.dll kernel.appcore.dll clbcatq.dll mssprxy.dll,normal
 ntdll.dll kernel32.dll kernelbase.dll gdi32.dll user32.dll lpk.dll usp10.dll msvcrt.dll ole32.dll rpcrt4.dll oleaut32.dll cryptbase.dll advapi32.dll wow64.dll wow64win.dll wow64cpu.dll kernel32.dll kernel32.dll kernelbase.dll msvcrt.dll winbrand.dll gdi32.dll usp10.dll rpcrt4.dll imm32.dll msctf.dll,normal
 advapi32.dll msvcrt.dll rpcrt4.dll gdi32.dll oleaut32.dll tquery.dll tquery.dll shlwapi.dll imm32.dll msctf.dll msshooks.dll msshooks.dll mscoree.dll mscoreei.dll cryptsp.dll rsaenh.dll rpcrtremote.dll sxs.dll,normal
 ntdll.dll kernel32.dll kernelbase.dll msvcrt.dll oleaut32.dll ole32.dll rpcrt4.dll secur32.dll wintrust.dll sechost.dll combase.dll gdi32.dll user32.dll userenv.dll gpapi.dll version.dll version.dll cryptbase.dll bcryptprimitives.dll kernel.appcore.dll bcrypt.dll wuapi.dll shlwapi.dll cabinet.dll version.dll wups.dll netprofm.dll cabinet.dll version.dll wu.upgrade.ps.dll netprofm.dll npmproxy.dll shlwapi.dll wu.upgrade.ps.dll ws2_32.dll winhttp.dll mswsock.dll winnsi.dll dnsapi.dll rasadhlp.dll dhcpcsvc.dll,normal
 ntdll.dll kernel32.dll kernelbase.dll msvcrt.dll msvcrt.dll oleaut32.dll shlwapi.dll wdscore.dll wintrust.dll rpcrt4.dll user32.dll gdi32.dll advapi32.dll advapi32.dll msasn1.dll sechost.dll dbghelp.dll aeinv.dll aeinv.dll version.dll sfc_os.dll sfc_os.dll shcore.dll shcore.dll kernel.appcore.dll kernel.appcore.dll bcryptprimitives.dll comctl32.dll setupapi.dll cfgmgr32.dll devrtl.dll cryptsp.dll,normal
 ntdll.dll wow64win.dll kernel32.dll user32.dll KernelBase.dll msvcrt.dll rpcrt4.dll sspicli.dll ole32.dll gdi32.dll user32.dll lpk.dll wevtapi.dll imm32.dll msctf.dll shlwapi.dll credui.dll KernelBase.dll advapi32.dll msvcrt.dll sechost.dll mscoree.dll ole32.dll gdi32.dll lpk.dll usp10.dll oleaut32.dll msctf.dll RpcRtRemote.dll mscoreei.dll mscorwks.dll msvcr80.dll shlwapi.dll shell32.dll mscorlib.ni.dll mscorjit.dll mscorlib.dll version.dll mscorlib.dll System.ni.dll PresentationFramework.ni.dll PresentationCore.dll PresentationCore.dll KernelBase.dll advapi32.dll sechost.dll rpcrt4.dll msvcr120_clr0400.dll ole32.dll gdi32.dll user32.dll lpk.dll usp10.dll imm32.dll msctf.dll cryptbase.dll rsaenh.dll RpcRtRemote.dll clbcatq.dll sxs.dll shlwapi.dll clrjit.dll mscorlib.dll mscorlib.dll Microsoft.VisualC.ni.dll ntdll.dll wow64.dll wow64win.dll wow64cpu.dll kernel32.dll kernel32.dll msvcrt.dll sechost.dll sspicli.dll mscoree.dll lpk.dll usp10.dll oleaut32.dll msctf.dll cryptsp.dll sxs.dll mscoreei.dll clr.dll mscorlib.ni.dll clrjit.dll System.ni.dll mscorlib.dll mscorlib.dll System.dll System.ServiceProcess.ni.dll System.Core.ni.dll System.Configuration.dll System.Configuration.dll System.Core.dll System.Xml.ni.dll System.Xml.dll,normal
 kernelbase.dll msvcrt.dll ucrtbase.dll oleaut32.dll msvcp_win.dll shcore.dll ntmarta.dll wer.dll gdi32.dll usermgrcli.dll kernel.appcore.dll clbcatq.dll netprofm.dll npmproxy.dll npmproxy.dll dsreg.dll cryptsp.dll msvcp110_win.dll crypt32.dll msasn1.dll profapi.dll windows.security.authentication.onlineid.dll cryptbase.dll xmllite.dll winhttp.dll mswsock.dll winnsi.dll nsi.dll dhcpcsvc6.dll sspicli.dll dnsapi.dll rasadhlp.dll netprofm.dll ondemandconnroutehelper.dll npmproxy.dll netprofm.dll npmproxy.dll windows.security.authentication.onlineid.dll onecoreuapcommonproxystub.dll netprofm.dll ondemandconnroutehelper.dll netprofm.dll npmproxy.dll netprofm.dll netprofm.dll npmproxy.dll netprofm.dll npmproxy.dll windows.security.authentication.onlineid.dll npmproxy.dll netprofm.dll npmproxy.dll flightsettings.dll cfgmgr32.dll policymanager.dll bcd.dll twinapi.appcore.dll rmclient.dll ole32.dll ondemandconnroutehelper.dll netprofm.dll npmproxy.dll netprofm.dll npmproxy.dll windows.security.authentication.onlineid.dll onecoreuapcommonproxystub.dll netprofm.dll npmproxy.dll onecoreuapcommonproxystub.dll netprofm.dll netprofm.dll npmproxy.dll windows.security.authentication.onlineid.dll netprofm.dll npmproxy.dll netprofm.dll onecoreuapcommonproxystub.dll ondemandconnroutehelper.dll npmproxy.dll netprofm.dll npmproxy.dll windows.security.authentication.onlineid.dll ondemandconnroutehelper.dll netprofm.dll npmproxy.dll windows.security.authentication.onlineid.dll onecoreuapcommonproxystub.dll ondemandconnroutehelper.dll netprofm.dll npmproxy.dll windows.security.authentication.onlineid.dll onecoreuapcommonproxystub.dll ondemandconnroutehelper.dll npmproxy.dll windows.security.authentication.onlineid.dll onecoreuapcommonproxystub.dll ondemandconnroutehelper.dll taskschd.dll,normal
 sfc.dll sfc_os.dll,normal
 ntdll.dll kernelbase.dll ole32.dll user32.dll lpk.dll rpcrt4.dll imm32.dll cryptbase.dll clbcatq.dll advapi32.dll sechost.dll cryptsp.dll rsaenh.dll rpcrtremote.dll shacct.dll comctl32.dll profapi.dll ntdll.dll lpk.dll usp10.dll msvcrt.dll imagehlp.dll imm32.dll shell32.dll rpcrt4.dll cryptbase.dll sechost.dll oleaut32.dll comctl32.dll dui70.dll sxs.dll cryptsp.dll rsaenh.dll rpcrtremote.dll actxprxy.dll ntdll.dll kernel32.dll user32.dll usp10.dll msvcrt.dll msctf.dll oleaut32.dll wow64.dll wow64win.dll wow64cpu.dll kernel32.dll kernel32.dll kernel32.dll user32.dll kernel32.dll msvcrt.dll user32.dll lpk.dll advapi32.dll sechost.dll rpcrt4.dll cryptbase.dll imm32.dll msctf.dll,normal
 kernelbase.dll msvcrt.dll combase.dll ucrtbase.dll bcryptprimitives.dll sechost.dll oleaut32.dll crypt32.dll ws2_32.dll winhttp.dll kernel.appcore.dll win32u.dll gdi32.dll gdi32full.dll wuaueng.dll cfgmgr32.dll cryptsp.dll wuuhext.dll cabinet.dll,normal
 ntdll.dll gdi32.dll user32.dll lpk.dll usp10.dll rpcrt4.dll imm32.dll cryptbase.dll advapi32.dll shlwapi.dll dimsjob.dll taskschd.dll nsi.dll netprofm.dll nlaapi.dll rsaenh.dll RpcRtRemote.dll pautoenr.dll npmproxy.dll Wldap32.dll certcli.dll atl.dll crypt32.dll msasn1.dll dsrole.dll netutils.dll cryptdll.dll bcrypt.dll bcryptprimitives.dll kerberos.dll wship6.dll,normal
 kernel32.dll kernelbase.dll gdi32.dll user32.dll lpk.dll msvcrt.dll msctf.dll oleaut32.dll,normal
 ntdll.dll wow64.dll wow64win.dll wow64cpu.dll kernel32.dll user32.dll advapi32.dll sechost.dll sspicli.dll dnsapi.dll nsi.dll dhcpcsvc.dll dhcpcsvc6.dll shell32.dll user32.dll lpk.dll usp10.dll ole32.dll msctf.dll clbcatq.dll oleaut32.dll cryptsp.dll rsaenh.dll rpcrtremote.dll wevtapi.dll ntdll.dll wow64.dll wow64win.dll kernel32.dll kernel32.dll user32.dll kernelbase.dll sechost.dll rpcrt4.dll sspicli.dll ws2_32.dll winnsi.dll dhcpcsvc.dll dhcpcsvc6.dll shell32.dll shlwapi.dll msctf.dll clbcatq.dll cryptsp.dll rsaenh.dll kernel32.dll kernelbase.dll gdi32.dll user32.dll lpk.dll usp10.dll msvcrt.dll oleaut32.dll clbcatq.dll sechost.dll ntdll.dll wow64.dll wow64win.dll wow64cpu.dll kernel32.dll kernel32.dll kernel32.dll winbrand.dll gdi32.dll lpk.dll usp10.dll advapi32.dll sechost.dll rpcrt4.dll cryptbase.dll apphelp.dll,normal
 kernel32.dll kernelbase.dll user32.dll lpk.dll msvcrt.dll ole32.dll rpcrt4.dll cryptbase.dll clbcatq.dll advapi32.dll sechost.dll,normal
 mscoree.dll clr.dll msvcr120_clr0400.dll ntdll.dll kernelbase.dll msvcrt.dll sechost.dll rpcrt4.dll shlwapi.dll gdi32.dll lpk.dll usp10.dll cryptsp.dll rsaenh.dll,normal
 ntdll.dll wow64.dll kernel32.dll kernel32.dll kernel32.dll msvcrt.dll user32.dll lpk.dll usp10.dll advapi32.dll sechost.dll rpcrt4.dll sspicli.dll imm32.dll apphelp.dll,normal
 ntdll.dll ntdll.dll kernel32.dll kernelbase.dll ucrtbase.dll combase.dll rpcrt4.dll bcryptprimitives.dll powrprof.dll sechost.dll kernel.appcore.dll msvcrt.dll msvcrt.dll rmclient.dll gdi32full.dll msvcp_win.dll imm32.dll clbcatq.dll twinapi.appcore.dll shlwapi.dll shell32.dll shcore.dll windows.storage.dll windows.storage.dll advapi32.dll filterlib.dll oleaut32.dll bcrypt.dll nsi.dll npfproxy.dll npmproxy.dll wintypes.dll wintypes.dll onecorecommonproxystub.dll familysafetyext.dll familysafetyext.dll wpc.dll wlidprov.dll windows.networking.connectivity.dll wwapi.dll wwapi.dll windows.networking.hostname.dll netprofm.dll netprofm.dll dusmapi.dll dusmapi.dll,normal
 ntdll.dll ntdll.dll wow64win.dll wow64cpu.dll kernel32.dll kernel32.dll oleaut32.dll ole32.dll user32.dll advapi32.dll cryptbase.dll lpk.dll usp10.dll imm32.dll msctf.dll vbscript.dll crypt32.dll wintrust.dll msasn1.dll cryptsp.dll rsaenh.dll msisip.dll wshext.dll shell32.dll msi.dll scrrun.dll,normal
 ntdll.dll wow64.dll wow64cpu.dll kernel32.dll kernelbase.dll winbrand.dll gdi32.dll usp10.dll advapi32.dll sechost.dll sspicli.dll cryptbase.dll imm32.dll msctf.dll apphelp.dll,normal
 ntdll.dll user32.dll lpk.dll rpcrt4.dll ktmw32.dll wevtapi.dll imm32.dll msctf.dll cryptbase.dll cryptsp.dll rsaenh.dll shlwapi.dll rpcrtremote.dll clbcatq.dll tschannel.dll sspicli.dll apphelp.dll,normal
 ntdll.dll kernel32.dll kernelbase.dll gdi32.dll gdi32full.dll user32.dll win32u.dll combase.dll rpcrt4.dll sechost.dll profapi.dll comctl32.dll imm32.dll winsta.dll amsi.dll cfgmgr32.dll advapi32.dll shlwapi.dll kernel.appcore.dll powrprof.dll msutb.dll bcrypt.dll shell32.dll gpapi.dll urlmon.dll amsiproxy.dll dwmapi.dll inputswitch.dll bcp47langs.dll coreuicomponents.dll coremessaging.dll wintypes.dll usermgrcli.dll wintypes.dll credui.dll wincredui.dll windows.ui.creddialogcontroller.dll mmdevapi.dll devobj.dll duser.dll windowscodecs.dll winmmbase.dll winmmbase.dll winmmbase.dll windows.ui.cred.dll mrmcorer.dll windows.ui.dll xmllite.dll windows.ui.xaml.dll windows.ui.immersive.dll dwrite.dll uianimation.dll d3d11.dll dxgi.dll resourcepolicyclient.dll windows.globalization.fontgroups.dll fontgroupsoverride.dll version.dll policymanager.dll imecfm.dll wer.dll dui70.dll ntmarta.dll windows.ui.xamlhost.dll uiautomationcore.dll onecorecommonproxystub.dll rdpendp.dll msacm32.dll oleacc.dll ninput.dll,normal
 ntdll.dll kernel32.dll combase.dll rpcrt4.dll imagehlp.dll cfgmgr32.dll oleaut32.dll wdi.dll user32.dll gdi32.dll dfdts.dll,normal
 user32.dllnormaliz.dll ntdll.dll wow64.dll wow64win.dll kernel32.dll kernel32.dll KernelBase.dll msvcrt.dll gdi32.dll user32.dll rpcrt4.dll lpk.dll usp10.dll msimg32.dll version.dll wsock32.dll nsi.dll imm32.dll msctf.dll apphelp.dll olepro32.dll cfgmgr32.dll devobj.dll api-ms-win-downlevel-advapi32-l1-1-0.dll api-ms-win-downlevel-version-l1-1-0.dll api-ms-win-downlevel-normaliz-l1-1-0.dll AcGenral.dll uxtheme.dll msacm32.dll sfc.dll userenv.dll dwmapi.dll urlmon.dll api-ms-win-downlevel-ole32-l1-1-0.dll wininet.dll LspWeb.dll,normal
 ntdll.dll ntdll.dll wow64.dll wow64win.dll kernel32.dll kernelbase.dll msvcrt.dll winbrand.dll usp10.dll sechost.dll sspicli.dll cryptbase.dll imm32.dll msctf.dll apphelp.dll,normal
 ntdll.dll shlwapi.dll lpk.dll sechost.dll user32.dll msvcrt.dll gdi32.dll psapi.dll usp10.dll devobj.dll cfgmgr32.dll KernelBase.dll crypt32.dll wintrust.dll sspicli.dll secur32.dll cryptsp.dll wkscli.dll wtsapi32.dll rasapi32.dll rtutils.dll MMDevAPI.dll propsys.dll authui.dll uxtheme.dll GdiPlus.dll dui70.dll winmm.dll SndVolSSO.dll dwmapi.dll xmllite.dll WindowsCodecs.dll winbrand.dll VaultCredProvider.dll SmartcardCredentialProvider.dll BioCredProv.dll winbio.dll credui.dll samcli.dll certCredProvider.dll oleacc.dll msimg32.dll WinSCard.dll imecfm.dll shacct.dll samlib.dll powrprof.dll powrprof.dll powrprof.dll powrprof.dll,normal
 ntdll.dll kernel32.dll kernelbase.dll rpcrt4.dll mswsock.dll ws2_32.dll,HTran
 ntdll.dll kernel32.dll advapi32.dll msvcrt.dll rpcrt4.dll ole32.dll lpk.dll usp10.dll imm32.dll msctf.dll wdscore.dll shell32.dll dbghelp.dll cbscore.dll version.dll crypt32.dll userenv.dll dpx.dll dpx.dll dpx.dll drupdate.dll setupapi.dll cfgmgr32.dll devobj.dll wrpint.dll sxsstore.dll sqmapi.dll winhttp.dll webio.dll winhttp.dll webio.dll cryptsp.dll rpcrtremote.dll clbcatq.dll cbsapi.dll smipi.dll smiengine.dll ntdll.dll kernelbase.dll msvcrt.dll sechost.dll ole32.dll user32.dll lpk.dll usp10.dll msctf.dll shell32.dll shlwapi.dll dbghelp.dll cbscore.dll version.dll crypt32.dll msasn1.dll wintrust.dll userenv.dll dpx.dll dpx.dll drupdate.dll mpr.dll sxsstore.dll sqmapi.dll winhttp.dll winhttp.dll webio.dll sensapi.dll rsaenh.dll cbsapi.dll kernelbase.dll user32.dll lpk.dll usp10.dll imm32.dll ole32.dll oleaut32.dll cryptbase.dll clbcatq.dll wow64win.dll kernel32.dll user32.dll kernelbase.dll oleaut32.dll ole32.dll user32.dll sechost.dll rpcrt4.dll sspicli.dll version.dll imm32.dll vbscript.dll crypt32.dll msasn1.dll cryptsp.dll wshext.dll scrobj.dll msi.dll scrrun.dll ntdll.dll ntdll.dll wow64.dll wow64cpu.dll kernel32.dll kernel32.dll kernel32.dll user32.dll msvcrt.dll user32.dll gdi32.dll lpk.dll usp10.dll advapi32.dll sechost.dll rpcrt4.dll sspicli.dll apphelp.dll,normal
 user32.dll lpk.dll msvcrt.dll imm32.dll msctf.dll rpcrt4.dll oleaut32.dll uxtheme.dll dwmapi.dll comctl32.dll advapi32.dll sechost.dll,normal
 wow64.dll wow64cpu.dll user32.dll user32.dll usp10.dll sechost.dll sspicli.dll cryptbase.dll imm32.dll kernel32.dll dnsapi.dll ws2_32.dll nsi.dll winnsi.dll dhcpcsvc.dll shell32.dll shlwapi.dll clbcatq.dll oleaut32.dll cryptsp.dll rsaenh.dll wevtapi.dll kernel32.dll msvcrt.dll user32.dll gdi32.dll lpk.dll imm32.dll msctf.dll winbrand.dll,normal
 mydocs.dll wpdshext.dll,normal
 wow64.dll wow64win.dll wow64cpu.dll kernel32.dll kernel32.dll user32.dll kernel32.dll KernelBase.dll msvcrt.dll sechost.dll cryptbase.dll ws2_32.dll nsi.dll shlwapi.dll gdi32.dll ole32.dll imm32.dll clbcatq.dll oleaut32.dll cryptsp.dll rsaenh.dll RpcRtRemote.dll ntdll.dll wow64.dll kernel32.dll kernel32.dll user32.dll kernel32.dll KernelBase.dll user32.dll lpk.dll usp10.dll advapi32.dll sechost.dll rpcrt4.dll sspicli.dll cryptbase.dll imm32.dll,normal
 dpapi.dll,normal
 SensApi.dll webio.dll credssp.dll winnsi.dll dhcpcsvc6.dll dhcpcsvc.dll dnsapi.dll schannel.dll secur32.dll bcrypt.dll gpapi.dll rsaenh.dll msvcr120_clr0400.dll mscoree.dll version.dll clr.dll wer.dll msctf.dll msctf.dll ws2_32.dll ntdll.dll kernel32.dll KernelBase.dll KernelBase.dll msvcrt.dll msvcrt.dll sechost.dll sechost.dll rpcrt4.dll shlwapi.dll gdi32.dll user32.dll user32.dll lpk.dll ole32.dll oleaut32.dll oleaut32.dll imm32.dll imm32.dll profapi.dll cfgmgr32.dll crypt32.dll msasn1.dll sspicli.dll cryptbase.dll fusion.dll ntdll.dll ntdll.dll wow64.dll wow64win.dll wow64cpu.dll kernel32.dll user32.dll kernel32.dll KernelBase.dll ole32.dll cryptbase.dll lpk.dll usp10.dll msimg32.dll mpr.dll wsock32.dll ws2_32.dll nsi.dll netapi32.dll wkscli.dll uxtheme.dll dwmapi.dll dnsapi.dll cryptsp.dll rsaenh.dll wtsapi32.dll winsta.dll setupapi.dll devobj.dll setupapi.dll cfgmgr32.dll devobj.dll clbcatq.dll setupapi.dll devobj.dll propsys.dll ntmarta.dll Wldap32.dll winnsi.dll SensApi.dll NapiNSP.dll pnrpnsp.dll winrnr.dll comdlg32.dll msasn1.dll LspUtil.dll PortableDeviceApi.dll oleacc.dll ieframe.dll api-ms-win-downlevel-advapi32-l1-1-0.dll api-ms-win-downlevel-user32-l1-1-0.dll api-ms-win-downlevel-shell32-l1-1-0.dll SensApi.dll iertutil.dll SensApi.dll SensApi.dll SensApi.dll SensApi.dll SensApi.dll SensApi.dll SensApi.dll SensApi.dll SensApi.dll SensApi.dll SensApi.dll SensApi.dll SensApi.dll SensApi.dll SensApi.dll SensApi.dll SensApi.dll SensApi.dll SensApi.dll SensApi.dll SensApi.dll SensApi.dll SensApi.dll SensApi.dll SensApi.dll SensApi.dll SensApi.dll SensApi.dll SensApi.dll SensApi.dll SensApi.dll SensApi.dll SensApi.dll SensApi.dll SensApi.dll SensApi.dll SensApi.dll SensApi.dll SensApi.dll SensApi.dll SensApi.dll SearchFolder.dll SensApi.dll ieframe.dll api-ms-win-downlevel-user32-l1-1-0.dll api-ms-win-downlevel-shell32-l1-1-0.dll api-ms-win-downlevel-version-l1-1-0.dll api-ms-win-downlevel-normaliz-l1-1-0.dllnormaliz.dll iertutil.dll api-ms-win-downlevel-ole32-l1-1-0.dll wininet.dll userenv.dll api-ms-win-downlevel-advapi32-l2-1-0.dll api-ms-win-downlevel-shlwapi-l2-1-0.dll SensApi.dll wbemcomn.dll wbemprox.dll bcrypt.dll wmiutils.dll wbemsvc.dll fastprox.dll SensApi.dll mshtml.dll urlmon.dll ieproxy.dll SensApi.dll SensApi.dll SensApi.dll SensApi.dll SensApi.dll SensApi.dll SensApi.dll SensApi.dll SensApi.dll SensApi.dll SensApi.dll SensApi.dll SensApi.dll SensApi.dll SensApi.dll SensApi.dll SensApi.dll SensApi.dll SensApi.dll SensApi.dll SensApi.dll SensApi.dll SensApi.dll SensApi.dll ole32.dll ole32.dll msctf.dll imecfm.dll ntdll.dll kernel32.dll msvcrt.dll sechost.dll rpcrt4.dll user32.dll usp10.dll ole32.dll shlwapi.dll msctf.dll mscoreei.dll clbcatq.dll cryptsp.dll RpcRtRemote.dll shell32.dll Query.dll,normal
 mscoreei.dll clr.dll ntdll.dll msvcrt.dll advapi32.dll sechost.dll rpcrt4.dll shlwapi.dll gdi32.dll imm32.dll cryptbase.dll fusion.dll cryptsp.dll rsaenh.dll,normal
 ntdll.dll kernel32.dll kernelbase.dll rpcrt4.dll user32.dll usp10.dll oleaut32.dll imm32.dll,normal
 ntdll.dll ntdll.dll wow64.dll wow64cpu.dll kernel32.dll kernel32.dll winbrand.dll gdi32.dll advapi32.dll sechost.dll rpcrt4.dll sspicli.dll cryptbase.dll msctf.dll apphelp.dll,normal
 ntdll.dll wow64.dll kernel32.dll kernel32.dll kernel32.dll user32.dll kernel32.dll winbrand.dll user32.dll usp10.dll advapi32.dll sechost.dll cryptbase.dll imm32.dll apphelp.dll,normal
 ntdll.dll wow64.dll wow64cpu.dll kernel32.dll kernelbase.dll apphelp.dll iertutil.dll user32.dll gdi32.dll shcore.dll combase.dll rpcrt4.dll cryptbase.dll sechost.dll shlwapi.dll ole32.dll ieshims.dll kernel.appcore.dll uxtheme.dll comdlg32.dll wininet.dll userenv.dll profapi.dll nsi.dll ondemandconnroutehelper.dll cryptsp.dll bcrypt.dll winhttp.dll clbcatq.dll dwmapi.dll winnsi.dll dhcpcsvc6.dll sqmapi.dll dhcpcsvc.dll dwrite.dll dnsapi.dll dxgi.dll mlang.dll propsys.dll rasadhlp.dll actxprxy.dll ninput.dll jscript9.dll d3d11.dll powrprof.dll dcomp.dll oleacc.dll ntmarta.dll dui70.dll,normal
 ntdll.dll ntdll.dll wow64win.dll kernel32.dll kernel32.dll kernel32.dll kernelbase.dll msvcrt.dll winbrand.dll gdi32.dll advapi32.dll sspicli.dll cryptbase.dll msctf.dll apphelp.dll,normal
 ntdll.dll kernel32.dll KernelBase.dll ole32.dll gdi32.dll user32.dll lpk.dll usp10.dll cryptbase.dll clbcatq.dll sechost.dll oleaut32.dll uxtheme.dll shacct.dll comctl32.dll shlwapi.dll userenv.dll,normal
 ntdll.dll kernelbase.dll advapi32.dll msvcrt.dll user32.dll gdi32.dll lpk.dll usp10.dll shlwapi.dll imm32.dll shell32.dll winbrand.dll cryptbase.dll clbcatq.dll cryptsp.dll rsaenh.dll sppcext.dll crypt32.dll msasn1.dll rasman.dll setupapi.dll cfgmgr32.dll devobj.dll tapi32.dll winhttp.dll wtsapi32.dll webio.dll ws2_32.dll nsi.dll,normal
 ntdll.dll kernel32.dll kernelbase.dll advapi32.dll msvcrt.dll winnsi.dll shell32.dll shlwapi.dll gdi32.dll ole32.dll imm32.dll msctf.dll dnsapi.dll dhcpcsvc.dll,normal
 ntdll.dll kernel32.dll advapi32.dll sechost.dll rpcrt4.dll user32.dll lpk.dll winmm.dll dwmapi.dll GdiPlus.dll oleacc.dll oleaut32.dll wmsgapi.dll duser.dll msctf.dll,normal
 ntdll.dll kernel32.dll user32.dll msvcrt.dll shlwapi.dll imm32.dll msctf.dll ieframe.dll oleaut32.dll wininet.dll cryptui.dll ieadvpack.dll iertutil.dll msimg32.dll version.dll crypt32.dll shcore.dll setupapi.dll msasn1.dll cfgmgr32.dll comctl32.dll cryptbase.dll bcryptprimitives.dll uxtheme.dll profapi.dll secur32.dll sspicli.dll ws2_32.dll msfeeds.dll winnsi.dll,normal
 wmsgapi.dll,normal
 ntdll.dll wow64win.dll wow64cpu.dll kernel32.dll kernel32.dll msvcrt.dll sechost.dll rpcrt4.dll dnsapi.dll ws2_32.dll winnsi.dll shell32.dll shlwapi.dll gdi32.dll user32.dll msctf.dll oleaut32.dll cryptsp.dll rsaenh.dll ntdll.dll ntdll.dll wow64.dll kernel32.dll kernel32.dll kernel32.dll user32.dll KernelBase.dll advapi32.dll sechost.dll rpcrt4.dll dnsapi.dll ws2_32.dll nsi.dll shell32.dll shlwapi.dll lpk.dll ole32.dll imm32.dll msctf.dll oleaut32.dll cryptsp.dll rsaenh.dll ntdll.dll msvcrt.dll sechost.dll msvcr120_clr0400.dll mscoree.dll ole32.dll gdi32.dll user32.dll lpk.dll usp10.dll imm32.dll cryptbase.dll RpcRtRemote.dll clbcatq.dll mscoreei.dll clr.dll shlwapi.dll mscorlib.ni.dll clrjit.dll AspNetMMCExt.ni.dll mscorlib.dll System.Drawing.ni.dll System.Core.ni.dll System.Web.ni.dll System.Web.dll System.Xml.ni.dll ntdll.dll ntdll.dll wow64.dll wow64win.dll wow64cpu.dll kernel32.dll kernel32.dll kernel32.dll kernel32.dll sechost.dll rpcrt4.dll cryptbase.dll msvcr120_clr0400.dll ole32.dll gdi32.dll user32.dll lpk.dll oleaut32.dll imm32.dll cryptsp.dll rsaenh.dll RpcRtRemote.dll clbcatq.dll sxs.dll mscoreei.dll mscorwks.dll shlwapi.dll profapi.dll mscorlib.ni.dll mscorlib.dll mscorlib.dll mscorlib.dll mscorlib.dll System.AddIn.ni.dll crypt32.dll msasn1.dll Microsoft.VisualStudio.Tools.Office.Word.AddInAdapter.v9.0.ni.dll riched20.dll imagehlp.dll bcrypt.dll bcryptprimitives.dll userenv.dll cryptnet.dll SensApi.dll System.AddIn.dll System.AddIn.dll System.AddIn.dll System.dll Microsoft.VisualStudio.Tools.Office.AddInAdapter.v9.0.ni.dll Microsoft.VisualStudio.Tools.Office.AddInAdapter.v9.0.dll System.AddIn.Contract.ni.dll System.AddIn.Contract.dll System.AddIn.Contract.dll System.AddIn.Contract.dll System.Core.ni.dll Microsoft.VisualStudio.Tools.Applications.Adapter.v9.0.ni.dll Microsoft.VisualStudio.Tools.Applications.Adapter.v9.0.dll System.Core.dll System.Core.dll System.Core.dll Microsoft.VisualStudio.Tools.Applications.Runtime.v9.0.dll Microsoft.VisualStudio.Tools.Applications.Runtime.v9.0.dll Microsoft.VisualStudio.Tools.Applications.Runtime.v9.0.dll Microsoft.VisualStudio.Tools.Applications.AddInAdapter.v9.0.dll Microsoft.VisualStudio.Tools.Applications.AddInAdapter.v9.0.dll Microsoft.VisualStudio.Tools.Applications.AddInAdapter.v9.0.dll Microsoft.VisualStudio.Tools.Office.Contract.v9.0.ni.dll Microsoft.VisualStudio.Tools.Office.Contract.v9.0.dll Microsoft.VisualStudio.Tools.Office.Contract.v9.0.dll Microsoft.VisualStudio.Tools.Office.Word.AddInProxy.v9.0.dll Microsoft.VisualStudio.Tools.Office.Word.AddInProxy.v9.0.dll System.configuration.dll System.configuration.dll System.configuration.dll System.configuration.dll System.XML.dll,normal
 KernelBase.dll msvcrt.dll sechost.dll rpcrt4.dll gdi32.dll lpk.dll usp10.dll ntdll.dll imm32.dll cryptbase.dll kernel32.dll cryptsp.dll RpcRtRemote.dll sxs.dll msvcr80.dll mscoreei.dll shell32.dll profapi.dll mscorjit.dll mscorlib.dll version.dll mscorlib.dll mscorlib.dll System.ni.dll System.Xml.ni.dll mcstore.ni.dll Microsoft.MediaCenter.UI.ni.dll BDATunePIA.ni.dll BDATunePIA.dll mcstoredb.dll rasapi32.dll ws2_32.dll nsi.dll System.Security.ni.dll System.Windows.Forms.ni.dll System.Web.dll System.Web.dll System.Web.dll System.Web.dll System.EnterpriseServices.ni.dll System.EnterpriseServices.dll System.DirectoryServices.ni.dll System.Data.ni.dll System.Data.dll System.Data.dll System.Data.dll System.Data.dll msasn1.dll System.Web.RegularExpressions.ni.dll System.Transactions.ni.dll System.Transactions.dll System.Transactions.dll System.Transactions.dll System.Transactions.dll System.Runtime.Remoting.ni.dll System.Runtime.Serialization.Formatters.Soap.ni.dll System.Data.OracleClient.dll System.Data.OracleClient.dll System.Data.OracleClient.dll Accessibility.ni.dll System.Configuration.Install.ni.dll mscorsec.dll wintrust.dll comctl32.dll riched20.dll ncrypt.dll bcrypt.dll bcryptprimitives.dll gpapi.dll cryptnet.dll ntdll.dll kernel32.dll msvcrt.dll mscoree.dll ole32.dll gdi32.dll imm32.dll msctf.dll RpcRtRemote.dll sxs.dll mscorwks.dll shlwapi.dll shell32.dll mscorlib.ni.dll mscorlib.dll mscorlib.dll mscorlib.dll mscorsec.dll wintrust.dll msasn1.dll comctl32.dll riched20.dll imagehlp.dll ncrypt.dll bcryptprimitives.dll userenv.dll cryptnet.dll SensApi.dll System.ni.dll System.AddIn.ni.dll Microsoft.VisualStudio.Tools.Applications.Runtime.v9.0.ni.dll System.ni.dll System.Xml.ni.dll System.Data.ni.dll System.Data.dll System.Data.dll System.Data.dll ws2_32.dll nsi.dll WindowsBase.ni.dll Microsoft.VisualStudio.Tools.Applications.ServerDocument.v10.0.dll Microsoft.VisualStudio.Tools.Applications.ServerDocument.v10.0.ni.dll ntdll.dll kernel32.dll KernelBase.dll advapi32.dll msvcrt.dll rpcrt4.dll mscoree.dll ole32.dll gdi32.dll user32.dll lpk.dll usp10.dll cryptbase.dll mscoreei.dll clr.dll shlwapi.dll clrjit.dll mscorlib.dll System.ni.dll System.Core.ni.dll System.Deployment.ni.dll,normal
 ntdll.dll ntdll.dll wow64cpu.dll kernel32.dll kernel32.dll kernel32.dll kernelbase.dll advapi32.dll msvcrt.dll sechost.dll rpcrt4.dll sspicli.dll cryptbase.dll nsi.dll dhcpcsvc.dll dhcpcsvc6.dll shlwapi.dll usp10.dll ole32.dll imm32.dll msctf.dll oleaut32.dll wevtapi.dll ntdll.dll kernelbase.dll user32.dll usp10.dll imm32.dll msctf.dll ole32.dll rpcrt4.dll oleaut32.dll cryptbase.dll ntdll.dll wow64.dll wow64win.dll kernel32.dll user32.dll msvcrt.dll winbrand.dll gdi32.dll lpk.dll usp10.dll advapi32.dll sechost.dll rpcrt4.dll cryptbase.dll msctf.dll,normal
 thumbcache.dll msftedit.dll bcp47lang.dll bcp47langs.dll bcp47mrm.dll globinputhost.dll globinputhost.dll tiptsf.dll linkinfo.dll windows.storage.search.dll windows.staterepositoryps.dll windows.staterepositoryps.dll searchfolder.dll searchfolder.dll structuredquery.dll ntshrui.dll mssvp.dll mssvp.dll cscapi.dll cscapi.dll mssprxy.dll mssprxy.dll onecorecommonproxystub.dll samcli.dll onecoreuapcommonproxystub.dll onecoreuapcommonproxystub.dll twinapi.dll twinapi.dll msi.dll vcruntime140.dll vcruntime140.dll msvcp140.dll setupapi.dll cscui.dll cscui.dll winsta.dll grooveintlresource.dll grooveintlresource.dll grooveintlresource.dll coml2.dll ehstorshell.dll ntlanman.dll davclnt.dll networkexplorer.dll zipfldr.dll msftedit.dll msftedit.dll msftedit.dll appresolver.dll slc.dll sppc.dll sppc.dll,normal
 ntdll.dll kernel32.dll kernelbase.dll sechost.dll rpcrt4.dll ole32.dll gdi32.dll imm32.dll msctf.dll oleaut32.dll cryptbase.dll shlwapi.dll dbghelp.dll cbscore.dll crypt32.dll msasn1.dll wintrust.dll userenv.dll profapi.dll dpx.dll wcp.dll drupdate.dll webio.dll sensapi.dll cryptsp.dll rpcrtremote.dll clbcatq.dll setupapi.dll cfgmgr32.dll mpr.dll cbsapi.dll smipi.dll,normal
 ntdll.dll ucrtbase.dll rpcrt4.dll bcryptprimitives.dll oleaut32.dll kernel.appcore.dll clbcatq.dll dismcoreps.dll dismprov.dll osprovider.dll api-ms-win-base-util-l1-1-0.dll api-ms-win-core-datetime-l1-1-0.dll api-ms-win-core-datetime-l1-1-1.dll api-ms-win-core-debug-l1-1-0.dll api-ms-win-core-fibers-l1-1-0.dll api-ms-win-core-file-l1-1-0.dll api-ms-win-core-file-l1-2-0.dll api-ms-win-core-file-l1-2-1.dll api-ms-win-core-file-l2-1-0.dll api-ms-win-core-file-l2-1-1.dll api-ms-win-core-heap-l1-1-0.dll api-ms-win-core-io-l1-1-0.dll api-ms-win-core-io-l1-1-1.dll api-ms-win-core-kernel32-legacy-l1-1-0.dll api-ms-win-core-kernel32-legacy-l1-1-1.dll api-ms-win-core-libraryloader-l1-1-1.dll api-ms-win-core-localization-obsolete-l1-2-0.dll api-ms-win-core-memory-l1-1-0.dll api-ms-win-core-memory-l1-1-2.dll api-ms-win-core-privateprofile-l1-1-0.dll api-ms-win-core-processenvironment-l1-2-0.dll ssshim.dll api-ms-win-base-util-l1-1-0.dll api-ms-win-core-comm-l1-1-0.dll api-ms-win-core-console-l1-1-0.dll api-ms-win-core-datetime-l1-1-0.dll api-ms-win-core-debug-l1-1-1.dll api-ms-win-core-delayload-l1-1-0.dll api-ms-win-core-errorhandling-l1-1-0.dll api-ms-win-core-errorhandling-l1-1-1.dll api-ms-win-core-fibers-l1-1-0.dll api-ms-win-core-fibers-l1-1-1.dll api-ms-win-core-file-l2-1-1.dll api-ms-win-core-handle-l1-1-0.dll api-ms-win-core-heap-l1-1-0.dll api-ms-win-core-heap-obsolete-l1-1-0.dll api-ms-win-core-interlocked-l1-1-0.dll api-ms-win-core-io-l1-1-0.dll api-ms-win-core-io-l1-1-1.dll api-ms-win-core-kernel32-legacy-l1-1-0.dll api-ms-win-core-kernel32-legacy-l1-1-1.dll api-ms-win-core-libraryloader-l1-1-0.dll api-ms-win-core-libraryloader-l1-1-1.dll api-ms-win-core-localization-l1-2-1.dll api-ms-win-core-localization-obsolete-l1-2-0.dll api-ms-win-core-memory-l1-1-0.dll api-ms-win-core-processthreads-l1-1-0.dll api-ms-win-core-memory-l1-1-1.dll api-ms-win-core-memory-l1-1-2.dll api-ms-win-core-processenvironment-l1-2-0.dll api-ms-win-core-processthreads-l1-1-0.dll api-ms-win-core-processthreads-l1-1-1.dll api-ms-win-core-processthreads-l1-1-2.dll api-ms-win-core-processtopology-obsolete-l1-1-0.dll api-ms-win-core-profile-l1-1-0.dll api-ms-win-core-realtime-l1-1-0.dll api-ms-win-core-registry-l1-1-0.dll api-ms-win-core-registry-l2-1-0.dll api-ms-win-core-rtlsupport-l1-1-0.dll api-ms-win-core-shlwapi-legacy-l1-1-0.dll api-ms-win-core-shlwapi-obsolete-l1-1-0.dll api-ms-win-core-shutdown-l1-1-0.dll api-ms-win-core-string-l1-1-0.dll api-ms-win-core-string-l1-1-0.dll api-ms-win-core-string-l2-1-0.dll api-ms-win-core-string-obsolete-l1-1-0.dll api-ms-win-core-stringansi-l1-1-0.dll api-ms-win-core-stringloader-l1-1-1.dll api-ms-win-core-synch-l1-1-0.dll api-ms-win-core-synch-l1-2-0.dll api-ms-win-core-sysinfo-l1-1-0.dll api-ms-win-core-sysinfo-l1-2-0.dll api-ms-win-core-sysinfo-l1-2-0.dll api-ms-win-core-sysinfo-l1-2-1.dll api-ms-win-core-threadpool-l1-2-0.dll api-ms-win-core-threadpool-legacy-l1-1-0.dll api-ms-win-core-threadpool-private-l1-1-0.dll api-ms-win-core-timezone-l1-1-0.dll api-ms-win-core-timezone-l1-1-0.dll api-ms-win-core-url-l1-1-0.dll api-ms-win-core-util-l1-1-0.dll api-ms-win-core-version-l1-1-0.dll api-ms-win-core-wow64-l1-1-0.dll api-ms-win-core-wow64-l1-1-0.dll api-ms-win-core-xstate-l1-1-0.dll api-ms-win-core-xstate-l2-1-0.dll api-ms-win-devices-config-l1-1-0.dll api-ms-win-devices-config-l1-1-0.dll api-ms-win-devices-config-l1-1-1.dll api-ms-win-devices-config-l1-1-1.dll api-ms-win-eventing-classicprovider-l1-1-0.dll api-ms-win-eventing-classicprovider-l1-1-0.dll api-ms-win-eventing-consumer-l1-1-0.dll api-ms-win-eventing-consumer-l1-1-0.dll api-ms-win-eventing-controller-l1-1-0.dll api-ms-win-eventing-legacy-l1-1-0.dll api-ms-win-eventing-legacy-l1-1-0.dll api-ms-win-eventing-provider-l1-1-0.dll api-ms-win-security-base-l1-1-0.dll api-ms-win-security-base-l1-1-0.dll api-ms-win-security-cryptoapi-l1-1-0.dll api-ms-win-security-cryptoapi-l1-1-0.dll api-ms-win-security-lsalookup-l2-1-0.dll api-ms-win-security-lsalookup-l2-1-1.dll api-ms-win-security-lsalookup-l2-1-1.dll api-ms-win-security-lsapolicy-l1-1-0.dll api-ms-win-security-provider-l1-1-0.dll api-ms-win-security-sddl-l1-1-0.dll api-ms-win-security-sddl-l1-1-0.dll api-ms-win-service-core-l1-1-0.dll api-ms-win-service-core-l1-1-0.dll api-ms-win-service-core-l1-1-1.dll api-ms-win-service-core-l1-1-1.dll api-ms-win-service-management-l1-1-0.dll api-ms-win-service-management-l2-1-0.dll api-ms-win-service-management-l2-1-0.dll api-ms-win-service-private-l1-1-1.dll api-ms-win-service-winsvc-l1-1-0.dll dbghelp.dll dbgcore.dll api-ms-win-core-processthreads-l1-1-1.dll ssshim.dll api-ms-win-base-util-l1-1-0.dll api-ms-win-core-comm-l1-1-0.dll api-ms-win-core-console-l1-1-0.dll api-ms-win-core-datetime-l1-1-0.dll api-ms-win-core-datetime-l1-1-1.dll api-ms-win-core-debug-l1-1-1.dll api-ms-win-core-delayload-l1-1-0.dll api-ms-win-core-errorhandling-l1-1-0.dll api-ms-win-core-fibers-l1-1-0.dll api-ms-win-core-fibers-l1-1-1.dll api-ms-win-core-file-l1-1-0.dll api-ms-win-core-file-l1-2-0.dll api-ms-win-core-file-l1-2-1.dll api-ms-win-core-file-l2-1-1.dll api-ms-win-core-handle-l1-1-0.dll api-ms-win-core-heap-obsolete-l1-1-0.dll api-ms-win-core-io-l1-1-0.dll api-ms-win-core-io-l1-1-1.dll api-ms-win-core-kernel32-legacy-l1-1-1.dll api-ms-win-core-kernel32-private-l1-1-0.dll api-ms-win-core-kernel32-private-l1-1-1.dll api-ms-win-core-libraryloader-l1-1-0.dll api-ms-win-core-libraryloader-l1-1-1.dll api-ms-win-core-localization-l1-2-1.dll api-ms-win-core-memory-l1-1-0.dll api-ms-win-core-memory-l1-1-1.dll api-ms-win-core-memory-l1-1-2.dll api-ms-win-core-namedpipe-l1-1-0.dll api-ms-win-core-privateprofile-l1-1-0.dll api-ms-win-core-processthreads-l1-1-1.dll api-ms-win-core-realtime-l1-1-0.dll api-ms-win-core-registry-l1-1-0.dll api-ms-win-core-registry-l2-1-0.dll api-ms-win-core-shlwapi-legacy-l1-1-0.dll api-ms-win-core-shlwapi-obsolete-l1-1-0.dll api-ms-win-core-string-l1-1-0.dll api-ms-win-core-synch-l1-2-0.dll api-ms-win-core-sysinfo-l1-1-0.dll api-ms-win-core-sysinfo-l1-2-0.dll api-ms-win-core-threadpool-l1-2-0.dll api-ms-win-core-threadpool-private-l1-1-0.dll api-ms-win-core-timezone-l1-1-0.dll api-ms-win-core-url-l1-1-0.dll api-ms-win-core-version-l1-1-0.dll api-ms-win-core-xstate-l1-1-0.dll api-ms-win-core-xstate-l2-1-0.dll api-ms-win-devices-config-l1-1-1.dll api-ms-win-eventing-controller-l1-1-0.dll api-ms-win-eventing-legacy-l1-1-0.dll api-ms-win-eventing-provider-l1-1-0.dll api-ms-win-security-base-l1-1-0.dll api-ms-win-security-cryptoapi-l1-1-0.dll api-ms-win-security-lsalookup-l2-1-0.dll api-ms-win-security-lsalookup-l2-1-1.dll api-ms-win-security-lsapolicy-l1-1-0.dll api-ms-win-service-core-l1-1-0.dll api-ms-win-service-core-l1-1-1.dll api-ms-win-service-management-l1-1-0.dll api-ms-win-service-private-l1-1-0.dll ssshim.dll api-ms-win-core-comm-l1-1-0.dll api-ms-win-core-console-l1-1-0.dll api-ms-win-core-datetime-l1-1-0.dll api-ms-win-core-datetime-l1-1-1.dll api-ms-win-core-delayload-l1-1-0.dll api-ms-win-core-errorhandling-l1-1-0.dll api-ms-win-core-errorhandling-l1-1-1.dll api-ms-win-core-fibers-l1-1-0.dll api-ms-win-core-file-l1-1-0.dll api-ms-win-core-file-l1-2-0.dll api-ms-win-core-file-l1-2-1.dll api-ms-win-core-file-l2-1-0.dll api-ms-win-core-file-l2-1-1.dll api-ms-win-core-heap-l1-1-0.dll api-ms-win-core-interlocked-l1-1-0.dll api-ms-win-core-io-l1-1-0.dll api-ms-win-core-kernel32-legacy-l1-1-0.dll api-ms-win-core-kernel32-private-l1-1-0.dll api-ms-win-core-kernel32-private-l1-1-1.dll api-ms-win-core-libraryloader-l1-1-1.dll api-ms-win-core-localization-l1-2-0.dll api-ms-win-core-localization-obsolete-l1-2-0.dll api-ms-win-core-memory-l1-1-1.dll api-ms-win-core-memory-l1-1-2.dll api-ms-win-core-namedpipe-l1-1-0.dll api-ms-win-core-processenvironment-l1-1-0.dll api-ms-win-core-processthreads-l1-1-1.dll api-ms-win-core-processtopology-obsolete-l1-1-0.dll api-ms-win-core-registry-l1-1-0.dll api-ms-win-core-shlwapi-obsolete-l1-1-0.dll api-ms-win-core-shutdown-l1-1-0.dll api-ms-win-core-string-obsolete-l1-1-0.dll api-ms-win-core-stringloader-l1-1-1.dll api-ms-win-core-synch-l1-1-0.dll api-ms-win-core-synch-l1-2-0.dll api-ms-win-core-sysinfo-l1-2-1.dll api-ms-win-core-timezone-l1-1-0.dll api-ms-win-core-url-l1-1-0.dll api-ms-win-core-util-l1-1-0.dll api-ms-win-core-wow64-l1-1-0.dll api-ms-win-core-xstate-l2-1-0.dll api-ms-win-devices-config-l1-1-1.dll api-ms-win-eventing-classicprovider-l1-1-0.dll api-ms-win-eventing-consumer-l1-1-0.dll api-ms-win-eventing-controller-l1-1-0.dll api-ms-win-eventing-legacy-l1-1-0.dll api-ms-win-eventing-provider-l1-1-0.dll api-ms-win-security-lsalookup-l2-1-1.dll api-ms-win-security-provider-l1-1-0.dll api-ms-win-security-sddl-l1-1-0.dll api-ms-win-service-core-l1-1-1.dll api-ms-win-service-management-l2-1-0.dll ssshim.dll api-ms-win-core-com-l1-1-0.dll api-ms-win-core-comm-l1-1-0.dll api-ms-win-core-datetime-l1-1-1.dll api-ms-win-core-debug-l1-1-0.dll api-ms-win-core-debug-l1-1-1.dll api-ms-win-core-delayload-l1-1-0.dll api-ms-win-core-errorhandling-l1-1-1.dll api-ms-win-core-fibers-l1-1-1.dll api-ms-win-core-file-l1-1-0.dll api-ms-win-core-file-l1-2-1.dll api-ms-win-core-file-l2-1-0.dll api-ms-win-core-file-l2-1-1.dll api-ms-win-core-heap-l1-1-0.dll api-ms-win-core-interlocked-l1-1-0.dll api-ms-win-core-kernel32-legacy-l1-1-0.dll api-ms-win-core-kernel32-private-l1-1-1.dll api-ms-win-core-libraryloader-l1-1-0.dll api-ms-win-core-libraryloader-l1-1-1.dll api-ms-win-core-localization-l1-2-0.dll api-ms-win-core-localization-l1-2-1.dll api-ms-win-core-localization-obsolete-l1-2-0.dll api-ms-win-core-memory-l1-1-1.dll api-ms-win-core-privateprofile-l1-1-0.dll api-ms-win-core-processenvironment-l1-2-0.dll api-ms-win-core-processthreads-l1-1-0.dll api-ms-win-core-processthreads-l1-1-2.dll api-ms-win-core-processtopology-obsolete-l1-1-0.dll api-ms-win-core-profile-l1-1-0.dll api-ms-win-core-realtime-l1-1-0.dll api-ms-win-core-registry-l2-1-0.dll api-ms-win-core-shlwapi-obsolete-l1-1-0.dll api-ms-win-core-shutdown-l1-1-0.dll api-ms-win-core-stringansi-l1-1-0.dll api-ms-win-core-synch-l1-2-0.dll api-ms-win-core-sysinfo-l1-1-0.dll api-ms-win-core-sysinfo-l1-2-0.dll api-ms-win-core-sysinfo-l1-2-1.dll api-ms-win-core-threadpool-l1-2-0.dll api-ms-win-core-threadpool-private-l1-1-0.dll api-ms-win-core-timezone-l1-1-0.dll api-ms-win-core-url-l1-1-0.dll api-ms-win-core-wow64-l1-1-0.dll api-ms-win-core-xstate-l1-1-0.dll api-ms-win-devices-config-l1-1-0.dll api-ms-win-eventing-consumer-l1-1-0.dll api-ms-win-eventing-provider-l1-1-0.dll api-ms-win-eventlog-legacy-l1-1-0.dll api-ms-win-security-base-l1-1-0.dll api-ms-win-security-lsalookup-l2-1-1.dll api-ms-win-security-lsapolicy-l1-1-0.dll api-ms-win-security-provider-l1-1-0.dll api-ms-win-security-sddl-l1-1-0.dll api-ms-win-service-core-l1-1-0.dll api-ms-win-service-management-l1-1-0.dll api-ms-win-service-private-l1-1-0.dll api-ms-win-service-private-l1-1-1.dll cbsapi.dll,normal
 ntdll.dll KernelBase.dll gdi32.dll user32.dll usp10.dll msvcrt.dll imm32.dll msctf.dll ole32.dll clbcatq.dll advapi32.dll sechost.dll ntdll.dll ntdll.dll wow64win.dll wow64cpu.dll kernel32.dll user32.dll kernel32.dll msvcrt.dll gdi32.dll advapi32.dll sechost.dll rpcrt4.dll lpk.dll imm32.dll clbcatq.dll rsaenh.dll RpcRtRemote.dll uxtheme.dll shell32.dll shlwapi.dll comctl32.dll KernelBase.dll sechost.dll rpcrt4.dll gdi32.dll user32.dll cryptbase.dll RpcRtRemote.dll rsaenh.dll ws2_32.dll nsi.dll oleaut32.dll winnsi.dll clbcatq.dll sspicli.dll,normal
 eappcfg.dll dot3api.dll dot3api.dll eappcfg.dll dot3api.dll eappcfg.dll dot3api.dll eappcfg.dll dot3api.dll eappcfg.dll eappcfg.dll dot3api.dll eappcfg.dll eappcfg.dll dot3api.dll eappcfg.dll eappcfg.dll dot3api.dll eappcfg.dll eappcfg.dll version.dll ntprint.dll mscms.dll ncrypt.dll bcrypt.dll bcryptprimitives.dll wldap32.dll ntprint.dll mscms.dll ntprint.dll version.dll ntprint.dll mscms.dll ntprint.dll dot3api.dll dot3api.dll dot3api.dll eappcfg.dll wpdbusenum.dll dot3api.dll eappcfg.dll dot3api.dll dot3api.dll eappcfg.dll,normal
 ntdll.dll shlwapi.dll imm32.dll ole32.dll ws2_32.dll sechost.dll user32.dll setupapi.dll advapi32.dll msctf.dll gdi32.dll usp10.dll rpcrt4.dll devobj.dll cfgmgr32.dll kernelbase.dll crypt32.dll wintrust.dll msasn1.dll cryptbase.dll sspicli.dll cryptsp.dll wship6.dll dnsapi.dll rsaenh.dll netutils.dll credssp.dll gpapi.dll firewallapi.dll version.dll winnsi.dll rasadhlp.dll dsrole.dll wsdapi.dll webservices.dll fundisc.dll spoolss.dll fxsmon.dll snmpapi.dll usbmon.dll wsdmon.dll fdpnp.dll winprint.dll inetpp.dll cscapi.dll,normal
 kernel32.dll KernelBase.dll lpk.dll msvcrt.dll imm32.dll ole32.dll rpcrt4.dll oleaut32.dll cryptbase.dll advapi32.dll sechost.dll ntdll.dll ntdll.dll wow64win.dll wow64cpu.dll kernel32.dll kernel32.dll user32.dll kernel32.dll advapi32.dll sechost.dll rpcrt4.dll sspicli.dll dnsapi.dll nsi.dll dhcpcsvc6.dll shell32.dll shlwapi.dll usp10.dll imm32.dll cryptsp.dll rsaenh.dll wow64.dll wow64win.dll wow64cpu.dll kernel32.dll kernel32.dll user32.dll kernel32.dll KernelBase.dll msvcrt.dll winbrand.dll gdi32.dll advapi32.dll rpcrt4.dll cryptbase.dll msctf.dll apphelp.dll,normal
 kernel32.dll KernelBase.dll advapi32.dll sechost.dll user32.dll gdi32.dll loadperf.dll msctf.dll clbcatq.dll ws2_32.dll nsi.dll cryptbase.dll wbemprox.dll cryptsp.dll RpcRtRemote.dll fastprox.dll ntdsapi.dll psapi.dll,normal
 ntdll.dll kernel32.dll KernelBase.dll advapi32.dll sechost.dll msvcr120_clr0400.dll gdi32.dll usp10.dll oleaut32.dll imm32.dll cryptbase.dll cryptsp.dll rsaenh.dll clbcatq.dll sxs.dll mscoreei.dll mscorlib.ni.dll version.dll mscorlib.dll System.ni.dll System.Configuration.ni.dll System.Xml.ni.dll System.Numerics.ni.dll System.Security.ni.dll,normal
 kernel32.dll user32.dll gdi32full.dll msvcp_win.dll msvcrt.dll combase.dll rpcrt4.dll bcryptprimitives.dll kernel.appcore.dll uxtheme.dll clbcatq.dll ole32.dll tipskins.dll bcp47langs.dll oleaut32.dll dwmapi.dll textinputframework.dll coremessaging.dll ntmarta.dll usermgrcli.dll shlwapi.dll profapi.dll gpapi.dll tipres.dll dui70.dll comctl32.dll duser.dll msctf.dll tiptsf.dll policymanager.dll msvcp110_win.dll tabskb.dll oleacc.dll,normal
 ntdll.dll kernel32.dll kernelbase.dll advapi32.dll msvcrt.dll sechost.dll msvcr120_clr0400.dll mscoree.dll gdi32.dll user32.dll lpk.dll usp10.dll imm32.dll msctf.dll cryptbase.dll cryptsp.dll rsaenh.dll rpcrtremote.dll clbcatq.dll mscorwks.dll msvcr80.dll profapi.dll mscorlib.ni.dll mscorlib.dll mscorlib.dll system.ni.dll crypt32.dll comctl32.dll imagehlp.dll ncrypt.dll cryptnet.dll wldap32.dll system.servicemodel.ni.dll system.transactions.ni.dll system.transactions.dll system.transactions.dll system.transactions.dll system.transactions.dll system.directoryservices.ni.dll system.runtime.serialization.ni.dll system.security.ni.dll system.data.sqlxml.ni.dll system.runtime.remoting.ni.dll system.web.ni.dll system.web.dll system.data.ni.dll system.data.dll system.data.dll system.data.dll nsi.dll system.web.services.ni.dll system.web.regularexpressions.ni.dll system.drawing.design.ni.dll system.data.oracleclient.ni.dll system.data.oracleclient.dll system.data.oracleclient.dll accessibility.ni.dll system.deployment.ni.dll smdiagnostics.ni.dll system.identitymodel.ni.dll system.messaging.ni.dll microsoft.transactions.bridge.ni.dll wow64.dll wow64win.dll kernel32.dll kernel32.dll kernel32.dll user32.dll kernelbase.dll advapi32.dll sechost.dll rpcrt4.dll sspicli.dll cryptbase.dll msvcr120_clr0400.dll mscoree.dll gdi32.dll user32.dll usp10.dll oleaut32.dll msctf.dll rsaenh.dll mscoreei.dll clr.dll shlwapi.dll mscorlib.ni.dll clrjit.dll system.ni.dll version.dll system.dll system.dll system.servicemodel.discovery.ni.dll system.core.ni.dll system.servicemodel.ni.dll system.core.dll system.runtime.serialization.dll system.runtime.serialization.dll system.servicemodel.internals.dll system.servicemodel.internals.dll system.servicemodel.channels.dll system.xml.linq.ni.dll system.xml.linq.dll system.configuration.ni.dll system.configuration.dll system.configuration.dll,normal
 sensapi.dll sensapi.dll,normal
 ntdll.dll ntdll.dll ntdll.dll ntdll.dll wow64.dll wow64lg2.dll wow64win.dll user32.dll kernelbase.dll msvcrt.dll sechost.dll rpcrt4.dll rpcrt4.dll security.dll sspicli.dll cryptbase.dll cryptbase.dll bcryptprimitives.dll bcryptprimitives.dll ucrtbase.dll ucrtbase.dll gdi32full.dll msvcp_win.dll msvcp_win.dll user32.dll win32u.dll shlwapi.dll shell32.dll shcore.dll shcore.dll windows.storage.dll profapi.dll goopdate.dll msasn1.dll ws2_32.dll netapi32.dll iphlpapi.dll comctl32.dll wininet.dll wininet.dll netutils.dll wkscli.dll cryptsp.dll rsaenh.dll ntmarta.dll ntmarta.dll cscapi.dll dbghelp.dll dbgcore.dll iertutil.dll iertutil.dll,normal
 ntdll.dll kernel32.dll msvcrt.dll conhostv2.dll ucrtbase.dll bcryptprimitives.dll gdi32full.dll user32.dll win32u.dll imm32.dll shcore.dll cfgmgr32.dll windows.storage.dll shlwapi.dll kernel.appcore.dll profapi.dll clbcatq.dll msctf.dll,normal
 ntdll.dll ntdll.dll kernel32.dll kernel32.dll user32.dll comctl32.dll msvcrt.dll shell32.dll mfc42u.dll ws2_32.dll sechost.dll shlwapi.dll iertutil.dll userenv.dll sspicli.dll odbc32.dll winmmbase.dll cryptbase.dll bcryptprimitives.dll imm32.dll msctf.dll riched32.dll riched20.dll dwmapi.dll comctl32.dll clbcatq.dll version.dll oleacc.dll propsys.dll ntmarta.dll dui70.dll imecfm.dll tiptsf.dll msado15.dll msdart.dll comsvcs.dll authz.dll msjetoledb40.dll msjet40.dll mswstr10.dll msjint40.dll crypt32.dll cryptsp.dll rsaenh.dll dpapi.dll vbajet32.dll expsrv.dll mswdat10.dll msadce.dll msadcer.dll,caidao
 ntdll.dll wow64.dll wow64win.dll kernel32.dll user32.dll kernelbase.dll advapi32.dll msvcrt.dll rpcrt4.dll sspicli.dll mscoree.dll gdi32.dll user32.dll oleaut32.dll imm32.dll msctf.dll rsaenh.dll sxs.dll mscoreei.dll shlwapi.dll mscorlib.ni.dll microsoft.powershell.commands.diagnostics.dll microsoft.powershell.commands.diagnostics.dll version.dll mscorlib.dll mscorlib.dll system.ni.dll system.core.dll system.core.dll system.xml.dll system.xml.dll system.xml.dll system.xml.dll system.xml.dll system.configuration.install.ni.dll system.configuration.install.dll microsoft.powershell.commands.diagnostics.ni.dll,normal
 ntdll.dll kernel32.dll KernelBase.dll gdi32.dll lpk.dll usp10.dll imm32.dll msctf.dll ole32.dll rpcrt4.dll dwmapi.dll sechost.dll comctl32.dll shlwapi.dll clbcatq.dll shell32.dll,normal
 ntdll.dll kernel32.dll user32.dll lpk.dll usp10.dll msvcrt.dll shell32.dll ole32.dll rpcrt4.dll mpr.dll imm32.dll uxtheme.dll cryptbase.dll samcli.dll samlib.dll netutils.dll winmm.dll netplwiz.dll msswch.dll oleaut32.dll ntdll.dll msvcrt.dll sechost.dll rpcrt4.dll mscoree.dll oleaut32.dll imm32.dll rsaenh.dll clbcatq.dll sxs.dll mscoreei.dll profapi.dll mscorlib.ni.dll mscorlib.dll version.dll mscorlib.dll microsoft.windows.diagnosis.sdengine.ni.dll microsoft.windows.diagnosis.sdengine.dll microsoft.windows.diagnosis.sdengine.dll system.management.automation.ni.dll system.xml.ni.dll system.transactions.ni.dll system.transactions.dll system.transactions.dll system.transactions.dll system.transactions.dll system.management.ni.dll system.directoryservices.ni.dll system.data.ni.dll system.data.dll system.data.dll system.data.dll ws2_32.dll nsi.dll system.configuration.ni.dll system.security.ni.dll accessibility.ni.dll system.enterpriseservices.dll microsoft.visualc.ni.dll system.web.ni.dll system.web.dll system.web.dll system.web.dll system.web.services.ni.dll system.design.ni.dll system.web.regularexpressions.ni.dll system.drawing.design.ni.dll system.data.oracleclient.dll system.data.oracleclient.dll system.data.oracleclient.dll system.data.oracleclient.dll microsoft.vsa.ni.dll ntdll.dll kernel32.dll advapi32.dll msvcrt.dll rpcrt4.dll msvcr120_clr0400.dll mscoree.dll ole32.dll gdi32.dll usp10.dll oleaut32.dll msctf.dll rsaenh.dll rpcrtremote.dll clbcatq.dll sxs.dll shlwapi.dll clrjit.dll mscorlib.dll system.ni.dll system.drawing.ni.dll system.windows.forms.ni.dll system.core.ni.dll ntdll.dll ntdll.dll wow64.dll wow64win.dll wow64cpu.dll kernel32.dll kernel32.dll user32.dll kernel32.dll sechost.dll rpcrt4.dll mscoree.dll gdi32.dll user32.dll lpk.dll usp10.dll oleaut32.dll imm32.dll msctf.dll rsaenh.dll rpcrtremote.dll clbcatq.dll mscoreei.dll shlwapi.dll clrjit.dll system.addin.dll mscorlib.dll system.dll system.dll system.addin.contract.ni.dll system.addin.contract.dll system.runtime.remoting.ni.dll system.core.ni.dll system.configuration.ni.dll system.core.dll system.xml.ni.dll system.xml.dll,normal
 ntdll.dll vcruntime140.dll ucrtbase.dll api-ms-win-core-file-l2-1-0.dll api-ms-win-core-localization-l1-2-0.dll api-ms-win-crt-stdio-l1-1-0.dll api-ms-win-crt-convert-l1-1-0.dll advapi32.dll sechost.dll rpcrt4.dll kernel32.dll KernelBase.dll ole32.dll api-ms-win-crt-locale-l1-1-0.dll api-ms-win-crt-math-l1-1-0.dll api-ms-win-crt-multibyte-l1-1-0.dll api-ms-win-crt-time-l1-1-0.dll api-ms-win-crt-environment-l1-1-0.dll oleaut32.dll cryptbase.dll user32.dll usp10.dll DWrite.dll Mso40UIwin32client.dll slc.dll Mso99Lwin32client.dll dwmapi.dll msi.dll shell32.dll winsta.dll version.dll setupapi.dll cfgmgr32.dll devobj.dll wintrust.dll crypt32.dll msasn1.dll clbcatq.dll msimtf.dll netapi32.dll netutils.dll srvcli.dll secur32.dll setupapi.dll devobj.dll vm3dum64.dll vm3dum64.dll vm3dum64.dll d3d10warp.dll vm3dum64.dll vm3dum64.dll winmm.dll mscoree.dll mscoreei.dll vm3dum64_10.dll winmm.dll winmm.dll mscorwks.dll mscorwks.dll vm3dum64.dll cfgmgr32.dll d3d10level9.dll d3d10level9.dll d3d10level9.dll profapi.dll ntmarta.dll api-ms-win-downlevel-ole32-l1-1-0.dll api-ms-win-downlevel-shlwapi-l1-1-0.dll api-ms-win-downlevel-advapi32-l1-1-0.dll api-ms-win-downlevel-user32-l1-1-0.dll api-ms-win-downlevel-version-l1-1-0.dll iertutil.dll wininet.dll userenv.dll winmm.dll netprofm.dll nlaapi.dll npmproxy.dll ws2_32.dll sfc.dll sfc_os.dll mssprxy.dll cfgmgr32.dll devobj.dll WindowsCodecs.dll ExplorerFrame.dll duser.dll dui70.dll netutils.dll ONBttnOL.dll mfc140u.dll mfc140jpn.dll mapi32.dll tmpod.dll UmOutlookAddin.dll UcAddinRes.dll avrt.dll avrt.dll dhcpcsvc.dll api-ms-win-downlevel-advapi32-l2-1-0.dll webio.dll mswsock.dll wship6.dll UIAutomationCore.dll tiptsf.dll sxs.dll dhcpcsvc6.dll schannel.dll security.dll dnsapi.dll ncrypt.dll bcrypt.dll gpapi.dll setupapi.dll cfgmgr32.dll devobj.dll msxml6.dll msproof7.dll tquery.dll StructuredQuery.dll wbemcomn.dll wbemsvc.dll fastprox.dll ntdsapi.dll msfad.dll apphelp.dll davhlpr.dll networkexplorer.dll ntlanman.dll SearchFolder.dll api-ms-win-downlevel-shell32-l1-1-0.dll msspell7.dll mscss7en.dll davhlpr.dll winrnr.dll,normal
 kernelbase.dll msvcrt.dll ole32.dll gdi32.dll user32.dll rpcrt4.dll imm32.dll msctf.dll cryptbase.dll sechost.dll rsaenh.dll rpcrtremote.dll shacct.dll comctl32.dll userenv.dll profapi.dll ntdll.dll kernelbase.dll msvcrt.dll ole32.dll gdi32.dll user32.dll imm32.dll clbcatq.dll advapi32.dll sechost.dll rsaenh.dll rpcrtremote.dll shlwapi.dll comctl32.dll psapi.dll propsys.dll,normal
 kernelbase.dll msvcrt.dll sechost.dll rpcrt4.dll gdi32.dll lpk.dll ole32.dll oleaut32.dll tquery.dll imm32.dll msctf.dll user32.dll msidle.dll rsaenh.dll rpcrtremote.dll api-ms-win-downlevel-shell32-l1-1-0.dll shell32.dll api-ms-win-downlevel-version-l1-1-0.dll version.dll api-ms-win-downlevel-normaliz-l1-1-0.dll normaliz.dll iertutil.dll comctl32.dll api-ms-win-downlevel-shlwapi-l2-1-0.dll api-ms-win-downlevel-ole32-l1-1-0.dll sspicli.dll propsys.dll profapi.dll api-ms-win-downlevel-advapi32-l2-1-0.dll,normal
 ntdll.dll ntdll.dll wow64.dll wow64cpu.dll kernel32.dll user32.dll kernel32.dll msvcrt.dll lpk.dll usp10.dll advapi32.dll sechost.dll imm32.dll msctf.dll apphelp.dll,normal
 ntdll.dll ntdll.dll wow64.dll wow64win.dll wow64cpu.dll kernel32.dll user32.dll kernel32.dll KernelBase.dll cryptbase.dll dnsapi.dll nsi.dll winnsi.dll dhcpcsvc6.dll shell32.dll gdi32.dll lpk.dll usp10.dll imm32.dll msctf.dll clbcatq.dll RpcRtRemote.dll ntdll.dll wow64.dll wow64cpu.dll kernel32.dll kernel32.dll kernel32.dll user32.dll KernelBase.dll msvcrt.dll ole32.dll gdi32.dll rpcrt4.dll lpk.dll usp10.dll version.dll imm32.dll msctf.dll clbcatq.dll vbscript.dll cryptsp.dll rsaenh.dll msisip.dll wshext.dll scrobj.dll msi.dll scrrun.dll kernel32.dll KernelBase.dll lpk.dll usp10.dll msvcrt.dll msctf.dll rpcrt4.dll cryptbase.dll clbcatq.dll sechost.dll ntdll.dll wow64win.dll wow64cpu.dll kernel32.dll kernel32.dll kernel32.dll KernelBase.dll advapi32.dll msvcrt.dll rpcrt4.dll cryptbase.dll dnsapi.dll nsi.dll winnsi.dll dhcpcsvc.dll dhcpcsvc6.dll shell32.dll gdi32.dll user32.dll usp10.dll msctf.dll clbcatq.dll oleaut32.dll RpcRtRemote.dll wevtapi.dll ntdll.dll ntdll.dll kernel32.dll user32.dll kernel32.dll ole32.dll gdi32.dll advapi32.dll sechost.dll sspicli.dll lpk.dll version.dll mpr.dll comctl32.dll shlwapi.dll shell32.dll wsock32.dll ws2_32.dll nsi.dll srvcli.dll GdiPlus.dll imm32.dll uxtheme.dll setupapi.dll cfgmgr32.dll devobj.dll clbcatq.dll propsys.dll profapi.dll apphelp.dll EhStorShell.dll EhStorShell.dll ntshrui.dll ntshrui.dll slc.dll imageres.dll imageres.dll imageres.dll imageres.dll imageres.dll imageres.dll wtsapi32.dll winsta.dll ntdll.dll wow64win.dll wow64cpu.dll kernel32.dll kernel32.dll user32.dll KernelBase.dll oleaut32.dll ole32.dll msvcrt.dll gdi32.dll advapi32.dll sechost.dll sspicli.dll version.dll olepro32.dll shlwapi.dll shell32.dll wsock32.dll ws2_32.dll netutils.dll srvcli.dll msctf.dll clbcatq.dll WindowsCodecs.dll apphelp.dll EhStorShell.dll EhStorShell.dll EhStorShell.dll EhStorShell.dll ntshrui.dll ntshrui.dll slc.dll imageres.dll imageres.dll imageres.dll imageres.dll imageres.dll imageres.dll imageres.dll imageres.dll ntdll.dll kernel32.dll KernelBase.dll gdi32.dll lpk.dll usp10.dll msvcrt.dll imm32.dll msctf.dll oleaut32.dll ntdll.dll msvcrt.dll sechost.dll rpcrt4.dll ole32.dll msimg32.dll wtsapi32.dll profapi.dll crypt32.dll msctf.dll imm32.dll msutb.dll comctl32.dll shlwapi.dll wmsgapi.dll shell32.dll cryptbase.dll wintrust.dll cryptsp.dll rsaenh.dll Wldap32.dll MsCtfMonitor.dll setupapi.dll oleaut32.dll devobj.dll devrtl.dll version.dll oleaut32.dll urlmon.dll wininet.dll iertutil.dll bcryptprimitives.dll ncrypt.dll,normal
 locationframeworkps.dll deviceaccess.dll,normal
 ntdll.dll ntdll.dll kernel32.dll msvcrt.dll msvcp_win.dll msvcp_win.dll ucrtbase.dll bcryptprimitives.dll advapi32.dll advapi32.dll sechost.dll sechost.dll imm32.dll win32u.dll gdi32full.dll kernel.appcore.dll clbcatq.dll mssprxy.dll mssprxy.dll tquery.dll cryptdll.dll,normal
 ntdll.dll kernel32.dll KernelBase.dll sechost.dll rpcrt4.dll gdi32.dll usp10.dll ole32.dll userenv.dll winsta.dll crypt32.dll msctf.dll imm32.dll msutb.dll comctl32.dll shell32.dll wintrust.dll cryptsp.dll rsaenh.dll wmsgapi.dll Wldap32.dll cfgmgr32.dll winmm.dll version.dll clbcatq.dll imagehlp.dll bcrypt.dll bcryptprimitives.dll ncrypt.dll gpapi.dll cryptnet.dll SensApi.dll devrtl.dll urlmon.dll ntdll.dll kernel32.dll user32.dll lpk.dll msvcrt.dll ole32.dll rpcrt4.dll oleaut32.dll advapi32.dll sechost.dll duser.dll imm32.dll msctf.dll dui70.dll comctl32.dll shell32.dll cryptbase.dll odbc32.dll urlmon.dll iertutil.dll crypt32.dll msasn1.dll profapi.dll atl.dll odbcint.dll Wldap32.dll logoncli.dll srvcli.dll dsrole.dll secur32.dll samlib.dll dnsapi.dll version.dll mmcndmgr.dll ntdsapi.dll activeds.dll els.dll riched32.dll riched20.dll elsext.dll sspicli.dll setupapi.dll devobj.dll wtsapi32.dll filemgmt.dll filemgmt.dll wbemcntl.dll localsec.dll comctl32.dll rasman.dll cryptui.dll rtutils.dll pdhui.dll riched32.dll riched20.dll RpcRtRemote.dll comdlg32.dll propsys.dll dwmapi.dll credui.dll wevtapi.dll utildll.dll browcli.dll dmdskres.dll dmdskres.dll dmdskmgr.dll dmutil.dll dmdskres2.dll devmgr.dll newdev.dll rasuser.dll dsprop.dll rtrfiltr.dll slc.dll ServDeps.dll mlang.dll mscorwks.dll mscorlib.ni.dll shfolder.dll userenv.dll MMCEx.ni.dll MMCFxCommon.ni.dll System.Configuration.ni.dll System.Xml.ni.dll System.Drawing.ni.dll Culture.dll diasymreader.dll Microsoft.ManagementConsole.ni.dll MIGUIControls.ni.dll System.ServiceProcess.ni.dll TaskScheduler.ni.dll adsnt.dll imecfm.dll ntdll.dll ntdll.dll wow64.dll kernel32.dll kernel32.dll kernel32.dll sechost.dll cryptbase.dll nsi.dll dhcpcsvc6.dll gdi32.dll lpk.dll usp10.dll ole32.dll imm32.dll msctf.dll rsaenh.dll ntdll.dll wow64.dll wow64win.dll kernel32.dll msvcrt.dll winbrand.dll user32.dll lpk.dll usp10.dll advapi32.dll sechost.dll rpcrt4.dll imm32.dll msctf.dll,normal
 ntdll.dll kernel32.dll rpcrt4.dll combase.dll ucrtbase.dll msvcp_win.dll imm32.dll gdi32.dll gdi32full.dll kernel.appcore.dll sechost.dll uxtheme.dll dwmapi.dll policymanager.dll advapi32.dll tempsignedlicenseexchangetask.dll wintrust.dll userenv.dll profapi.dll cryptsp.dll clipc.dll sdiageng.dll licensemanager.dll rsaenh.dll gpapi.dll ntmarta.dll sxs.dll wintypes.dll wtsapi32.dll samlib.dll tokenbroker.dll tokenbinding.dll comctl32.dll,normal
 ntdll.dll kernel32.dll kernelbase.dll msvcrt.dll rpcrt4.dll user32.dll win32u.dll gdi32.dll gdi32full.dll ucrtbase.dll shell32.dll bcryptprimitives.dll windows.storage.dll powrprof.dll uxtheme.dll,normal
 ntdll.dll kernel32.dll apphelp.dll msvcrt.dll gdi32.dll combase.dll rpcrt4.dll sspicli.dll sechost.dll imm32.dll msctf.dll ieframe.dll shlwapi.dll ole32.dll oleaut32.dll shell32.dll comdlg32.dll kernel.appcore.dll bcryptprimitives.dll ieshims.dll sqmapi.dll ws2_32.dll winnsi.dll cryptsp.dll bcrypt.dll winhttp.dll mswsock.dll dnsapi.dll ieproxy.dll rasadhlp.dll netapi32.dll netutils.dll wkscli.dll crypt32.dll msasn1.dll powrprof.dll samlib.dll ieui.dll idstore.dll mssprxy.dll windowscodecs.dll oleacc.dll duser.dll dui70.dll windows.graphics.dll msimg32.dll imecfm.dll actxprxy.dll mlang.dll setupapi.dll mshtml.dll sensapi.dll netprofm.dll xmllite.dll sensapi.dll msxml6.dll,normal
 ntdll.dll sechost.dll rpcrt4.dll gdi32.dll user32.dll lpk.dll usp10.dll msctf.dll cryptbase.dll oleaut32.dll comctl32.dll clbcatq.dll profapi.dll urlmon.dll api-ms-win-downlevel-ole32-l1-1-0.dll api-ms-win-downlevel-shlwapi-l1-1-0.dll api-ms-win-downlevel-advapi32-l1-1-0.dll api-ms-win-downlevel-user32-l1-1-0.dll api-ms-win-downlevel-version-l1-1-0.dll api-ms-win-downlevel-normaliz-l1-1-0.dll normaliz.dll iertutil.dll wininet.dll sspicli.dll setupapi.dll,normal
 kernel32.dll advapi32.dll sechost.dll rpcrt4.dll gdi32.dll lpk.dll usp10.dll samlib.dll sspicli.dll shell32.dll setupapi.dll winsta.dll imm32.dll msctf.dll cryptbase.dll rsaenh.dll crypt32.dll wintrust.dll netapi32.dll srvcli.dll wkscli.dll logoncli.dll version.dll hid.dll vaultcli.dll cryptsp.dll bcrypt.dll,mimikatz
 kernel32.dll advapi32.dll msvcrt.dll rpcrt4.dll user32.dll lpk.dll usp10.dll msswch.dll dwmapi.dll oleaut32.dll wmsgapi.dll imm32.dll msctf.dll xmllite.dll clbcatq.dll tabskb.dll cryptsp.dll rsaenh.dll RpcRtRemote.dll InkObj.dll cfgmgr32.dll WindowsCodecs.dll ntdll.dll kernel32.dll advapi32.dll msvcrt.dll sechost.dll rpcrt4.dll lpk.dll usp10.dll comctl32.dll shell32.dll comdlg32.dll oleaut32.dll version.dll imm32.dll msctf.dll winmm.dll sppuinotify.dll clbcatq.dll ExplorerFrame.dll duser.dll dui70.dll vcruntime140.dll api-ms-win-core-file-l2-1-0.dll api-ms-win-core-localization-l1-2-0.dll api-ms-win-core-synch-l1-2-0.dll api-ms-win-core-processthreads-l1-1-1.dll api-ms-win-core-file-l1-2-0.dll api-ms-win-crt-string-l1-1-0.dll api-ms-win-crt-heap-l1-1-0.dll api-ms-win-crt-stdio-l1-1-0.dll api-ms-win-crt-convert-l1-1-0.dll msvcp140.dll api-ms-win-crt-math-l1-1-0.dll api-ms-win-crt-time-l1-1-0.dll api-ms-win-crt-filesystem-l1-1-0.dll api-ms-win-crt-environment-l1-1-0.dll api-ms-win-crt-utility-l1-1-0.dll msi.dll cfgmgr32.dll devobj.dll cscdll.dll cscapi.dll srvcli.dll ntshrui.dll imageres.dll imageres.dll imageres.dll imageres.dll imageres.dll imageres.dll imageres.dll ntmarta.dll Wldap32.dll xmllite.dll RpcRtRemote.dll SearchFolder.dll profapi.dll msls31.dll UIAutomationCore.dll psapi.dll secur32.dll thumbcache.dll api-ms-win-downlevel-shlwapi-l1-1-0.dll api-ms-win-downlevel-shell32-l1-1-0.dll api-ms-win-downlevel-version-l1-1-0.dll api-ms-win-downlevel-normaliz-l1-1-0.dllnormaliz.dll iertutil.dll api-ms-win-downlevel-shlwapi-l2-1-0.dll samcli.dll imageres.dll imageres.dll imageres.dll imageres.dll imageres.dll samlib.dll imageres.dll imageres.dll mpr.dll drprov.dll winsta.dll ntlanman.dll davclnt.dll davhlpr.dll imageres.dll imageres.dll imageres.dll imageres.dll imageres.dll imageres.dll msasn1.dll imageres.dll imageres.dll PortableDeviceApi.dll EhStorAPI.dll urlmon.dll api-ms-win-downlevel-ole32-l1-1-0.dll userenv.dll ntdll.dll wow64.dll wow64cpu.dll kernel32.dll user32.dll kernel32.dll KernelBase.dll winbrand.dll user32.dll gdi32.dll usp10.dll rpcrt4.dll sspicli.dll cryptbase.dll imm32.dll apphelp.dll KernelBase.dll advapi32.dll msvcrt.dll sechost.dll rpcrt4.dll mscoree.dll ole32.dll user32.dll lpk.dll usp10.dll oleaut32.dll imm32.dll msctf.dll cryptbase.dll RpcRtRemote.dll msvcr80.dll shlwapi.dll profapi.dll mscorjit.dll mscorlib.dll mscorlib.dll version.dll mscorsec.dll wintrust.dll crypt32.dll imagehlp.dll ncrypt.dll bcryptprimitives.dll userenv.dll gpapi.dll cryptnet.dll Wldap32.dll SensApi.dll System.AddIn.ni.dll Microsoft.VisualStudio.Tools.Office.Excel.HostAdapter.v10.0.dll Microsoft.VisualStudio.Tools.Office.Excel.HostAdapter.v10.0.ni.dll Microsoft.VisualStudio.Tools.Office.Excel.HostAdapter.v10.0.ni.dll Microsoft.VisualStudio.Tools.Office.Excel.HostAdapter.v10.0.ni.dll kernel32.dll advapi32.dll msvcrt.dll ole32.dll oleaut32.dll imm32.dll msctf.dll cryptbase.dll cryptsp.dll sxs.dll mscoreei.dll mscorwks.dll shlwapi.dll shell32.dll mscorlib.ni.dll mscorjit.dll mscorlib.dll mscorlib.dll mscorlib.dll System.ni.dll Microsoft.MediaCenter.UI.ni.dll Microsoft.MediaCenter.Interop.dll Microsoft.MediaCenter.Interop.dll propsys.dll GdiPlus.dll System.Xml.ni.dll System.Web.ni.dll System.Web.dll System.Web.dll System.Web.dll System.Web.dll System.Web.Services.ni.dll System.Configuration.ni.dll System.Security.ni.dll System.Data.ni.dll System.Data.dll System.Data.dll System.Data.dll System.Data.dll ws2_32.dll msasn1.dll System.DirectoryServices.Protocols.ni.dll System.EnterpriseServices.ni.dll System.EnterpriseServices.dll System.Design.ni.dll System.ServiceProcess.ni.dll System.Windows.Forms.ni.dll Microsoft.VisualC.ni.dll System.Transactions.ni.dll System.Transactions.dll System.Transactions.dll System.Runtime.Remoting.ni.dll System.Runtime.Serialization.Formatters.Soap.ni.dll System.Data.OracleClient.dll Accessibility.ni.dll mcstore.ni.dll BDATunePIA.ni.dll BDATunePIA.dll ehiVidCtl.ni.dll mcstoredb.ni.dll mcstoredb.dll mcstoredb.dll mcstoredb.dll rasapi32.dll stdole.ni.dll mscorsec.dll comctl32.dll ncrypt.dll bcryptprimitives.dll gpapi.dll cryptnet.dll Wldap32.dll SensApi.dll,normal
 ntdll.dll KernelBase.dll gdi32.dll lpk.dll msvcrt.dll imm32.dll rpcrt4.dll oleaut32.dll,normal
 ntdll.dll user32.dll lpk.dll usp10.dll msvcrt.dll imm32.dll msctf.dll ole32.dll rpcrt4.dll clbcatq.dll advapi32.dll wow64.dll wow64win.dll wow64cpu.dll kernel32.dll user32.dll kernel32.dll msvcrt.dll winbrand.dll user32.dll lpk.dll usp10.dll advapi32.dll rpcrt4.dll sspicli.dll apphelp.dll,normal
 ntdll.dll wow64win.dll wow64cpu.dll kernel32.dll kernel32.dll user32.dll kernel32.dll kernelbase.dll msvcrt.dll gdi32.dll usp10.dll rpcrt4.dll imm32.dll msctf.dll apphelp.dll,normal
 kernel32.dll KernelBase.dll msvcrt.dll ole32.dll gdi32.dll lpk.dll msctf.dll cryptbase.dll sechost.dll oleaut32.dll RpcRtRemote.dll uxtheme.dll shlwapi.dll userenv.dll shacct.dll IDStore.dll ntdll.dll KernelBase.dll advapi32.dll msvcrt.dll rpcrt4.dll gdi32.dll user32.dll usp10.dll winmm.dll dwmapi.dll ole32.dll oleaut32.dll shlwapi.dll duser.dll uxtheme.dll,normal
 ntdll.dll kernel32.dll msvcrt.dll sechost.dll rpcrt4.dll gdi32.dll user32.dll usp10.dll msswch.dll winmm.dll oleacc.dll oleaut32.dll shlwapi.dll wmsgapi.dll uxtheme.dll msctf.dll dui70.dll xmllite.dll cryptsp.dll rsaenh.dll cfgmgr32.dll WindowsCodecs.dll MMDevAPI.dll shell32.dll ntdll.dll,normal
 avrt.dll mmcss.dll,normal
 ntdll.dll kernel32.dll msvcrt.dll sechost.dll cmdext.dll,normal
 wow64win.dll kernel32.dll kernel32.dll user32.dll msvcrt.dll winbrand.dll user32.dll gdi32.dll lpk.dll advapi32.dll sechost.dll sspicli.dll cryptbase.dll imm32.dll apphelp.dll,normal
